>CTYWAAAGTCAA	15-CTYWAAAGTCAA	13.130399	-0.572503	0	T:10.0(0.05%),B:28.4(0.05%),P:1e0
0.033	0.621	0.025	0.321
0.019	0.062	0.018	0.901
0.023	0.432	0.018	0.527
0.481	0.055	0.018	0.446
0.915	0.021	0.013	0.051
0.839	0.080	0.019	0.062
0.896	0.022	0.049	0.033
0.030	0.017	0.573	0.380
0.033	0.044	0.040	0.883
0.041	0.919	0.005	0.035
0.943	0.001	0.013	0.043
0.924	0.038	0.013	0.025
