>AGTCAAACTCAA	17-AGTCAAACTCAA	12.501355	-0.348224	0	T:1.0(0.01%),B:3.6(0.01%),P:1e0
0.818	0.063	0.118	0.001
0.184	0.044	0.550	0.222
0.012	0.072	0.001	0.915
0.061	0.548	0.175	0.216
0.900	0.043	0.056	0.001
0.883	0.063	0.001	0.053
0.722	0.067	0.135	0.076
0.001	0.660	0.262	0.077
0.164	0.175	0.046	0.615
0.170	0.591	0.073	0.166
0.753	0.091	0.037	0.119
0.685	0.079	0.056	0.180
