>HGACTTAGTCAN	8-NTGACTAAGTCD	9.735805	-2.666659	0	T:2.0(0.01%),B:0.9(0.00%),P:1e-1
0.256	0.221	0.182	0.340
0.128	0.132	0.587	0.153
0.663	0.094	0.096	0.147
0.139	0.616	0.112	0.133
0.120	0.112	0.104	0.664
0.142	0.120	0.115	0.623
0.625	0.117	0.117	0.141
0.140	0.112	0.628	0.120
0.132	0.101	0.087	0.680
0.133	0.608	0.125	0.134
0.651	0.098	0.115	0.136
0.283	0.210	0.192	0.316
