>AGTCAAACAAAW	16-AGTCAAACAAAW	12.423124	-0.350368	0	T:9.0(0.05%),B:29.2(0.05%),P:1e0
0.708	0.052	0.097	0.143
0.001	0.177	0.821	0.001
0.049	0.091	0.001	0.859
0.001	0.956	0.038	0.005
0.938	0.012	0.001	0.049
0.959	0.025	0.015	0.001
0.628	0.335	0.005	0.032
0.181	0.459	0.204	0.157
0.647	0.206	0.076	0.071
0.695	0.114	0.005	0.186
0.924	0.024	0.010	0.042
0.383	0.223	0.105	0.288
