>NNGTTGACTTNN	20-NNGTTGACTTNN	10.576880	-0.131686	0	T:5.0(0.03%),B:22.7(0.04%),P:1e0
0.278	0.203	0.222	0.298
0.278	0.218	0.198	0.306
0.080	0.077	0.722	0.121
0.001	0.043	0.001	0.955
0.001	0.001	0.044	0.954
0.001	0.054	0.869	0.076
0.937	0.001	0.001	0.061
0.086	0.784	0.052	0.078
0.057	0.050	0.001	0.892
0.075	0.079	0.064	0.782
0.275	0.205	0.215	0.306
0.286	0.192	0.221	0.301
