>TCACTCTCACTC	11-TCACTCTCACTC	11.490866	-1.040019	0	T:26.0(0.14%),B:65.7(0.12%),P:1e0
0.089	0.076	0.028	0.807
0.088	0.727	0.082	0.103
0.708	0.054	0.039	0.199
0.122	0.715	0.060	0.103
0.108	0.049	0.013	0.830
0.082	0.714	0.069	0.135
0.101	0.053	0.011	0.835
0.075	0.743	0.074	0.108
0.717	0.067	0.037	0.179
0.101	0.741	0.075	0.083
0.130	0.055	0.048	0.767
0.102	0.693	0.061	0.144
