>GTGTCGATCGAC	2-GTCGATCGACAC	9.839833	-16.075073	0	T:22.0(0.11%),B:8.9(0.02%),P:1e-6
0.227	0.145	0.587	0.041
0.035	0.010	0.010	0.945
0.173	0.034	0.565	0.228
0.243	0.030	0.020	0.707
0.010	0.609	0.020	0.361
0.338	0.035	0.596	0.031
0.582	0.020	0.142	0.256
0.054	0.243	0.046	0.657
0.058	0.590	0.025	0.327
0.357	0.019	0.609	0.015
0.642	0.020	0.152	0.186
0.266	0.558	0.015	0.161
