>TTTAAGAGAGAG	10-TTTAAGAGAGAG	14.415812	-1.761294	0	T:2.0(0.01%),B:1.8(0.00%),P:1e0
0.064	0.057	0.033	0.846
0.060	0.049	0.072	0.819
0.122	0.067	0.091	0.720
0.701	0.063	0.121	0.115
0.892	0.017	0.039	0.052
0.076	0.051	0.792	0.081
0.900	0.011	0.023	0.066
0.060	0.076	0.843	0.021
0.932	0.001	0.019	0.048
0.106	0.019	0.864	0.011
0.835	0.029	0.048	0.088
0.070	0.023	0.862	0.045
