>ATCTATCTATCT	10-ATCTATCTATCT,BestGuess:HNRNPAB(RRM)/Tetraodon_nigroviridis-RNCMPT00245-PBM/HughesRNA(0.765)	10.992047	-0.000000	0	T:150.0(0.80%),B:2306.0(2.79%),P:1e0
0.736	0.108	0.092	0.064
0.091	0.106	0.119	0.684
0.092	0.785	0.060	0.063
0.075	0.064	0.050	0.811
0.733	0.100	0.106	0.061
0.068	0.085	0.098	0.749
0.065	0.803	0.049	0.083
0.086	0.068	0.035	0.811
0.719	0.106	0.097	0.078
0.085	0.087	0.100	0.728
0.092	0.742	0.075	0.091
0.115	0.131	0.053	0.701
