>AGAAACGCCCGC	6-AGAAACGCCCGC	15.545183	-3.676885	0	T:1.0(0.26%),B:3.1(0.01%),P:1e-1
0.895	0.047	0.035	0.023
0.014	0.095	0.879	0.012
0.942	0.023	0.017	0.018
0.881	0.087	0.020	0.012
0.943	0.028	0.016	0.013
0.018	0.954	0.015	0.013
0.082	0.024	0.877	0.017
0.014	0.959	0.019	0.008
0.073	0.890	0.020	0.017
0.012	0.961	0.017	0.010
0.089	0.019	0.879	0.013
0.026	0.905	0.042	0.027
