>CGCGYYCGCGCV	17-CGCGYYCGCGCV	8.884716	-0.059288	0	T:2.0(0.51%),B:709.3(1.17%),P:1e0
0.074	0.463	0.279	0.184
0.173	0.169	0.550	0.108
0.030	0.661	0.200	0.109
0.094	0.151	0.552	0.203
0.170	0.292	0.137	0.401
0.121	0.399	0.140	0.340
0.016	0.847	0.136	0.001
0.001	0.186	0.812	0.001
0.090	0.756	0.077	0.077
0.074	0.001	0.924	0.001
0.185	0.552	0.262	0.001
0.250	0.230	0.368	0.152
