>NACCCAGAGCCG	9-CGGCTCTGGGTN	9.491768	-2.903319	0	T:2.0(0.51%),B:57.6(0.09%),P:1e-1
0.207	0.283	0.297	0.214
0.564	0.120	0.191	0.125
0.109	0.635	0.083	0.173
0.142	0.634	0.147	0.077
0.109	0.700	0.105	0.086
0.574	0.141	0.230	0.055
0.122	0.144	0.617	0.117
0.637	0.214	0.072	0.077
0.131	0.205	0.544	0.120
0.106	0.596	0.234	0.064
0.049	0.787	0.119	0.045
0.223	0.258	0.417	0.101
