>MGSGGCGGCRGC	19-MGSGGCGGCRGC	8.649681	-0.000372	0	T:3.0(0.77%),B:1908.9(3.14%),P:1e0
0.453	0.395	0.151	0.001
0.304	0.151	0.494	0.051
0.051	0.451	0.447	0.051
0.352	0.052	0.595	0.001
0.001	0.151	0.551	0.297
0.001	0.646	0.100	0.253
0.198	0.252	0.500	0.050
0.050	0.146	0.803	0.001
0.302	0.603	0.050	0.045
0.404	0.148	0.347	0.100
0.151	0.100	0.501	0.248
0.001	0.645	0.353	0.001
