>CGGSTSCGGGVA	13-CGGSTSCGGGVA	8.746637	-0.384224	0	T:2.0(0.51%),B:365.4(0.60%),P:1e0
0.186	0.674	0.054	0.086
0.116	0.242	0.585	0.057
0.301	0.140	0.473	0.086
0.169	0.307	0.409	0.115
0.224	0.075	0.025	0.676
0.001	0.431	0.486	0.083
0.057	0.674	0.055	0.214
0.001	0.273	0.646	0.080
0.083	0.112	0.635	0.170
0.160	0.143	0.588	0.109
0.300	0.262	0.410	0.029
0.578	0.066	0.299	0.057
