>GAGGGCGCCGCG	8-CGCGGCGCCCTC	11.732474	-3.277777	0	T:1.0(0.26%),B:5.3(0.01%),P:1e-1
0.095	0.161	0.675	0.069
0.533	0.188	0.190	0.089
0.085	0.118	0.716	0.081
0.111	0.122	0.699	0.068
0.076	0.170	0.691	0.063
0.098	0.661	0.171	0.070
0.082	0.138	0.661	0.119
0.047	0.721	0.151	0.081
0.111	0.600	0.170	0.119
0.063	0.130	0.730	0.077
0.112	0.624	0.175	0.089
0.075	0.143	0.693	0.089
