>AGAGAGAGAGAG	3-AGAGAGAGAGAG,BestGuess:SeqBias: GA-repeat(0.935)	4.342571	-5970.798073	0	T:19048.0(89.79%),B:26130.7(49.23%),P:1e-2593
0.672	0.042	0.176	0.110
0.253	0.054	0.600	0.093
0.831	0.001	0.113	0.055
0.294	0.005	0.689	0.012
0.916	0.001	0.037	0.046
0.182	0.010	0.803	0.005
0.907	0.001	0.017	0.075
0.147	0.045	0.800	0.008
0.905	0.001	0.034	0.060
0.230	0.033	0.683	0.054
0.747	0.001	0.158	0.094
0.298	0.069	0.490	0.143
