>CTTATCTG	1-CTTATCTG	3.464647	-20.489432	0	T:11273.0(52.31%),B:41304.8(50.03%),P:1e-8	Tpos:25.1,Tstd:12.4,Bpos:14939.0,Bstd:18485.9,StrandBias:0.0,Multiplicity:1.23
0.020	0.884	0.046	0.050
0.007	0.012	0.001	0.980
0.008	0.001	0.001	0.990
0.997	0.001	0.001	0.001
0.001	0.001	0.001	0.997
0.001	0.997	0.001	0.001
0.161	0.001	0.007	0.831
0.116	0.205	0.499	0.179
>WRWMAGAT	2-WRWMAGAT	5.787236	-0.000000	0	T:4850.0(22.50%),B:46360.6(56.15%),P:1e0	Tpos:24.6,Tstd:13.4,Bpos:15021.7,Bstd:18344.8,StrandBias:0.0,Multiplicity:1.05
0.302	0.057	0.192	0.450
0.450	0.142	0.303	0.105
0.427	0.049	0.156	0.368
0.387	0.370	0.125	0.117
0.934	0.001	0.001	0.064
0.025	0.044	0.895	0.036
0.984	0.001	0.014	0.001
0.046	0.025	0.030	0.899
>TAKATKAT	3-TAKATKAT	4.490238	-0.000000	0	T:2223.0(10.32%),B:37322.1(45.20%),P:1e0	Tpos:25.2,Tstd:13.6,Bpos:14669.3,Bstd:18831.9,StrandBias:0.1,Multiplicity:1.05
0.150	0.187	0.184	0.478
0.683	0.006	0.037	0.274
0.189	0.063	0.324	0.424
0.439	0.282	0.107	0.173
0.353	0.013	0.017	0.617
0.208	0.094	0.307	0.392
0.560	0.184	0.067	0.189
0.192	0.125	0.157	0.526
>HTBTTTWW	4-HTBTTTWW	3.926556	-0.000000	0	T:3861.0(17.92%),B:49839.5(60.36%),P:1e0	Tpos:24.6,Tstd:13.7,Bpos:14934.8,Bstd:18382.6,StrandBias:0.1,Multiplicity:1.01
0.318	0.216	0.127	0.339
0.240	0.020	0.159	0.581
0.171	0.222	0.241	0.367
0.151	0.151	0.109	0.589
0.075	0.180	0.168	0.577
0.184	0.139	0.153	0.524
0.336	0.111	0.111	0.442
0.353	0.098	0.100	0.448
>WWAAAADW	5-WWAAAADW	3.081892	-0.000000	0	T:10123.0(46.97%),B:67515.2(81.77%),P:1e0	Tpos:24.9,Tstd:13.9,Bpos:15153.2,Bstd:18442.8,StrandBias:-0.1,Multiplicity:1.06
0.388	0.157	0.166	0.289
0.362	0.148	0.210	0.280
0.479	0.001	0.260	0.261
0.449	0.213	0.271	0.067
0.523	0.244	0.195	0.038
0.601	0.001	0.001	0.397
0.341	0.116	0.268	0.274
0.403	0.120	0.169	0.308
>AAWWMARA	6-AAWWMARA	3.562559	-0.000000	0	T:7623.0(35.37%),B:60747.4(73.58%),P:1e0	Tpos:25.7,Tstd:13.9,Bpos:15250.0,Bstd:18362.0,StrandBias:0.1,Multiplicity:1.05
0.438	0.143	0.151	0.267
0.400	0.156	0.197	0.248
0.394	0.129	0.224	0.253
0.363	0.159	0.209	0.269
0.373	0.231	0.200	0.196
0.694	0.001	0.001	0.304
0.386	0.161	0.290	0.163
0.802	0.001	0.001	0.196
>HWRAGAAA	7-HWRAGAAA	6.728529	-0.000000	0	T:2400.0(11.14%),B:45212.8(54.76%),P:1e0	Tpos:25.2,Tstd:13.6,Bpos:15532.4,Bstd:18131.7,StrandBias:0.0,Multiplicity:1.04
0.402	0.270	0.001	0.327
0.388	0.001	0.222	0.389
0.386	0.235	0.254	0.125
0.997	0.001	0.001	0.001
0.001	0.001	0.781	0.217
0.997	0.001	0.001	0.001
0.727	0.271	0.001	0.001
0.997	0.001	0.001	0.001
>ATCTATCT	8-ATCTATCT	4.345134	-0.000000	0	T:11252.0(52.21%),B:68869.5(83.41%),P:1e0	Tpos:24.9,Tstd:13.3,Bpos:15237.0,Bstd:18391.7,StrandBias:-0.0,Multiplicity:1.21
0.700	0.100	0.100	0.100
0.100	0.100	0.100	0.700
0.100	0.700	0.100	0.100
0.100	0.100	0.100	0.700
0.700	0.100	0.100	0.100
0.100	0.100	0.100	0.700
0.100	0.700	0.100	0.100
0.100	0.100	0.100	0.700
>WTNWBAAA	9-WTNWBAAA	3.385645	-0.000000	0	T:3709.0(17.21%),B:48647.3(58.92%),P:1e0	Tpos:24.6,Tstd:13.6,Bpos:14951.9,Bstd:18256.8,StrandBias:-0.0,Multiplicity:1.03
0.308	0.207	0.118	0.366
0.275	0.113	0.135	0.478
0.256	0.272	0.170	0.302
0.378	0.062	0.068	0.492
0.196	0.222	0.354	0.228
0.532	0.162	0.094	0.212
0.493	0.113	0.198	0.196
0.445	0.121	0.183	0.252
>WAANMANW	10-WAANMANW	3.050795	-0.000000	0	T:7346.0(34.09%),B:61238.4(74.17%),P:1e0	Tpos:24.8,Tstd:13.6,Bpos:15236.3,Bstd:18281.0,StrandBias:0.1,Multiplicity:1.04
0.348	0.163	0.115	0.373
0.545	0.117	0.106	0.232
0.462	0.120	0.162	0.256
0.323	0.240	0.211	0.226
0.353	0.375	0.083	0.189
0.607	0.055	0.068	0.270
0.293	0.255	0.277	0.175
0.379	0.200	0.139	0.282
>AAAWWAAW	11-AAAWWAAW	4.226080	-0.000000	0	T:3167.0(14.70%),B:47488.5(57.52%),P:1e0	Tpos:25.3,Tstd:13.8,Bpos:15128.0,Bstd:18280.8,StrandBias:-0.2,Multiplicity:1.02
0.543	0.003	0.117	0.337
0.421	0.129	0.235	0.214
0.556	0.141	0.066	0.237
0.419	0.105	0.165	0.312
0.404	0.117	0.164	0.315
0.506	0.213	0.089	0.192
0.674	0.001	0.001	0.324
0.450	0.043	0.199	0.308
>WWATBAWW	12-WWATBAWW	4.888632	-0.000000	0	T:223.0(1.03%),B:25216.4(30.54%),P:1e0	Tpos:24.0,Tstd:13.3,Bpos:14410.7,Bstd:18674.0,StrandBias:-0.3,Multiplicity:1.00
0.493	0.100	0.020	0.387
0.383	0.091	0.092	0.433
0.529	0.158	0.069	0.244
0.315	0.032	0.040	0.613
0.173	0.241	0.247	0.340
0.569	0.261	0.001	0.169
0.441	0.121	0.126	0.313
0.437	0.098	0.147	0.318
>TTTTTTTT	13-TTTTTTTT	3.703129	-0.000000	0	T:7046.0(32.69%),B:61000.9(73.88%),P:1e0	Tpos:25.0,Tstd:13.8,Bpos:15266.2,Bstd:18127.5,StrandBias:0.0,Multiplicity:1.07
0.245	0.166	0.090	0.498
0.219	0.154	0.121	0.506
0.220	0.182	0.138	0.460
0.178	0.153	0.122	0.547
0.095	0.187	0.140	0.578
0.214	0.153	0.001	0.632
0.271	0.136	0.043	0.550
0.274	0.124	0.026	0.576
>THTTTTTW	14-THTTTTTW	4.813694	-0.000000	0	T:673.0(3.12%),B:32197.3(39.00%),P:1e0	Tpos:25.0,Tstd:13.7,Bpos:14431.4,Bstd:16312.8,StrandBias:-0.1,Multiplicity:1.02
0.260	0.192	0.001	0.547
0.278	0.345	0.001	0.376
0.286	0.001	0.001	0.712
0.186	0.218	0.201	0.395
0.277	0.232	0.001	0.490
0.273	0.247	0.001	0.479
0.291	0.232	0.001	0.476
0.317	0.228	0.001	0.454
>TWTYTTAT	15-TWTYTTAT	6.175459	-0.000000	0	T:3657.0(16.97%),B:43013.3(52.10%),P:1e0	Tpos:24.4,Tstd:13.9,Bpos:15068.5,Bstd:18529.1,StrandBias:-0.0,Multiplicity:1.04
0.244	0.195	0.001	0.560
0.506	0.001	0.001	0.492
0.177	0.034	0.216	0.573
0.182	0.445	0.022	0.352
0.383	0.001	0.001	0.615
0.001	0.001	0.110	0.888
0.997	0.001	0.001	0.001
0.001	0.001	0.001	0.997
>TATCTKYN	16-TATCTKYN	5.591360	-0.000000	0	T:10810.0(50.16%),B:47419.3(57.43%),P:1e0	Tpos:25.5,Tstd:14.2,Bpos:15245.4,Bstd:18907.3,StrandBias:-0.0,Multiplicity:1.17
0.001	0.001	0.001	0.997
0.997	0.001	0.001	0.001
0.001	0.001	0.001	0.997
0.001	0.997	0.001	0.001
0.214	0.001	0.001	0.784
0.133	0.192	0.359	0.316
0.182	0.242	0.187	0.389
0.208	0.263	0.253	0.275
>WAACTGTT	17-WAACTGTT	4.728477	-0.000000	0	T:1417.0(6.58%),B:35210.6(42.65%),P:1e0	Tpos:25.3,Tstd:13.2,Bpos:14611.3,Bstd:18017.0,StrandBias:-0.2,Multiplicity:1.02
0.373	0.109	0.054	0.464
0.458	0.097	0.199	0.245
0.528	0.104	0.164	0.204
0.224	0.388	0.207	0.181
0.224	0.049	0.042	0.685
0.117	0.223	0.436	0.224
0.171	0.147	0.074	0.608
0.109	0.085	0.103	0.703
>TCTCWTAT	18-TCTCWTAT	5.636824	-0.000000	0	T:1979.0(9.18%),B:38596.0(46.75%),P:1e0	Tpos:25.5,Tstd:13.4,Bpos:15363.2,Bstd:18364.9,StrandBias:-0.1,Multiplicity:1.03
0.001	0.002	0.001	0.996
0.157	0.642	0.063	0.138
0.068	0.001	0.001	0.930
0.148	0.393	0.236	0.223
0.443	0.108	0.001	0.448
0.075	0.210	0.264	0.451
0.536	0.259	0.001	0.204
0.235	0.076	0.174	0.515
>DAAADVAD	19-DAAADVAD	3.362952	-0.000000	0	T:6523.0(30.27%),B:61914.8(74.99%),P:1e0	Tpos:24.5,Tstd:13.7,Bpos:15408.6,Bstd:18206.2,StrandBias:-0.1,Multiplicity:1.03
0.351	0.171	0.212	0.266
0.582	0.106	0.122	0.190
0.523	0.185	0.160	0.132
0.586	0.014	0.192	0.208
0.264	0.140	0.369	0.226
0.221	0.360	0.212	0.207
0.590	0.172	0.019	0.219
0.338	0.152	0.193	0.317
>TTKNMWGW	20-TTKNMWGW	3.706977	-0.000000	0	T:4206.0(19.52%),B:52590.6(63.70%),P:1e0	Tpos:24.7,Tstd:13.7,Bpos:15360.2,Bstd:18038.3,StrandBias:-0.0,Multiplicity:1.04
0.295	0.188	0.053	0.464
0.274	0.033	0.113	0.580
0.140	0.118	0.320	0.422
0.245	0.216	0.234	0.305
0.271	0.375	0.196	0.157
0.518	0.001	0.022	0.459
0.040	0.267	0.470	0.223
0.447	0.100	0.070	0.384
>WBWBTNWN	21-WBWBTNWN	3.214449	-0.000000	0	T:4186.0(19.42%),B:51382.2(62.23%),P:1e0	Tpos:25.4,Tstd:13.3,Bpos:15380.7,Bstd:18349.6,StrandBias:-0.0,Multiplicity:1.05
0.401	0.107	0.102	0.390
0.145	0.349	0.248	0.258
0.428	0.001	0.001	0.570
0.024	0.345	0.386	0.245
0.360	0.049	0.076	0.515
0.179	0.265	0.304	0.253
0.286	0.217	0.087	0.410
0.286	0.176	0.221	0.316
>AAVNTTNW	22-AAVNTTNW	4.910924	-0.000000	0	T:1263.0(5.86%),B:36252.6(43.91%),P:1e0	Tpos:24.4,Tstd:12.9,Bpos:15126.0,Bstd:18123.4,StrandBias:0.0,Multiplicity:1.00
0.589	0.001	0.001	0.409
0.596	0.001	0.001	0.402
0.256	0.277	0.321	0.146
0.216	0.206	0.294	0.284
0.038	0.002	0.001	0.959
0.405	0.001	0.001	0.593
0.250	0.285	0.281	0.184
0.426	0.001	0.001	0.572
>THMWTATC	23-THMWTATC	7.201527	-0.000000	0	T:349.0(1.62%),B:12659.3(15.33%),P:1e0	Tpos:27.9,Tstd:13.8,Bpos:14830.5,Bstd:18688.6,StrandBias:0.0,Multiplicity:1.00
0.242	0.175	0.140	0.443
0.229	0.311	0.139	0.321
0.409	0.278	0.142	0.171
0.272	0.195	0.161	0.371
0.001	0.001	0.010	0.988
0.997	0.001	0.001	0.001
0.001	0.001	0.001	0.997
0.001	0.997	0.001	0.001
>THTTTTTT	24-THTTTTTT	3.771257	-0.000000	0	T:5892.0(27.34%),B:56757.0(68.74%),P:1e0	Tpos:25.6,Tstd:13.9,Bpos:15182.9,Bstd:18052.8,StrandBias:-0.0,Multiplicity:1.07
0.188	0.103	0.074	0.635
0.222	0.314	0.135	0.330
0.206	0.088	0.007	0.699
0.220	0.216	0.161	0.403
0.242	0.146	0.064	0.548
0.197	0.221	0.142	0.440
0.302	0.156	0.081	0.462
0.233	0.186	0.161	0.420
>ATAGATAA	25-ATAGATAA	9.048278	-0.000000	0	T:422.0(1.96%),B:8778.3(10.63%),P:1e0	Tpos:28.1,Tstd:21.8,Bpos:3.0,Bstd:0.0,StrandBias:0.4,Multiplicity:1.00
0.565	0.105	0.087	0.243
0.152	0.203	0.138	0.507
0.713	0.001	0.001	0.285
0.001	0.001	0.997	0.001
0.997	0.001	0.001	0.001
0.001	0.001	0.001	0.997
0.997	0.001	0.001	0.001
0.643	0.001	0.355	0.001
