>NNBCTTATCT	1-NNBCTTATCT	5.259148	-0.000002	0	T:10108.0(46.90%),B:40194.7(48.68%),P:1e0	Tpos:25.0,Tstd:12.0,Bpos:14967.5,Bstd:18519.8,StrandBias:0.0,Multiplicity:1.19
0.250	0.227	0.273	0.250
0.262	0.205	0.253	0.280
0.089	0.319	0.264	0.329
0.082	0.436	0.210	0.273
0.040	0.038	0.001	0.921
0.067	0.024	0.015	0.894
0.934	0.031	0.002	0.033
0.002	0.016	0.001	0.981
0.001	0.997	0.001	0.001
0.370	0.052	0.015	0.563
>CTTATCTSTH	2-CTTATCTSTH	9.151312	-0.000000	0	T:250.0(1.16%),B:2568.1(3.11%),P:1e0	Tpos:19.5,Tstd:18.4,Bpos:1835.6,Bstd:2007.8,StrandBias:0.8,Multiplicity:1.00
0.171	0.457	0.193	0.179
0.032	0.370	0.001	0.597
0.001	0.001	0.001	0.997
0.997	0.001	0.001	0.001
0.001	0.001	0.001	0.997
0.001	0.997	0.001	0.001
0.119	0.001	0.001	0.879
0.158	0.366	0.279	0.197
0.237	0.248	0.102	0.413
0.251	0.259	0.164	0.326
>TATCTDGDNN	3-TATCTDGDNN	6.369631	-0.000000	0	T:5949.0(27.60%),B:39559.3(47.91%),P:1e0	Tpos:25.0,Tstd:13.6,Bpos:14976.0,Bstd:18629.7,StrandBias:0.1,Multiplicity:1.07
0.001	0.001	0.001	0.997
0.997	0.001	0.001	0.001
0.001	0.001	0.001	0.997
0.001	0.997	0.001	0.001
0.054	0.001	0.001	0.944
0.272	0.108	0.238	0.382
0.218	0.169	0.428	0.184
0.356	0.144	0.257	0.243
0.208	0.199	0.348	0.244
0.255	0.232	0.249	0.264
>TTTTTTTTTT	4-TTTTTTTTTT	5.259477	-0.000000	0	T:3031.0(14.06%),B:47722.0(57.80%),P:1e0	Tpos:25.0,Tstd:13.2,Bpos:15474.0,Bstd:18059.6,StrandBias:-0.0,Multiplicity:1.05
0.155	0.160	0.062	0.623
0.125	0.206	0.109	0.560
0.160	0.128	0.098	0.614
0.121	0.129	0.093	0.657
0.088	0.111	0.045	0.756
0.039	0.177	0.036	0.748
0.070	0.140	0.029	0.761
0.122	0.142	0.105	0.631
0.218	0.112	0.094	0.576
0.165	0.101	0.097	0.637
>NHNCHTGATA	5-NHNCHTGATA	4.789920	-0.000000	0	T:1560.0(7.24%),B:32280.4(39.10%),P:1e0	Tpos:24.9,Tstd:13.4,Bpos:15147.3,Bstd:18205.2,StrandBias:0.0,Multiplicity:1.02
0.237	0.336	0.209	0.218
0.341	0.223	0.161	0.275
0.313	0.228	0.218	0.242
0.001	0.997	0.001	0.001
0.341	0.299	0.019	0.341
0.001	0.001	0.001	0.997
0.001	0.001	0.980	0.018
0.997	0.001	0.001	0.001
0.001	0.001	0.018	0.980
0.971	0.027	0.001	0.001
>WAAWWAAAAA	6-WAAWWAAAAA	4.164303	-0.000000	0	T:6133.0(28.46%),B:57810.9(70.02%),P:1e0	Tpos:25.2,Tstd:13.4,Bpos:14961.2,Bstd:18500.7,StrandBias:0.1,Multiplicity:1.06
0.408	0.099	0.077	0.417
0.471	0.129	0.149	0.251
0.520	0.093	0.153	0.234
0.418	0.132	0.177	0.273
0.395	0.173	0.181	0.251
0.480	0.131	0.172	0.217
0.484	0.165	0.179	0.173
0.862	0.060	0.001	0.077
0.607	0.103	0.189	0.101
0.511	0.022	0.131	0.336
>AGATKWDNAW	7-AGATKWDNAW	7.455610	-0.000000	0	T:93.0(0.43%),B:9649.1(11.69%),P:1e0	Tpos:22.3,Tstd:13.4,Bpos:13774.3,Bstd:18224.4,StrandBias:1.0,Multiplicity:1.00
0.923	0.001	0.001	0.075
0.076	0.020	0.903	0.001
0.997	0.001	0.001	0.001
0.008	0.001	0.001	0.990
0.017	0.011	0.535	0.437
0.393	0.157	0.204	0.246
0.276	0.149	0.220	0.356
0.226	0.215	0.280	0.279
0.384	0.169	0.215	0.232
0.274	0.125	0.204	0.398
>TCTKWWWWWN	8-TCTKWWWWWN	5.831874	-0.000000	0	T:1193.0(5.54%),B:36121.1(43.75%),P:1e0	Tpos:25.7,Tstd:12.7,Bpos:15064.8,Bstd:18095.6,StrandBias:0.2,Multiplicity:1.02
0.001	0.001	0.001	0.997
0.001	0.997	0.001	0.001
0.259	0.001	0.001	0.739
0.157	0.200	0.377	0.265
0.318	0.250	0.001	0.431
0.388	0.199	0.136	0.277
0.401	0.106	0.135	0.358
0.319	0.141	0.178	0.362
0.416	0.111	0.111	0.363
0.285	0.182	0.220	0.314
>NNNNDNWGAT	9-NNNNDNWGAT	5.716094	-0.000000	0	T:668.0(3.10%),B:22670.4(27.46%),P:1e0	Tpos:23.9,Tstd:12.8,Bpos:15406.7,Bstd:18217.5,StrandBias:-0.2,Multiplicity:1.03
0.241	0.255	0.251	0.254
0.277	0.226	0.251	0.246
0.225	0.249	0.306	0.220
0.340	0.199	0.210	0.251
0.342	0.001	0.303	0.354
0.229	0.249	0.271	0.252
0.488	0.001	0.001	0.510
0.001	0.001	0.997	0.001
0.997	0.001	0.001	0.001
0.001	0.001	0.001	0.997
>WDMAGATKAD	10-WDMAGATKAD	6.926950	-0.000000	0	T:219.0(1.02%),B:15013.7(18.18%),P:1e0	Tpos:23.4,Tstd:11.8,Bpos:14437.2,Bstd:18346.1,StrandBias:0.0,Multiplicity:1.00
0.367	0.145	0.213	0.275
0.324	0.141	0.196	0.338
0.271	0.375	0.220	0.134
0.654	0.001	0.001	0.344
0.092	0.002	0.905	0.001
0.997	0.001	0.001	0.001
0.021	0.001	0.001	0.977
0.001	0.224	0.366	0.409
0.474	0.059	0.164	0.303
0.219	0.182	0.258	0.341
>NNDDCTGATA	11-NNDDCTGATA	2.147236	-0.000000	0	T:11685.0(54.22%),B:50758.7(61.48%),P:1e0	Tpos:25.6,Tstd:13.9,Bpos:15691.4,Bstd:19449.1,StrandBias:-0.1,Multiplicity:1.08
0.253	0.199	0.287	0.261
0.219	0.191	0.302	0.288
0.310	0.087	0.339	0.264
0.312	0.001	0.397	0.290
0.229	0.435	0.116	0.220
0.196	0.001	0.001	0.802
0.001	0.001	0.997	0.001
0.997	0.001	0.001	0.001
0.001	0.001	0.001	0.997
0.997	0.001	0.001	0.001
>NNCWGATAAN	12-NNCWGATAAN	7.588936	-0.000000	0	T:805.0(3.74%),B:7030.4(8.52%),P:1e0	Tpos:17.4,Tstd:18.4,Bpos:6751.6,Bstd:25214.3,StrandBias:-1.1,Multiplicity:1.00
0.288	0.175	0.248	0.288
0.292	0.202	0.274	0.233
0.184	0.407	0.196	0.213
0.553	0.014	0.002	0.431
0.001	0.001	0.997	0.001
0.995	0.001	0.003	0.001
0.001	0.014	0.011	0.974
0.879	0.001	0.039	0.081
0.496	0.009	0.319	0.176
0.194	0.231	0.344	0.232
>TTTTTTTTTT	13-TTTTTTTTTT	4.524669	-0.000000	0	T:4548.0(21.10%),B:53007.5(64.20%),P:1e0	Tpos:25.2,Tstd:13.2,Bpos:14932.9,Bstd:18348.1,StrandBias:0.0,Multiplicity:1.05
0.244	0.170	0.116	0.469
0.219	0.186	0.136	0.459
0.236	0.155	0.134	0.475
0.190	0.159	0.132	0.519
0.171	0.156	0.114	0.559
0.156	0.150	0.095	0.599
0.123	0.136	0.083	0.658
0.084	0.138	0.066	0.712
0.217	0.118	0.059	0.606
0.169	0.103	0.053	0.675
>WTTTTTTTTT	14-WTTTTTTTTT	4.575522	-0.000000	0	T:4839.0(22.45%),B:54081.6(65.50%),P:1e0	Tpos:25.3,Tstd:12.9,Bpos:14973.4,Bstd:18467.9,StrandBias:-0.0,Multiplicity:1.03
0.341	0.076	0.118	0.465
0.224	0.163	0.159	0.455
0.291	0.033	0.142	0.534
0.202	0.154	0.180	0.464
0.240	0.147	0.132	0.481
0.211	0.147	0.094	0.548
0.156	0.125	0.082	0.637
0.095	0.098	0.065	0.742
0.165	0.083	0.050	0.702
0.211	0.082	0.047	0.660
>AGATAGNDNN	15-AGATAGNDNN	7.617487	-0.000000	0	T:897.0(4.16%),B:20916.1(25.33%),P:1e0	Tpos:25.5,Tstd:13.3,Bpos:15190.5,Bstd:18816.2,StrandBias:0.0,Multiplicity:1.04
0.991	0.001	0.001	0.007
0.017	0.024	0.958	0.001
0.997	0.001	0.001	0.001
0.021	0.015	0.033	0.931
0.976	0.003	0.014	0.007
0.001	0.178	0.551	0.270
0.313	0.243	0.246	0.198
0.361	0.130	0.216	0.293
0.217	0.250	0.254	0.279
0.337	0.196	0.238	0.229
>NNDNDNWGAT	16-NNDNDNWGAT	5.590184	-0.000000	0	T:4263.0(19.78%),B:46061.8(55.79%),P:1e0	Tpos:24.6,Tstd:13.2,Bpos:15020.3,Bstd:18184.3,StrandBias:0.0,Multiplicity:1.04
0.295	0.190	0.214	0.302
0.290	0.172	0.225	0.313
0.287	0.166	0.214	0.334
0.241	0.161	0.292	0.306
0.362	0.070	0.249	0.318
0.300	0.252	0.279	0.169
0.562	0.001	0.001	0.436
0.001	0.001	0.997	0.001
0.997	0.001	0.001	0.001
0.001	0.001	0.001	0.997
>DNARAGATAA	17-DNARAGATAA	8.510619	-0.000000	0	T:2254.0(10.46%),B:21497.8(26.04%),P:1e0	Tpos:25.3,Tstd:19.2,Bpos:14237.9,Bstd:19046.9,StrandBias:0.0,Multiplicity:1.00
0.354	0.166	0.253	0.227
0.336	0.208	0.241	0.216
0.423	0.102	0.206	0.269
0.380	0.118	0.342	0.160
0.926	0.001	0.001	0.072
0.001	0.001	0.997	0.001
0.997	0.001	0.001	0.001
0.001	0.001	0.001	0.997
0.865	0.001	0.001	0.133
0.997	0.001	0.001	0.001
>AGATKWNDNW	18-AGATKWNDNW	7.653238	-0.000000	0	T:41.0(0.19%),B:7779.3(9.42%),P:1e0	Tpos:23.5,Tstd:13.4,Bpos:14865.2,Bstd:18664.5,StrandBias:0.0,Multiplicity:1.00
0.980	0.001	0.001	0.018
0.015	0.001	0.983	0.001
0.997	0.001	0.001	0.001
0.001	0.001	0.001	0.997
0.016	0.164	0.418	0.401
0.514	0.077	0.001	0.408
0.197	0.225	0.272	0.305
0.310	0.131	0.225	0.333
0.254	0.218	0.251	0.277
0.381	0.193	0.054	0.373
>NHHHNCAGAT	19-NHHHNCAGAT	6.311109	-0.000000	0	T:3093.0(14.35%),B:43509.5(52.70%),P:1e0	Tpos:24.4,Tstd:12.6,Bpos:15044.4,Bstd:18228.7,StrandBias:-0.1,Multiplicity:1.03
0.312	0.215	0.182	0.291
0.253	0.353	0.185	0.209
0.355	0.354	0.026	0.264
0.268	0.242	0.142	0.348
0.271	0.212	0.277	0.240
0.175	0.512	0.001	0.312
0.997	0.001	0.001	0.001
0.001	0.001	0.997	0.001
0.997	0.001	0.001	0.001
0.001	0.001	0.001	0.997
>AAAAAAAAAA	20-AAAAAAAAAA	3.790188	-0.000000	0	T:823.0(3.82%),B:35656.6(43.19%),P:1e0	Tpos:25.2,Tstd:13.0,Bpos:14846.2,Bstd:16995.6,StrandBias:0.0,Multiplicity:1.05
0.756	0.047	0.108	0.089
0.997	0.001	0.001	0.001
0.997	0.001	0.001	0.001
0.997	0.001	0.001	0.001
0.937	0.001	0.061	0.001
0.997	0.001	0.001	0.001
0.997	0.001	0.001	0.001
0.976	0.001	0.022	0.001
0.997	0.001	0.001	0.001
0.922	0.001	0.076	0.001
>WHWHMATCTK	21-WHWHMATCTK	7.723031	-0.000000	0	T:95.0(0.44%),B:11137.9(13.49%),P:1e0	Tpos:25.9,Tstd:13.7,Bpos:14707.4,Bstd:18707.2,StrandBias:0.6,Multiplicity:1.00
0.385	0.227	0.057	0.330
0.312	0.209	0.123	0.356
0.365	0.179	0.190	0.266
0.291	0.208	0.150	0.350
0.460	0.425	0.114	0.001
0.997	0.001	0.001	0.001
0.001	0.001	0.001	0.997
0.001	0.997	0.001	0.001
0.054	0.001	0.001	0.944
0.119	0.152	0.344	0.385
>HBVTATCTGY	22-HBVTATCTGY	8.462381	-0.000000	0	T:124.0(0.58%),B:9963.8(12.07%),P:1e0	Tpos:26.2,Tstd:13.2,Bpos:15316.8,Bstd:19558.8,StrandBias:0.7,Multiplicity:1.00
0.215	0.309	0.131	0.345
0.179	0.250	0.226	0.345
0.392	0.251	0.298	0.059
0.001	0.001	0.001	0.997
0.997	0.001	0.001	0.001
0.001	0.001	0.001	0.997
0.001	0.997	0.001	0.001
0.001	0.001	0.001	0.997
0.285	0.001	0.464	0.250
0.178	0.286	0.107	0.429
>NNVTATCTGY	23-NNVTATCTGY	8.784247	-0.000000	0	T:84.0(0.39%),B:6885.4(8.34%),P:1e0	Tpos:27.0,Tstd:13.1,Bpos:15769.7,Bstd:19247.2,StrandBias:0.2,Multiplicity:1.00
0.246	0.275	0.251	0.227
0.227	0.257	0.245	0.270
0.382	0.336	0.281	0.001
0.001	0.001	0.001	0.997
0.997	0.001	0.001	0.001
0.001	0.001	0.001	0.997
0.001	0.997	0.001	0.001
0.001	0.001	0.001	0.997
0.376	0.001	0.622	0.001
0.203	0.347	0.001	0.449
>TTATCWBNNN	24-TTATCWBNNN	8.234147	0.000000	0	T:37.0(0.17%),B:512.1(0.62%),P:1e0	Tpos:13.6,Tstd:14.7,Bpos:2406.1,Bstd:2412.5,StrandBias:2.0,Multiplicity:1.00
0.001	0.001	0.001	0.997
0.001	0.001	0.001	0.997
0.997	0.001	0.001	0.001
0.001	0.001	0.001	0.997
0.001	0.997	0.001	0.001
0.476	0.001	0.001	0.522
0.145	0.276	0.296	0.283
0.274	0.287	0.190	0.250
0.298	0.266	0.209	0.227
0.251	0.276	0.223	0.250
>TTATCWNYHN	25-TTATCWNYHN	7.775055	0.000000	0	T:153.0(0.71%),B:2579.8(3.12%),P:1e0	Tpos:27.9,Tstd:18.0,Bpos:16225.0,Bstd:20399.0,StrandBias:-0.5,Multiplicity:1.00
0.066	0.229	0.009	0.696
0.225	0.016	0.001	0.758
0.989	0.006	0.004	0.001
0.001	0.001	0.001	0.997
0.001	0.997	0.001	0.001
0.344	0.156	0.016	0.484
0.206	0.239	0.324	0.231
0.162	0.285	0.172	0.382
0.254	0.353	0.173	0.221
0.251	0.207	0.281	0.260
>GCACAGATAAGG	1-GCACAGATAAGG	13.358866	-0.387870	0	T:24.0(0.11%),B:100.7(0.12%),P:1e0	Tpos:25.0,Tstd:19.0,Bpos:0.0,Bstd:0.0,StrandBias:0.0,Multiplicity:1.00
0.001	0.084	0.914	0.001
0.081	0.697	0.221	0.001
0.938	0.001	0.060	0.001
0.090	0.582	0.273	0.055
0.648	0.227	0.064	0.061
0.001	0.034	0.964	0.001
0.819	0.179	0.001	0.001
0.034	0.001	0.001	0.964
0.670	0.050	0.234	0.046
0.817	0.001	0.001	0.181
0.057	0.001	0.941	0.001
0.001	0.087	0.911	0.001
>CTTATCTNNNNN	2-CTTATCTNNNNN	5.729495	-0.038016	0	T:10625.0(49.30%),B:41266.7(49.98%),P:1e0	Tpos:25.1,Tstd:11.3,Bpos:14926.5,Bstd:18498.4,StrandBias:0.0,Multiplicity:1.17
0.149	0.434	0.217	0.199
0.090	0.168	0.002	0.740
0.124	0.011	0.006	0.859
0.919	0.031	0.008	0.042
0.001	0.002	0.001	0.996
0.001	0.997	0.001	0.001
0.391	0.001	0.001	0.607
0.210	0.214	0.331	0.244
0.299	0.241	0.200	0.260
0.246	0.227	0.210	0.318
0.233	0.314	0.226	0.227
0.248	0.239	0.224	0.288
>NWGATTAGAWAD	3-NWGATTAGAWAD	10.436092	-0.001958	0	T:16.0(0.07%),B:121.0(0.15%),P:1e0	Tpos:41.3,Tstd:2.5,Bpos:16630.9,Bstd:19631.7,StrandBias:-10.0,Multiplicity:1.00
0.221	0.254	0.326	0.198
0.490	0.001	0.001	0.508
0.001	0.001	0.929	0.069
0.903	0.001	0.031	0.065
0.001	0.019	0.001	0.979
0.001	0.001	0.014	0.984
0.938	0.001	0.005	0.056
0.001	0.089	0.909	0.001
0.423	0.250	0.255	0.072
0.282	0.200	0.159	0.358
0.423	0.185	0.183	0.210
0.213	0.162	0.337	0.288
>ATAARGRMWBWT	4-ATAARGRMWBWT	10.682379	-0.000598	0	T:1.0(0.00%),B:31.1(0.04%),P:1e0	Tpos:43.0,Tstd:0.0,Bpos:8632.8,Bstd:10979.3,StrandBias:10.0,Multiplicity:1.00
0.997	0.001	0.001	0.001
0.001	0.001	0.001	0.997
0.701	0.297	0.001	0.001
0.997	0.001	0.001	0.001
0.429	0.001	0.569	0.001
0.407	0.001	0.591	0.001
0.322	0.256	0.421	0.001
0.568	0.430	0.001	0.001
0.407	0.119	0.001	0.474
0.140	0.288	0.321	0.251
0.526	0.036	0.001	0.437
0.001	0.001	0.417	0.581
>GATATCATATCA	5-GATATCATATCA	13.176321	-0.000244	0	T:2.0(0.01%),B:45.1(0.05%),P:1e0	Tpos:34.0,Tstd:2.0,Bpos:15775.5,Bstd:13660.3,StrandBias:0.0,Multiplicity:1.00
0.075	0.088	0.769	0.068
0.754	0.080	0.097	0.069
0.103	0.074	0.085	0.738
0.756	0.088	0.074	0.082
0.083	0.085	0.128	0.704
0.095	0.689	0.143	0.073
0.754	0.090	0.070	0.086
0.077	0.075	0.079	0.769
0.751	0.103	0.066	0.080
0.079	0.086	0.054	0.781
0.093	0.748	0.064	0.095
0.788	0.099	0.034	0.079
>TATCTGTGYCTG	6-TATCTGTGYCTG	9.847890	-0.000003	0	T:15.0(0.07%),B:163.0(0.20%),P:1e0	Tpos:6.0,Tstd:0.0,Bpos:14064.6,Bstd:20977.5,StrandBias:10.0,Multiplicity:1.00
0.111	0.137	0.066	0.686
0.504	0.204	0.156	0.136
0.115	0.064	0.107	0.714
0.031	0.668	0.151	0.150
0.366	0.001	0.015	0.618
0.076	0.244	0.480	0.200
0.219	0.001	0.195	0.585
0.149	0.191	0.487	0.172
0.118	0.351	0.174	0.357
0.200	0.627	0.014	0.159
0.405	0.001	0.001	0.593
0.126	0.144	0.620	0.110
>TATCTNYNHNHN	7-TATCTNYNHNHN	8.207438	-0.000000	0	T:4.0(0.02%),B:122.7(0.15%),P:1e0	Tpos:34.0,Tstd:0.0,Bpos:13640.0,Bstd:18776.0,StrandBias:10.0,Multiplicity:1.00
0.001	0.001	0.001	0.997
0.997	0.001	0.001	0.001
0.001	0.001	0.001	0.997
0.001	0.997	0.001	0.001
0.373	0.001	0.001	0.625
0.198	0.240	0.308	0.254
0.127	0.280	0.205	0.388
0.302	0.303	0.162	0.233
0.341	0.238	0.071	0.350
0.234	0.296	0.203	0.267
0.322	0.213	0.136	0.330
0.279	0.232	0.204	0.286
>TCCTWATCTYTS	8-TCCTWATCTYTS	11.190533	-0.000000	0	T:38.0(0.18%),B:470.6(0.57%),P:1e0	Tpos:30.0,Tstd:6.0,Bpos:12108.5,Bstd:13854.7,StrandBias:0.0,Multiplicity:1.00
0.146	0.191	0.251	0.411
0.001	0.534	0.230	0.235
0.192	0.660	0.001	0.147
0.207	0.051	0.001	0.741
0.371	0.011	0.128	0.490
0.897	0.001	0.082	0.020
0.001	0.001	0.040	0.958
0.001	0.956	0.037	0.006
0.001	0.310	0.001	0.688
0.028	0.497	0.023	0.452
0.033	0.001	0.001	0.965
0.218	0.400	0.381	0.001
>ATCTNHNHNNNN	9-ATCTNHNHNNNN	6.854982	-0.000000	0	T:8.0(0.04%),B:2482.8(3.01%),P:1e0	Tpos:28.5,Tstd:15.5,Bpos:13997.8,Bstd:18322.5,StrandBias:0.0,Multiplicity:1.00
0.997	0.001	0.001	0.001
0.001	0.001	0.001	0.997
0.001	0.997	0.001	0.001
0.194	0.001	0.001	0.804
0.209	0.227	0.311	0.254
0.259	0.250	0.161	0.330
0.268	0.257	0.173	0.302
0.291	0.275	0.101	0.333
0.300	0.197	0.191	0.312
0.270	0.205	0.220	0.304
0.264	0.226	0.219	0.291
0.305	0.260	0.179	0.257
>NDNNNRNAGATA	10-NDNNNRNAGATA	7.165520	-0.000000	0	T:3181.0(14.76%),B:33475.8(40.55%),P:1e0	Tpos:25.2,Tstd:13.4,Bpos:15033.8,Bstd:18707.3,StrandBias:-0.0,Multiplicity:1.04
0.297	0.209	0.213	0.281
0.343	0.001	0.278	0.378
0.244	0.243	0.300	0.212
0.296	0.221	0.199	0.284
0.279	0.194	0.233	0.294
0.409	0.001	0.338	0.251
0.303	0.269	0.269	0.160
0.610	0.001	0.001	0.388
0.001	0.001	0.997	0.001
0.997	0.001	0.001	0.001
0.001	0.001	0.001	0.997
0.997	0.001	0.001	0.001
>CTATCTKGHNNH	11-CTATCTKGHNNH	8.533062	-0.000000	0	T:39.0(0.18%),B:2596.3(3.14%),P:1e0	Tpos:26.2,Tstd:10.3,Bpos:14454.5,Bstd:18462.9,StrandBias:1.0,Multiplicity:1.00
0.222	0.483	0.001	0.295
0.001	0.001	0.001	0.997
0.997	0.001	0.001	0.001
0.001	0.001	0.001	0.997
0.001	0.997	0.001	0.001
0.386	0.001	0.001	0.612
0.202	0.157	0.360	0.280
0.157	0.136	0.564	0.143
0.314	0.279	0.147	0.260
0.265	0.233	0.197	0.306
0.268	0.260	0.199	0.273
0.262	0.272	0.158	0.308
>TATCWNNNNNNN	12-TATCWNNNNNNN	6.975146	-0.000000	0	T:36.0(0.17%),B:2437.7(2.95%),P:1e0	Tpos:28.4,Tstd:14.1,Bpos:15441.5,Bstd:18261.1,StrandBias:-1.3,Multiplicity:1.00
0.001	0.001	0.001	0.997
0.997	0.001	0.001	0.001
0.001	0.001	0.001	0.997
0.001	0.997	0.001	0.001
0.464	0.001	0.001	0.534
0.241	0.222	0.285	0.252
0.291	0.253	0.254	0.202
0.260	0.266	0.227	0.247
0.300	0.266	0.223	0.211
0.279	0.198	0.263	0.259
0.288	0.272	0.192	0.248
0.258	0.239	0.257	0.246
>NNNNNNTTATCW	13-NNNNNNTTATCW	6.007897	-0.000000	0	T:3348.0(15.54%),B:21761.4(26.36%),P:1e0	Tpos:24.4,Tstd:18.0,Bpos:5014.4,Bstd:13734.1,StrandBias:-0.1,Multiplicity:1.00
0.292	0.239	0.249	0.220
0.266	0.246	0.214	0.274
0.244	0.242	0.237	0.278
0.195	0.322	0.210	0.272
0.240	0.307	0.185	0.268
0.170	0.307	0.319	0.205
0.197	0.191	0.173	0.439
0.216	0.032	0.093	0.659
0.883	0.026	0.054	0.037
0.048	0.080	0.011	0.861
0.012	0.941	0.046	0.001
0.367	0.097	0.158	0.379
>TATCTNNNNNNN	14-TATCTNNNNNNN	7.255064	-0.000000	0	T:69.0(0.32%),B:6387.0(7.74%),P:1e0	Tpos:25.9,Tstd:12.7,Bpos:13747.6,Bstd:18553.1,StrandBias:0.0,Multiplicity:1.00
0.001	0.001	0.001	0.997
0.997	0.001	0.001	0.001
0.001	0.001	0.001	0.997
0.001	0.997	0.001	0.001
0.388	0.001	0.001	0.610
0.191	0.251	0.300	0.258
0.288	0.267	0.194	0.251
0.288	0.235	0.203	0.273
0.266	0.229	0.212	0.293
0.259	0.265	0.205	0.271
0.302	0.232	0.180	0.286
0.289	0.239	0.188	0.285
>NHNHDVTATCTN	15-NHNHDVTATCTN	7.288796	-0.000000	0	T:1988.0(9.22%),B:33064.6(40.05%),P:1e0	Tpos:24.9,Tstd:12.8,Bpos:15264.5,Bstd:19180.0,StrandBias:-0.1,Multiplicity:1.02
0.268	0.281	0.277	0.174
0.297	0.343	0.001	0.360
0.304	0.270	0.170	0.255
0.231	0.240	0.171	0.358
0.360	0.001	0.323	0.316
0.303	0.305	0.265	0.128
0.001	0.001	0.001	0.997
0.997	0.001	0.001	0.001
0.001	0.001	0.001	0.997
0.001	0.997	0.001	0.001
0.001	0.001	0.001	0.997
0.224	0.264	0.252	0.260
>TATCTNNHNNNN	16-TATCTNNHNNNN	7.554208	-0.000000	0	T:57.0(0.26%),B:3863.8(4.68%),P:1e0	Tpos:25.5,Tstd:13.9,Bpos:14807.0,Bstd:18358.4,StrandBias:-0.2,Multiplicity:1.00
0.001	0.001	0.001	0.997
0.997	0.001	0.001	0.001
0.001	0.001	0.001	0.997
0.001	0.997	0.001	0.001
0.225	0.001	0.001	0.773
0.275	0.246	0.206	0.273
0.247	0.268	0.229	0.256
0.352	0.339	0.016	0.293
0.290	0.245	0.215	0.249
0.307	0.211	0.221	0.261
0.279	0.230	0.249	0.242
0.257	0.251	0.250	0.242
>NNNNNNYTATCT	17-NNNNNNYTATCT	7.166026	-0.000000	0	T:784.0(3.64%),B:9750.3(11.81%),P:1e0	Tpos:23.0,Tstd:17.9,Bpos:1562.0,Bstd:3734.0,StrandBias:-0.3,Multiplicity:1.00
0.287	0.239	0.239	0.235
0.275	0.255	0.199	0.270
0.274	0.221	0.224	0.281
0.277	0.203	0.214	0.306
0.214	0.244	0.207	0.335
0.191	0.305	0.265	0.239
0.169	0.337	0.027	0.467
0.177	0.032	0.005	0.786
0.990	0.005	0.002	0.003
0.010	0.002	0.002	0.986
0.003	0.992	0.004	0.001
0.321	0.051	0.130	0.498
>RVAGATAKNNWN	18-RVAGATAKNNWN	8.014346	-0.000000	0	T:175.0(0.81%),B:11875.5(14.38%),P:1e0	Tpos:25.8,Tstd:13.3,Bpos:15062.3,Bstd:18941.8,StrandBias:-0.3,Multiplicity:1.00
0.412	0.027	0.305	0.256
0.256	0.323	0.290	0.131
0.656	0.001	0.001	0.342
0.001	0.001	0.997	0.001
0.997	0.001	0.001	0.001
0.001	0.001	0.001	0.997
0.993	0.001	0.001	0.005
0.151	0.088	0.369	0.391
0.275	0.221	0.256	0.248
0.331	0.186	0.260	0.223
0.375	0.224	0.132	0.269
0.280	0.203	0.198	0.319
>NWDADRDVAGAT	19-NWDADRDVAGAT	8.196220	-0.000000	0	T:127.0(0.59%),B:13449.2(16.29%),P:1e0	Tpos:21.7,Tstd:13.0,Bpos:14592.5,Bstd:17843.4,StrandBias:-0.3,Multiplicity:1.00
0.306	0.203	0.219	0.273
0.351	0.176	0.185	0.289
0.347	0.131	0.218	0.304
0.594	0.001	0.404	0.001
0.375	0.001	0.315	0.309
0.439	0.003	0.324	0.235
0.387	0.001	0.296	0.316
0.322	0.256	0.258	0.165
0.862	0.001	0.001	0.136
0.001	0.001	0.997	0.001
0.997	0.001	0.001	0.001
0.001	0.001	0.001	0.997
>DGAYAGATAASW	20-DGAYAGATAASW	7.281554	-0.000000	0	T:1073.0(4.98%),B:12345.2(14.95%),P:1e0	Tpos:22.9,Tstd:13.0,Bpos:14699.3,Bstd:18015.0,StrandBias:-0.1,Multiplicity:1.00
0.360	0.074	0.221	0.344
0.066	0.261	0.470	0.202
0.481	0.300	0.146	0.073
0.131	0.407	0.201	0.261
0.624	0.005	0.179	0.192
0.035	0.025	0.931	0.009
0.677	0.036	0.010	0.277
0.156	0.104	0.116	0.624
0.766	0.020	0.088	0.126
0.539	0.001	0.341	0.119
0.128	0.351	0.451	0.070
0.411	0.211	0.117	0.261
>NNNDNNNWGATA	21-NNNDNNNWGATA	7.079663	-0.000000	0	T:204.0(0.95%),B:13205.1(15.99%),P:1e0	Tpos:24.4,Tstd:13.2,Bpos:14620.1,Bstd:19007.7,StrandBias:0.0,Multiplicity:1.03
0.276	0.211	0.235	0.278
0.246	0.231	0.249	0.274
0.295	0.224	0.231	0.251
0.308	0.001	0.316	0.375
0.260	0.212	0.244	0.283
0.215	0.234	0.257	0.293
0.273	0.261	0.240	0.226
0.459	0.001	0.001	0.539
0.001	0.001	0.997	0.001
0.997	0.001	0.001	0.001
0.001	0.001	0.001	0.997
0.997	0.001	0.001	0.001
>AGATAGATAGAT	22-AGATAGATAGAT	10.386995	-0.000000	0	T:104.0(0.48%),B:3770.2(4.57%),P:1e0	Tpos:27.8,Tstd:12.4,Bpos:15983.8,Bstd:20156.7,StrandBias:0.5,Multiplicity:1.05
0.754	0.001	0.029	0.216
0.058	0.001	0.912	0.029
0.826	0.058	0.115	0.001
0.071	0.047	0.001	0.881
0.878	0.049	0.028	0.045
0.001	0.001	0.997	0.001
0.997	0.001	0.001	0.001
0.059	0.181	0.059	0.701
0.997	0.001	0.001	0.001
0.001	0.001	0.941	0.057
0.997	0.001	0.001	0.001
0.045	0.157	0.059	0.739
>HTCTTATCTHWV	23-HTCTTATCTHWV	10.045984	0.000000	0	T:141.0(0.65%),B:1554.1(1.88%),P:1e0	Tpos:25.0,Tstd:20.0,Bpos:0.0,Bstd:0.0,StrandBias:0.0,Multiplicity:1.00
0.280	0.233	0.147	0.340
0.001	0.263	0.287	0.449
0.001	0.997	0.001	0.001
0.354	0.001	0.001	0.644
0.383	0.001	0.001	0.615
0.997	0.001	0.001	0.001
0.001	0.001	0.001	0.997
0.001	0.966	0.032	0.001
0.041	0.287	0.203	0.469
0.312	0.390	0.001	0.297
0.443	0.001	0.001	0.555
0.344	0.289	0.366	0.001
>NNNNHNYCTATC	24-NNNNHNYCTATC	8.084935	0.000000	0	T:4.0(0.02%),B:202.4(0.25%),P:1e0	Tpos:33.0,Tstd:11.8,Bpos:15104.8,Bstd:15478.3,StrandBias:1.0,Multiplicity:1.00
0.211	0.263	0.239	0.287
0.243	0.214	0.229	0.314
0.271	0.203	0.247	0.279
0.193	0.283	0.281	0.243
0.192	0.336	0.163	0.308
0.210	0.307	0.178	0.306
0.036	0.423	0.009	0.532
0.202	0.503	0.012	0.283
0.001	0.001	0.001	0.997
0.997	0.001	0.001	0.001
0.001	0.001	0.001	0.997
0.001	0.997	0.001	0.001
>NNNNNNHTATCT	25-NNNNNNHTATCT	7.395914	0.000000	0	T:1.0(0.00%),B:116.4(0.14%),P:1e0	Tpos:30.0,Tstd:0.0,Bpos:19146.1,Bstd:18517.4,StrandBias:-10.0,Multiplicity:1.00
0.270	0.252	0.226	0.253
0.263	0.256	0.217	0.265
0.268	0.250	0.230	0.252
0.283	0.231	0.196	0.290
0.272	0.291	0.223	0.215
0.233	0.251	0.243	0.274
0.326	0.377	0.002	0.295
0.001	0.001	0.001	0.997
0.997	0.001	0.001	0.001
0.001	0.001	0.001	0.997
0.001	0.997	0.001	0.001
0.410	0.001	0.001	0.588
>CTTATCTG	1-CTTATCTG	3.464647	-20.489432	0	T:11273.0(52.31%),B:41304.8(50.03%),P:1e-8	Tpos:25.1,Tstd:12.4,Bpos:14939.0,Bstd:18485.9,StrandBias:0.0,Multiplicity:1.23
0.020	0.884	0.046	0.050
0.007	0.012	0.001	0.980
0.008	0.001	0.001	0.990
0.997	0.001	0.001	0.001
0.001	0.001	0.001	0.997
0.001	0.997	0.001	0.001
0.161	0.001	0.007	0.831
0.116	0.205	0.499	0.179
>WRWMAGAT	2-WRWMAGAT	5.787236	-0.000000	0	T:4850.0(22.50%),B:46360.6(56.15%),P:1e0	Tpos:24.6,Tstd:13.4,Bpos:15021.7,Bstd:18344.8,StrandBias:0.0,Multiplicity:1.05
0.302	0.057	0.192	0.450
0.450	0.142	0.303	0.105
0.427	0.049	0.156	0.368
0.387	0.370	0.125	0.117
0.934	0.001	0.001	0.064
0.025	0.044	0.895	0.036
0.984	0.001	0.014	0.001
0.046	0.025	0.030	0.899
>TAKATKAT	3-TAKATKAT	4.490238	-0.000000	0	T:2223.0(10.32%),B:37322.1(45.20%),P:1e0	Tpos:25.2,Tstd:13.6,Bpos:14669.3,Bstd:18831.9,StrandBias:0.1,Multiplicity:1.05
0.150	0.187	0.184	0.478
0.683	0.006	0.037	0.274
0.189	0.063	0.324	0.424
0.439	0.282	0.107	0.173
0.353	0.013	0.017	0.617
0.208	0.094	0.307	0.392
0.560	0.184	0.067	0.189
0.192	0.125	0.157	0.526
>HTBTTTWW	4-HTBTTTWW	3.926556	-0.000000	0	T:3861.0(17.92%),B:49839.5(60.36%),P:1e0	Tpos:24.6,Tstd:13.7,Bpos:14934.8,Bstd:18382.6,StrandBias:0.1,Multiplicity:1.01
0.318	0.216	0.127	0.339
0.240	0.020	0.159	0.581
0.171	0.222	0.241	0.367
0.151	0.151	0.109	0.589
0.075	0.180	0.168	0.577
0.184	0.139	0.153	0.524
0.336	0.111	0.111	0.442
0.353	0.098	0.100	0.448
>WWAAAADW	5-WWAAAADW	3.081892	-0.000000	0	T:10123.0(46.97%),B:67515.2(81.77%),P:1e0	Tpos:24.9,Tstd:13.9,Bpos:15153.2,Bstd:18442.8,StrandBias:-0.1,Multiplicity:1.06
0.388	0.157	0.166	0.289
0.362	0.148	0.210	0.280
0.479	0.001	0.260	0.261
0.449	0.213	0.271	0.067
0.523	0.244	0.195	0.038
0.601	0.001	0.001	0.397
0.341	0.116	0.268	0.274
0.403	0.120	0.169	0.308
>AAWWMARA	6-AAWWMARA	3.562559	-0.000000	0	T:7623.0(35.37%),B:60747.4(73.58%),P:1e0	Tpos:25.7,Tstd:13.9,Bpos:15250.0,Bstd:18362.0,StrandBias:0.1,Multiplicity:1.05
0.438	0.143	0.151	0.267
0.400	0.156	0.197	0.248
0.394	0.129	0.224	0.253
0.363	0.159	0.209	0.269
0.373	0.231	0.200	0.196
0.694	0.001	0.001	0.304
0.386	0.161	0.290	0.163
0.802	0.001	0.001	0.196
>HWRAGAAA	7-HWRAGAAA	6.728529	-0.000000	0	T:2400.0(11.14%),B:45212.8(54.76%),P:1e0	Tpos:25.2,Tstd:13.6,Bpos:15532.4,Bstd:18131.7,StrandBias:0.0,Multiplicity:1.04
0.402	0.270	0.001	0.327
0.388	0.001	0.222	0.389
0.386	0.235	0.254	0.125
0.997	0.001	0.001	0.001
0.001	0.001	0.781	0.217
0.997	0.001	0.001	0.001
0.727	0.271	0.001	0.001
0.997	0.001	0.001	0.001
>ATCTATCT	8-ATCTATCT	4.345134	-0.000000	0	T:11252.0(52.21%),B:68869.5(83.41%),P:1e0	Tpos:24.9,Tstd:13.3,Bpos:15237.0,Bstd:18391.7,StrandBias:-0.0,Multiplicity:1.21
0.700	0.100	0.100	0.100
0.100	0.100	0.100	0.700
0.100	0.700	0.100	0.100
0.100	0.100	0.100	0.700
0.700	0.100	0.100	0.100
0.100	0.100	0.100	0.700
0.100	0.700	0.100	0.100
0.100	0.100	0.100	0.700
>WTNWBAAA	9-WTNWBAAA	3.385645	-0.000000	0	T:3709.0(17.21%),B:48647.3(58.92%),P:1e0	Tpos:24.6,Tstd:13.6,Bpos:14951.9,Bstd:18256.8,StrandBias:-0.0,Multiplicity:1.03
0.308	0.207	0.118	0.366
0.275	0.113	0.135	0.478
0.256	0.272	0.170	0.302
0.378	0.062	0.068	0.492
0.196	0.222	0.354	0.228
0.532	0.162	0.094	0.212
0.493	0.113	0.198	0.196
0.445	0.121	0.183	0.252
>WAANMANW	10-WAANMANW	3.050795	-0.000000	0	T:7346.0(34.09%),B:61238.4(74.17%),P:1e0	Tpos:24.8,Tstd:13.6,Bpos:15236.3,Bstd:18281.0,StrandBias:0.1,Multiplicity:1.04
0.348	0.163	0.115	0.373
0.545	0.117	0.106	0.232
0.462	0.120	0.162	0.256
0.323	0.240	0.211	0.226
0.353	0.375	0.083	0.189
0.607	0.055	0.068	0.270
0.293	0.255	0.277	0.175
0.379	0.200	0.139	0.282
>AAAWWAAW	11-AAAWWAAW	4.226080	-0.000000	0	T:3167.0(14.70%),B:47488.5(57.52%),P:1e0	Tpos:25.3,Tstd:13.8,Bpos:15128.0,Bstd:18280.8,StrandBias:-0.2,Multiplicity:1.02
0.543	0.003	0.117	0.337
0.421	0.129	0.235	0.214
0.556	0.141	0.066	0.237
0.419	0.105	0.165	0.312
0.404	0.117	0.164	0.315
0.506	0.213	0.089	0.192
0.674	0.001	0.001	0.324
0.450	0.043	0.199	0.308
>WWATBAWW	12-WWATBAWW	4.888632	-0.000000	0	T:223.0(1.03%),B:25216.4(30.54%),P:1e0	Tpos:24.0,Tstd:13.3,Bpos:14410.7,Bstd:18674.0,StrandBias:-0.3,Multiplicity:1.00
0.493	0.100	0.020	0.387
0.383	0.091	0.092	0.433
0.529	0.158	0.069	0.244
0.315	0.032	0.040	0.613
0.173	0.241	0.247	0.340
0.569	0.261	0.001	0.169
0.441	0.121	0.126	0.313
0.437	0.098	0.147	0.318
>TTTTTTTT	13-TTTTTTTT	3.703129	-0.000000	0	T:7046.0(32.69%),B:61000.9(73.88%),P:1e0	Tpos:25.0,Tstd:13.8,Bpos:15266.2,Bstd:18127.5,StrandBias:0.0,Multiplicity:1.07
0.245	0.166	0.090	0.498
0.219	0.154	0.121	0.506
0.220	0.182	0.138	0.460
0.178	0.153	0.122	0.547
0.095	0.187	0.140	0.578
0.214	0.153	0.001	0.632
0.271	0.136	0.043	0.550
0.274	0.124	0.026	0.576
>THTTTTTW	14-THTTTTTW	4.813694	-0.000000	0	T:673.0(3.12%),B:32197.3(39.00%),P:1e0	Tpos:25.0,Tstd:13.7,Bpos:14431.4,Bstd:16312.8,StrandBias:-0.1,Multiplicity:1.02
0.260	0.192	0.001	0.547
0.278	0.345	0.001	0.376
0.286	0.001	0.001	0.712
0.186	0.218	0.201	0.395
0.277	0.232	0.001	0.490
0.273	0.247	0.001	0.479
0.291	0.232	0.001	0.476
0.317	0.228	0.001	0.454
>TWTYTTAT	15-TWTYTTAT	6.175459	-0.000000	0	T:3657.0(16.97%),B:43013.3(52.10%),P:1e0	Tpos:24.4,Tstd:13.9,Bpos:15068.5,Bstd:18529.1,StrandBias:-0.0,Multiplicity:1.04
0.244	0.195	0.001	0.560
0.506	0.001	0.001	0.492
0.177	0.034	0.216	0.573
0.182	0.445	0.022	0.352
0.383	0.001	0.001	0.615
0.001	0.001	0.110	0.888
0.997	0.001	0.001	0.001
0.001	0.001	0.001	0.997
>TATCTKYN	16-TATCTKYN	5.591360	-0.000000	0	T:10810.0(50.16%),B:47419.3(57.43%),P:1e0	Tpos:25.5,Tstd:14.2,Bpos:15245.4,Bstd:18907.3,StrandBias:-0.0,Multiplicity:1.17
0.001	0.001	0.001	0.997
0.997	0.001	0.001	0.001
0.001	0.001	0.001	0.997
0.001	0.997	0.001	0.001
0.214	0.001	0.001	0.784
0.133	0.192	0.359	0.316
0.182	0.242	0.187	0.389
0.208	0.263	0.253	0.275
>WAACTGTT	17-WAACTGTT	4.728477	-0.000000	0	T:1417.0(6.58%),B:35210.6(42.65%),P:1e0	Tpos:25.3,Tstd:13.2,Bpos:14611.3,Bstd:18017.0,StrandBias:-0.2,Multiplicity:1.02
0.373	0.109	0.054	0.464
0.458	0.097	0.199	0.245
0.528	0.104	0.164	0.204
0.224	0.388	0.207	0.181
0.224	0.049	0.042	0.685
0.117	0.223	0.436	0.224
0.171	0.147	0.074	0.608
0.109	0.085	0.103	0.703
>TCTCWTAT	18-TCTCWTAT	5.636824	-0.000000	0	T:1979.0(9.18%),B:38596.0(46.75%),P:1e0	Tpos:25.5,Tstd:13.4,Bpos:15363.2,Bstd:18364.9,StrandBias:-0.1,Multiplicity:1.03
0.001	0.002	0.001	0.996
0.157	0.642	0.063	0.138
0.068	0.001	0.001	0.930
0.148	0.393	0.236	0.223
0.443	0.108	0.001	0.448
0.075	0.210	0.264	0.451
0.536	0.259	0.001	0.204
0.235	0.076	0.174	0.515
>DAAADVAD	19-DAAADVAD	3.362952	-0.000000	0	T:6523.0(30.27%),B:61914.8(74.99%),P:1e0	Tpos:24.5,Tstd:13.7,Bpos:15408.6,Bstd:18206.2,StrandBias:-0.1,Multiplicity:1.03
0.351	0.171	0.212	0.266
0.582	0.106	0.122	0.190
0.523	0.185	0.160	0.132
0.586	0.014	0.192	0.208
0.264	0.140	0.369	0.226
0.221	0.360	0.212	0.207
0.590	0.172	0.019	0.219
0.338	0.152	0.193	0.317
>TTKNMWGW	20-TTKNMWGW	3.706977	-0.000000	0	T:4206.0(19.52%),B:52590.6(63.70%),P:1e0	Tpos:24.7,Tstd:13.7,Bpos:15360.2,Bstd:18038.3,StrandBias:-0.0,Multiplicity:1.04
0.295	0.188	0.053	0.464
0.274	0.033	0.113	0.580
0.140	0.118	0.320	0.422
0.245	0.216	0.234	0.305
0.271	0.375	0.196	0.157
0.518	0.001	0.022	0.459
0.040	0.267	0.470	0.223
0.447	0.100	0.070	0.384
>WBWBTNWN	21-WBWBTNWN	3.214449	-0.000000	0	T:4186.0(19.42%),B:51382.2(62.23%),P:1e0	Tpos:25.4,Tstd:13.3,Bpos:15380.7,Bstd:18349.6,StrandBias:-0.0,Multiplicity:1.05
0.401	0.107	0.102	0.390
0.145	0.349	0.248	0.258
0.428	0.001	0.001	0.570
0.024	0.345	0.386	0.245
0.360	0.049	0.076	0.515
0.179	0.265	0.304	0.253
0.286	0.217	0.087	0.410
0.286	0.176	0.221	0.316
>AAVNTTNW	22-AAVNTTNW	4.910924	-0.000000	0	T:1263.0(5.86%),B:36252.6(43.91%),P:1e0	Tpos:24.4,Tstd:12.9,Bpos:15126.0,Bstd:18123.4,StrandBias:0.0,Multiplicity:1.00
0.589	0.001	0.001	0.409
0.596	0.001	0.001	0.402
0.256	0.277	0.321	0.146
0.216	0.206	0.294	0.284
0.038	0.002	0.001	0.959
0.405	0.001	0.001	0.593
0.250	0.285	0.281	0.184
0.426	0.001	0.001	0.572
>THMWTATC	23-THMWTATC	7.201527	-0.000000	0	T:349.0(1.62%),B:12659.3(15.33%),P:1e0	Tpos:27.9,Tstd:13.8,Bpos:14830.5,Bstd:18688.6,StrandBias:0.0,Multiplicity:1.00
0.242	0.175	0.140	0.443
0.229	0.311	0.139	0.321
0.409	0.278	0.142	0.171
0.272	0.195	0.161	0.371
0.001	0.001	0.010	0.988
0.997	0.001	0.001	0.001
0.001	0.001	0.001	0.997
0.001	0.997	0.001	0.001
>THTTTTTT	24-THTTTTTT	3.771257	-0.000000	0	T:5892.0(27.34%),B:56757.0(68.74%),P:1e0	Tpos:25.6,Tstd:13.9,Bpos:15182.9,Bstd:18052.8,StrandBias:-0.0,Multiplicity:1.07
0.188	0.103	0.074	0.635
0.222	0.314	0.135	0.330
0.206	0.088	0.007	0.699
0.220	0.216	0.161	0.403
0.242	0.146	0.064	0.548
0.197	0.221	0.142	0.440
0.302	0.156	0.081	0.462
0.233	0.186	0.161	0.420
>ATAGATAA	25-ATAGATAA	9.048278	-0.000000	0	T:422.0(1.96%),B:8778.3(10.63%),P:1e0	Tpos:28.1,Tstd:21.8,Bpos:3.0,Bstd:0.0,StrandBias:0.4,Multiplicity:1.00
0.565	0.105	0.087	0.243
0.152	0.203	0.138	0.507
0.713	0.001	0.001	0.285
0.001	0.001	0.997	0.001
0.997	0.001	0.001	0.001
0.001	0.001	0.001	0.997
0.997	0.001	0.001	0.001
0.643	0.001	0.355	0.001
