>GCACAGATAAGG	1-GCACAGATAAGG	13.358866	-0.387870	0	T:24.0(0.11%),B:100.7(0.12%),P:1e0	Tpos:25.0,Tstd:19.0,Bpos:0.0,Bstd:0.0,StrandBias:0.0,Multiplicity:1.00
0.001	0.084	0.914	0.001
0.081	0.697	0.221	0.001
0.938	0.001	0.060	0.001
0.090	0.582	0.273	0.055
0.648	0.227	0.064	0.061
0.001	0.034	0.964	0.001
0.819	0.179	0.001	0.001
0.034	0.001	0.001	0.964
0.670	0.050	0.234	0.046
0.817	0.001	0.001	0.181
0.057	0.001	0.941	0.001
0.001	0.087	0.911	0.001
>CTTATCTNNNNN	2-CTTATCTNNNNN	5.729495	-0.038016	0	T:10625.0(49.30%),B:41266.7(49.98%),P:1e0	Tpos:25.1,Tstd:11.3,Bpos:14926.5,Bstd:18498.4,StrandBias:0.0,Multiplicity:1.17
0.149	0.434	0.217	0.199
0.090	0.168	0.002	0.740
0.124	0.011	0.006	0.859
0.919	0.031	0.008	0.042
0.001	0.002	0.001	0.996
0.001	0.997	0.001	0.001
0.391	0.001	0.001	0.607
0.210	0.214	0.331	0.244
0.299	0.241	0.200	0.260
0.246	0.227	0.210	0.318
0.233	0.314	0.226	0.227
0.248	0.239	0.224	0.288
>NWGATTAGAWAD	3-NWGATTAGAWAD	10.436092	-0.001958	0	T:16.0(0.07%),B:121.0(0.15%),P:1e0	Tpos:41.3,Tstd:2.5,Bpos:16630.9,Bstd:19631.7,StrandBias:-10.0,Multiplicity:1.00
0.221	0.254	0.326	0.198
0.490	0.001	0.001	0.508
0.001	0.001	0.929	0.069
0.903	0.001	0.031	0.065
0.001	0.019	0.001	0.979
0.001	0.001	0.014	0.984
0.938	0.001	0.005	0.056
0.001	0.089	0.909	0.001
0.423	0.250	0.255	0.072
0.282	0.200	0.159	0.358
0.423	0.185	0.183	0.210
0.213	0.162	0.337	0.288
>ATAARGRMWBWT	4-ATAARGRMWBWT	10.682379	-0.000598	0	T:1.0(0.00%),B:31.1(0.04%),P:1e0	Tpos:43.0,Tstd:0.0,Bpos:8632.8,Bstd:10979.3,StrandBias:10.0,Multiplicity:1.00
0.997	0.001	0.001	0.001
0.001	0.001	0.001	0.997
0.701	0.297	0.001	0.001
0.997	0.001	0.001	0.001
0.429	0.001	0.569	0.001
0.407	0.001	0.591	0.001
0.322	0.256	0.421	0.001
0.568	0.430	0.001	0.001
0.407	0.119	0.001	0.474
0.140	0.288	0.321	0.251
0.526	0.036	0.001	0.437
0.001	0.001	0.417	0.581
>GATATCATATCA	5-GATATCATATCA	13.176321	-0.000244	0	T:2.0(0.01%),B:45.1(0.05%),P:1e0	Tpos:34.0,Tstd:2.0,Bpos:15775.5,Bstd:13660.3,StrandBias:0.0,Multiplicity:1.00
0.075	0.088	0.769	0.068
0.754	0.080	0.097	0.069
0.103	0.074	0.085	0.738
0.756	0.088	0.074	0.082
0.083	0.085	0.128	0.704
0.095	0.689	0.143	0.073
0.754	0.090	0.070	0.086
0.077	0.075	0.079	0.769
0.751	0.103	0.066	0.080
0.079	0.086	0.054	0.781
0.093	0.748	0.064	0.095
0.788	0.099	0.034	0.079
>TATCTGTGYCTG	6-TATCTGTGYCTG	9.847890	-0.000003	0	T:15.0(0.07%),B:163.0(0.20%),P:1e0	Tpos:6.0,Tstd:0.0,Bpos:14064.6,Bstd:20977.5,StrandBias:10.0,Multiplicity:1.00
0.111	0.137	0.066	0.686
0.504	0.204	0.156	0.136
0.115	0.064	0.107	0.714
0.031	0.668	0.151	0.150
0.366	0.001	0.015	0.618
0.076	0.244	0.480	0.200
0.219	0.001	0.195	0.585
0.149	0.191	0.487	0.172
0.118	0.351	0.174	0.357
0.200	0.627	0.014	0.159
0.405	0.001	0.001	0.593
0.126	0.144	0.620	0.110
>TATCTNYNHNHN	7-TATCTNYNHNHN	8.207438	-0.000000	0	T:4.0(0.02%),B:122.7(0.15%),P:1e0	Tpos:34.0,Tstd:0.0,Bpos:13640.0,Bstd:18776.0,StrandBias:10.0,Multiplicity:1.00
0.001	0.001	0.001	0.997
0.997	0.001	0.001	0.001
0.001	0.001	0.001	0.997
0.001	0.997	0.001	0.001
0.373	0.001	0.001	0.625
0.198	0.240	0.308	0.254
0.127	0.280	0.205	0.388
0.302	0.303	0.162	0.233
0.341	0.238	0.071	0.350
0.234	0.296	0.203	0.267
0.322	0.213	0.136	0.330
0.279	0.232	0.204	0.286
>TCCTWATCTYTS	8-TCCTWATCTYTS	11.190533	-0.000000	0	T:38.0(0.18%),B:470.6(0.57%),P:1e0	Tpos:30.0,Tstd:6.0,Bpos:12108.5,Bstd:13854.7,StrandBias:0.0,Multiplicity:1.00
0.146	0.191	0.251	0.411
0.001	0.534	0.230	0.235
0.192	0.660	0.001	0.147
0.207	0.051	0.001	0.741
0.371	0.011	0.128	0.490
0.897	0.001	0.082	0.020
0.001	0.001	0.040	0.958
0.001	0.956	0.037	0.006
0.001	0.310	0.001	0.688
0.028	0.497	0.023	0.452
0.033	0.001	0.001	0.965
0.218	0.400	0.381	0.001
>ATCTNHNHNNNN	9-ATCTNHNHNNNN	6.854982	-0.000000	0	T:8.0(0.04%),B:2482.8(3.01%),P:1e0	Tpos:28.5,Tstd:15.5,Bpos:13997.8,Bstd:18322.5,StrandBias:0.0,Multiplicity:1.00
0.997	0.001	0.001	0.001
0.001	0.001	0.001	0.997
0.001	0.997	0.001	0.001
0.194	0.001	0.001	0.804
0.209	0.227	0.311	0.254
0.259	0.250	0.161	0.330
0.268	0.257	0.173	0.302
0.291	0.275	0.101	0.333
0.300	0.197	0.191	0.312
0.270	0.205	0.220	0.304
0.264	0.226	0.219	0.291
0.305	0.260	0.179	0.257
>NDNNNRNAGATA	10-NDNNNRNAGATA	7.165520	-0.000000	0	T:3181.0(14.76%),B:33475.8(40.55%),P:1e0	Tpos:25.2,Tstd:13.4,Bpos:15033.8,Bstd:18707.3,StrandBias:-0.0,Multiplicity:1.04
0.297	0.209	0.213	0.281
0.343	0.001	0.278	0.378
0.244	0.243	0.300	0.212
0.296	0.221	0.199	0.284
0.279	0.194	0.233	0.294
0.409	0.001	0.338	0.251
0.303	0.269	0.269	0.160
0.610	0.001	0.001	0.388
0.001	0.001	0.997	0.001
0.997	0.001	0.001	0.001
0.001	0.001	0.001	0.997
0.997	0.001	0.001	0.001
>CTATCTKGHNNH	11-CTATCTKGHNNH	8.533062	-0.000000	0	T:39.0(0.18%),B:2596.3(3.14%),P:1e0	Tpos:26.2,Tstd:10.3,Bpos:14454.5,Bstd:18462.9,StrandBias:1.0,Multiplicity:1.00
0.222	0.483	0.001	0.295
0.001	0.001	0.001	0.997
0.997	0.001	0.001	0.001
0.001	0.001	0.001	0.997
0.001	0.997	0.001	0.001
0.386	0.001	0.001	0.612
0.202	0.157	0.360	0.280
0.157	0.136	0.564	0.143
0.314	0.279	0.147	0.260
0.265	0.233	0.197	0.306
0.268	0.260	0.199	0.273
0.262	0.272	0.158	0.308
>TATCWNNNNNNN	12-TATCWNNNNNNN	6.975146	-0.000000	0	T:36.0(0.17%),B:2437.7(2.95%),P:1e0	Tpos:28.4,Tstd:14.1,Bpos:15441.5,Bstd:18261.1,StrandBias:-1.3,Multiplicity:1.00
0.001	0.001	0.001	0.997
0.997	0.001	0.001	0.001
0.001	0.001	0.001	0.997
0.001	0.997	0.001	0.001
0.464	0.001	0.001	0.534
0.241	0.222	0.285	0.252
0.291	0.253	0.254	0.202
0.260	0.266	0.227	0.247
0.300	0.266	0.223	0.211
0.279	0.198	0.263	0.259
0.288	0.272	0.192	0.248
0.258	0.239	0.257	0.246
>NNNNNNTTATCW	13-NNNNNNTTATCW	6.007897	-0.000000	0	T:3348.0(15.54%),B:21761.4(26.36%),P:1e0	Tpos:24.4,Tstd:18.0,Bpos:5014.4,Bstd:13734.1,StrandBias:-0.1,Multiplicity:1.00
0.292	0.239	0.249	0.220
0.266	0.246	0.214	0.274
0.244	0.242	0.237	0.278
0.195	0.322	0.210	0.272
0.240	0.307	0.185	0.268
0.170	0.307	0.319	0.205
0.197	0.191	0.173	0.439
0.216	0.032	0.093	0.659
0.883	0.026	0.054	0.037
0.048	0.080	0.011	0.861
0.012	0.941	0.046	0.001
0.367	0.097	0.158	0.379
>TATCTNNNNNNN	14-TATCTNNNNNNN	7.255064	-0.000000	0	T:69.0(0.32%),B:6387.0(7.74%),P:1e0	Tpos:25.9,Tstd:12.7,Bpos:13747.6,Bstd:18553.1,StrandBias:0.0,Multiplicity:1.00
0.001	0.001	0.001	0.997
0.997	0.001	0.001	0.001
0.001	0.001	0.001	0.997
0.001	0.997	0.001	0.001
0.388	0.001	0.001	0.610
0.191	0.251	0.300	0.258
0.288	0.267	0.194	0.251
0.288	0.235	0.203	0.273
0.266	0.229	0.212	0.293
0.259	0.265	0.205	0.271
0.302	0.232	0.180	0.286
0.289	0.239	0.188	0.285
>NHNHDVTATCTN	15-NHNHDVTATCTN	7.288796	-0.000000	0	T:1988.0(9.22%),B:33064.6(40.05%),P:1e0	Tpos:24.9,Tstd:12.8,Bpos:15264.5,Bstd:19180.0,StrandBias:-0.1,Multiplicity:1.02
0.268	0.281	0.277	0.174
0.297	0.343	0.001	0.360
0.304	0.270	0.170	0.255
0.231	0.240	0.171	0.358
0.360	0.001	0.323	0.316
0.303	0.305	0.265	0.128
0.001	0.001	0.001	0.997
0.997	0.001	0.001	0.001
0.001	0.001	0.001	0.997
0.001	0.997	0.001	0.001
0.001	0.001	0.001	0.997
0.224	0.264	0.252	0.260
>TATCTNNHNNNN	16-TATCTNNHNNNN	7.554208	-0.000000	0	T:57.0(0.26%),B:3863.8(4.68%),P:1e0	Tpos:25.5,Tstd:13.9,Bpos:14807.0,Bstd:18358.4,StrandBias:-0.2,Multiplicity:1.00
0.001	0.001	0.001	0.997
0.997	0.001	0.001	0.001
0.001	0.001	0.001	0.997
0.001	0.997	0.001	0.001
0.225	0.001	0.001	0.773
0.275	0.246	0.206	0.273
0.247	0.268	0.229	0.256
0.352	0.339	0.016	0.293
0.290	0.245	0.215	0.249
0.307	0.211	0.221	0.261
0.279	0.230	0.249	0.242
0.257	0.251	0.250	0.242
>NNNNNNYTATCT	17-NNNNNNYTATCT	7.166026	-0.000000	0	T:784.0(3.64%),B:9750.3(11.81%),P:1e0	Tpos:23.0,Tstd:17.9,Bpos:1562.0,Bstd:3734.0,StrandBias:-0.3,Multiplicity:1.00
0.287	0.239	0.239	0.235
0.275	0.255	0.199	0.270
0.274	0.221	0.224	0.281
0.277	0.203	0.214	0.306
0.214	0.244	0.207	0.335
0.191	0.305	0.265	0.239
0.169	0.337	0.027	0.467
0.177	0.032	0.005	0.786
0.990	0.005	0.002	0.003
0.010	0.002	0.002	0.986
0.003	0.992	0.004	0.001
0.321	0.051	0.130	0.498
>RVAGATAKNNWN	18-RVAGATAKNNWN	8.014346	-0.000000	0	T:175.0(0.81%),B:11875.5(14.38%),P:1e0	Tpos:25.8,Tstd:13.3,Bpos:15062.3,Bstd:18941.8,StrandBias:-0.3,Multiplicity:1.00
0.412	0.027	0.305	0.256
0.256	0.323	0.290	0.131
0.656	0.001	0.001	0.342
0.001	0.001	0.997	0.001
0.997	0.001	0.001	0.001
0.001	0.001	0.001	0.997
0.993	0.001	0.001	0.005
0.151	0.088	0.369	0.391
0.275	0.221	0.256	0.248
0.331	0.186	0.260	0.223
0.375	0.224	0.132	0.269
0.280	0.203	0.198	0.319
>NWDADRDVAGAT	19-NWDADRDVAGAT	8.196220	-0.000000	0	T:127.0(0.59%),B:13449.2(16.29%),P:1e0	Tpos:21.7,Tstd:13.0,Bpos:14592.5,Bstd:17843.4,StrandBias:-0.3,Multiplicity:1.00
0.306	0.203	0.219	0.273
0.351	0.176	0.185	0.289
0.347	0.131	0.218	0.304
0.594	0.001	0.404	0.001
0.375	0.001	0.315	0.309
0.439	0.003	0.324	0.235
0.387	0.001	0.296	0.316
0.322	0.256	0.258	0.165
0.862	0.001	0.001	0.136
0.001	0.001	0.997	0.001
0.997	0.001	0.001	0.001
0.001	0.001	0.001	0.997
>DGAYAGATAASW	20-DGAYAGATAASW	7.281554	-0.000000	0	T:1073.0(4.98%),B:12345.2(14.95%),P:1e0	Tpos:22.9,Tstd:13.0,Bpos:14699.3,Bstd:18015.0,StrandBias:-0.1,Multiplicity:1.00
0.360	0.074	0.221	0.344
0.066	0.261	0.470	0.202
0.481	0.300	0.146	0.073
0.131	0.407	0.201	0.261
0.624	0.005	0.179	0.192
0.035	0.025	0.931	0.009
0.677	0.036	0.010	0.277
0.156	0.104	0.116	0.624
0.766	0.020	0.088	0.126
0.539	0.001	0.341	0.119
0.128	0.351	0.451	0.070
0.411	0.211	0.117	0.261
>NNNDNNNWGATA	21-NNNDNNNWGATA	7.079663	-0.000000	0	T:204.0(0.95%),B:13205.1(15.99%),P:1e0	Tpos:24.4,Tstd:13.2,Bpos:14620.1,Bstd:19007.7,StrandBias:0.0,Multiplicity:1.03
0.276	0.211	0.235	0.278
0.246	0.231	0.249	0.274
0.295	0.224	0.231	0.251
0.308	0.001	0.316	0.375
0.260	0.212	0.244	0.283
0.215	0.234	0.257	0.293
0.273	0.261	0.240	0.226
0.459	0.001	0.001	0.539
0.001	0.001	0.997	0.001
0.997	0.001	0.001	0.001
0.001	0.001	0.001	0.997
0.997	0.001	0.001	0.001
>AGATAGATAGAT	22-AGATAGATAGAT	10.386995	-0.000000	0	T:104.0(0.48%),B:3770.2(4.57%),P:1e0	Tpos:27.8,Tstd:12.4,Bpos:15983.8,Bstd:20156.7,StrandBias:0.5,Multiplicity:1.05
0.754	0.001	0.029	0.216
0.058	0.001	0.912	0.029
0.826	0.058	0.115	0.001
0.071	0.047	0.001	0.881
0.878	0.049	0.028	0.045
0.001	0.001	0.997	0.001
0.997	0.001	0.001	0.001
0.059	0.181	0.059	0.701
0.997	0.001	0.001	0.001
0.001	0.001	0.941	0.057
0.997	0.001	0.001	0.001
0.045	0.157	0.059	0.739
>HTCTTATCTHWV	23-HTCTTATCTHWV	10.045984	0.000000	0	T:141.0(0.65%),B:1554.1(1.88%),P:1e0	Tpos:25.0,Tstd:20.0,Bpos:0.0,Bstd:0.0,StrandBias:0.0,Multiplicity:1.00
0.280	0.233	0.147	0.340
0.001	0.263	0.287	0.449
0.001	0.997	0.001	0.001
0.354	0.001	0.001	0.644
0.383	0.001	0.001	0.615
0.997	0.001	0.001	0.001
0.001	0.001	0.001	0.997
0.001	0.966	0.032	0.001
0.041	0.287	0.203	0.469
0.312	0.390	0.001	0.297
0.443	0.001	0.001	0.555
0.344	0.289	0.366	0.001
>NNNNHNYCTATC	24-NNNNHNYCTATC	8.084935	0.000000	0	T:4.0(0.02%),B:202.4(0.25%),P:1e0	Tpos:33.0,Tstd:11.8,Bpos:15104.8,Bstd:15478.3,StrandBias:1.0,Multiplicity:1.00
0.211	0.263	0.239	0.287
0.243	0.214	0.229	0.314
0.271	0.203	0.247	0.279
0.193	0.283	0.281	0.243
0.192	0.336	0.163	0.308
0.210	0.307	0.178	0.306
0.036	0.423	0.009	0.532
0.202	0.503	0.012	0.283
0.001	0.001	0.001	0.997
0.997	0.001	0.001	0.001
0.001	0.001	0.001	0.997
0.001	0.997	0.001	0.001
>NNNNNNHTATCT	25-NNNNNNHTATCT	7.395914	0.000000	0	T:1.0(0.00%),B:116.4(0.14%),P:1e0	Tpos:30.0,Tstd:0.0,Bpos:19146.1,Bstd:18517.4,StrandBias:-10.0,Multiplicity:1.00
0.270	0.252	0.226	0.253
0.263	0.256	0.217	0.265
0.268	0.250	0.230	0.252
0.283	0.231	0.196	0.290
0.272	0.291	0.223	0.215
0.233	0.251	0.243	0.274
0.326	0.377	0.002	0.295
0.001	0.001	0.001	0.997
0.997	0.001	0.001	0.001
0.001	0.001	0.001	0.997
0.001	0.997	0.001	0.001
0.410	0.001	0.001	0.588
