>NNBCTTATCT	1-NNBCTTATCT	5.259148	-0.000002	0	T:10108.0(46.90%),B:40194.7(48.68%),P:1e0	Tpos:25.0,Tstd:12.0,Bpos:14967.5,Bstd:18519.8,StrandBias:0.0,Multiplicity:1.19
0.250	0.227	0.273	0.250
0.262	0.205	0.253	0.280
0.089	0.319	0.264	0.329
0.082	0.436	0.210	0.273
0.040	0.038	0.001	0.921
0.067	0.024	0.015	0.894
0.934	0.031	0.002	0.033
0.002	0.016	0.001	0.981
0.001	0.997	0.001	0.001
0.370	0.052	0.015	0.563
>CTTATCTSTH	2-CTTATCTSTH	9.151312	-0.000000	0	T:250.0(1.16%),B:2568.1(3.11%),P:1e0	Tpos:19.5,Tstd:18.4,Bpos:1835.6,Bstd:2007.8,StrandBias:0.8,Multiplicity:1.00
0.171	0.457	0.193	0.179
0.032	0.370	0.001	0.597
0.001	0.001	0.001	0.997
0.997	0.001	0.001	0.001
0.001	0.001	0.001	0.997
0.001	0.997	0.001	0.001
0.119	0.001	0.001	0.879
0.158	0.366	0.279	0.197
0.237	0.248	0.102	0.413
0.251	0.259	0.164	0.326
>TATCTDGDNN	3-TATCTDGDNN	6.369631	-0.000000	0	T:5949.0(27.60%),B:39559.3(47.91%),P:1e0	Tpos:25.0,Tstd:13.6,Bpos:14976.0,Bstd:18629.7,StrandBias:0.1,Multiplicity:1.07
0.001	0.001	0.001	0.997
0.997	0.001	0.001	0.001
0.001	0.001	0.001	0.997
0.001	0.997	0.001	0.001
0.054	0.001	0.001	0.944
0.272	0.108	0.238	0.382
0.218	0.169	0.428	0.184
0.356	0.144	0.257	0.243
0.208	0.199	0.348	0.244
0.255	0.232	0.249	0.264
>TTTTTTTTTT	4-TTTTTTTTTT	5.259477	-0.000000	0	T:3031.0(14.06%),B:47722.0(57.80%),P:1e0	Tpos:25.0,Tstd:13.2,Bpos:15474.0,Bstd:18059.6,StrandBias:-0.0,Multiplicity:1.05
0.155	0.160	0.062	0.623
0.125	0.206	0.109	0.560
0.160	0.128	0.098	0.614
0.121	0.129	0.093	0.657
0.088	0.111	0.045	0.756
0.039	0.177	0.036	0.748
0.070	0.140	0.029	0.761
0.122	0.142	0.105	0.631
0.218	0.112	0.094	0.576
0.165	0.101	0.097	0.637
>NHNCHTGATA	5-NHNCHTGATA	4.789920	-0.000000	0	T:1560.0(7.24%),B:32280.4(39.10%),P:1e0	Tpos:24.9,Tstd:13.4,Bpos:15147.3,Bstd:18205.2,StrandBias:0.0,Multiplicity:1.02
0.237	0.336	0.209	0.218
0.341	0.223	0.161	0.275
0.313	0.228	0.218	0.242
0.001	0.997	0.001	0.001
0.341	0.299	0.019	0.341
0.001	0.001	0.001	0.997
0.001	0.001	0.980	0.018
0.997	0.001	0.001	0.001
0.001	0.001	0.018	0.980
0.971	0.027	0.001	0.001
>WAAWWAAAAA	6-WAAWWAAAAA	4.164303	-0.000000	0	T:6133.0(28.46%),B:57810.9(70.02%),P:1e0	Tpos:25.2,Tstd:13.4,Bpos:14961.2,Bstd:18500.7,StrandBias:0.1,Multiplicity:1.06
0.408	0.099	0.077	0.417
0.471	0.129	0.149	0.251
0.520	0.093	0.153	0.234
0.418	0.132	0.177	0.273
0.395	0.173	0.181	0.251
0.480	0.131	0.172	0.217
0.484	0.165	0.179	0.173
0.862	0.060	0.001	0.077
0.607	0.103	0.189	0.101
0.511	0.022	0.131	0.336
>AGATKWDNAW	7-AGATKWDNAW	7.455610	-0.000000	0	T:93.0(0.43%),B:9649.1(11.69%),P:1e0	Tpos:22.3,Tstd:13.4,Bpos:13774.3,Bstd:18224.4,StrandBias:1.0,Multiplicity:1.00
0.923	0.001	0.001	0.075
0.076	0.020	0.903	0.001
0.997	0.001	0.001	0.001
0.008	0.001	0.001	0.990
0.017	0.011	0.535	0.437
0.393	0.157	0.204	0.246
0.276	0.149	0.220	0.356
0.226	0.215	0.280	0.279
0.384	0.169	0.215	0.232
0.274	0.125	0.204	0.398
>TCTKWWWWWN	8-TCTKWWWWWN	5.831874	-0.000000	0	T:1193.0(5.54%),B:36121.1(43.75%),P:1e0	Tpos:25.7,Tstd:12.7,Bpos:15064.8,Bstd:18095.6,StrandBias:0.2,Multiplicity:1.02
0.001	0.001	0.001	0.997
0.001	0.997	0.001	0.001
0.259	0.001	0.001	0.739
0.157	0.200	0.377	0.265
0.318	0.250	0.001	0.431
0.388	0.199	0.136	0.277
0.401	0.106	0.135	0.358
0.319	0.141	0.178	0.362
0.416	0.111	0.111	0.363
0.285	0.182	0.220	0.314
>NNNNDNWGAT	9-NNNNDNWGAT	5.716094	-0.000000	0	T:668.0(3.10%),B:22670.4(27.46%),P:1e0	Tpos:23.9,Tstd:12.8,Bpos:15406.7,Bstd:18217.5,StrandBias:-0.2,Multiplicity:1.03
0.241	0.255	0.251	0.254
0.277	0.226	0.251	0.246
0.225	0.249	0.306	0.220
0.340	0.199	0.210	0.251
0.342	0.001	0.303	0.354
0.229	0.249	0.271	0.252
0.488	0.001	0.001	0.510
0.001	0.001	0.997	0.001
0.997	0.001	0.001	0.001
0.001	0.001	0.001	0.997
>WDMAGATKAD	10-WDMAGATKAD	6.926950	-0.000000	0	T:219.0(1.02%),B:15013.7(18.18%),P:1e0	Tpos:23.4,Tstd:11.8,Bpos:14437.2,Bstd:18346.1,StrandBias:0.0,Multiplicity:1.00
0.367	0.145	0.213	0.275
0.324	0.141	0.196	0.338
0.271	0.375	0.220	0.134
0.654	0.001	0.001	0.344
0.092	0.002	0.905	0.001
0.997	0.001	0.001	0.001
0.021	0.001	0.001	0.977
0.001	0.224	0.366	0.409
0.474	0.059	0.164	0.303
0.219	0.182	0.258	0.341
>NNDDCTGATA	11-NNDDCTGATA	2.147236	-0.000000	0	T:11685.0(54.22%),B:50758.7(61.48%),P:1e0	Tpos:25.6,Tstd:13.9,Bpos:15691.4,Bstd:19449.1,StrandBias:-0.1,Multiplicity:1.08
0.253	0.199	0.287	0.261
0.219	0.191	0.302	0.288
0.310	0.087	0.339	0.264
0.312	0.001	0.397	0.290
0.229	0.435	0.116	0.220
0.196	0.001	0.001	0.802
0.001	0.001	0.997	0.001
0.997	0.001	0.001	0.001
0.001	0.001	0.001	0.997
0.997	0.001	0.001	0.001
>NNCWGATAAN	12-NNCWGATAAN	7.588936	-0.000000	0	T:805.0(3.74%),B:7030.4(8.52%),P:1e0	Tpos:17.4,Tstd:18.4,Bpos:6751.6,Bstd:25214.3,StrandBias:-1.1,Multiplicity:1.00
0.288	0.175	0.248	0.288
0.292	0.202	0.274	0.233
0.184	0.407	0.196	0.213
0.553	0.014	0.002	0.431
0.001	0.001	0.997	0.001
0.995	0.001	0.003	0.001
0.001	0.014	0.011	0.974
0.879	0.001	0.039	0.081
0.496	0.009	0.319	0.176
0.194	0.231	0.344	0.232
>TTTTTTTTTT	13-TTTTTTTTTT	4.524669	-0.000000	0	T:4548.0(21.10%),B:53007.5(64.20%),P:1e0	Tpos:25.2,Tstd:13.2,Bpos:14932.9,Bstd:18348.1,StrandBias:0.0,Multiplicity:1.05
0.244	0.170	0.116	0.469
0.219	0.186	0.136	0.459
0.236	0.155	0.134	0.475
0.190	0.159	0.132	0.519
0.171	0.156	0.114	0.559
0.156	0.150	0.095	0.599
0.123	0.136	0.083	0.658
0.084	0.138	0.066	0.712
0.217	0.118	0.059	0.606
0.169	0.103	0.053	0.675
>WTTTTTTTTT	14-WTTTTTTTTT	4.575522	-0.000000	0	T:4839.0(22.45%),B:54081.6(65.50%),P:1e0	Tpos:25.3,Tstd:12.9,Bpos:14973.4,Bstd:18467.9,StrandBias:-0.0,Multiplicity:1.03
0.341	0.076	0.118	0.465
0.224	0.163	0.159	0.455
0.291	0.033	0.142	0.534
0.202	0.154	0.180	0.464
0.240	0.147	0.132	0.481
0.211	0.147	0.094	0.548
0.156	0.125	0.082	0.637
0.095	0.098	0.065	0.742
0.165	0.083	0.050	0.702
0.211	0.082	0.047	0.660
>AGATAGNDNN	15-AGATAGNDNN	7.617487	-0.000000	0	T:897.0(4.16%),B:20916.1(25.33%),P:1e0	Tpos:25.5,Tstd:13.3,Bpos:15190.5,Bstd:18816.2,StrandBias:0.0,Multiplicity:1.04
0.991	0.001	0.001	0.007
0.017	0.024	0.958	0.001
0.997	0.001	0.001	0.001
0.021	0.015	0.033	0.931
0.976	0.003	0.014	0.007
0.001	0.178	0.551	0.270
0.313	0.243	0.246	0.198
0.361	0.130	0.216	0.293
0.217	0.250	0.254	0.279
0.337	0.196	0.238	0.229
>NNDNDNWGAT	16-NNDNDNWGAT	5.590184	-0.000000	0	T:4263.0(19.78%),B:46061.8(55.79%),P:1e0	Tpos:24.6,Tstd:13.2,Bpos:15020.3,Bstd:18184.3,StrandBias:0.0,Multiplicity:1.04
0.295	0.190	0.214	0.302
0.290	0.172	0.225	0.313
0.287	0.166	0.214	0.334
0.241	0.161	0.292	0.306
0.362	0.070	0.249	0.318
0.300	0.252	0.279	0.169
0.562	0.001	0.001	0.436
0.001	0.001	0.997	0.001
0.997	0.001	0.001	0.001
0.001	0.001	0.001	0.997
>DNARAGATAA	17-DNARAGATAA	8.510619	-0.000000	0	T:2254.0(10.46%),B:21497.8(26.04%),P:1e0	Tpos:25.3,Tstd:19.2,Bpos:14237.9,Bstd:19046.9,StrandBias:0.0,Multiplicity:1.00
0.354	0.166	0.253	0.227
0.336	0.208	0.241	0.216
0.423	0.102	0.206	0.269
0.380	0.118	0.342	0.160
0.926	0.001	0.001	0.072
0.001	0.001	0.997	0.001
0.997	0.001	0.001	0.001
0.001	0.001	0.001	0.997
0.865	0.001	0.001	0.133
0.997	0.001	0.001	0.001
>AGATKWNDNW	18-AGATKWNDNW	7.653238	-0.000000	0	T:41.0(0.19%),B:7779.3(9.42%),P:1e0	Tpos:23.5,Tstd:13.4,Bpos:14865.2,Bstd:18664.5,StrandBias:0.0,Multiplicity:1.00
0.980	0.001	0.001	0.018
0.015	0.001	0.983	0.001
0.997	0.001	0.001	0.001
0.001	0.001	0.001	0.997
0.016	0.164	0.418	0.401
0.514	0.077	0.001	0.408
0.197	0.225	0.272	0.305
0.310	0.131	0.225	0.333
0.254	0.218	0.251	0.277
0.381	0.193	0.054	0.373
>NHHHNCAGAT	19-NHHHNCAGAT	6.311109	-0.000000	0	T:3093.0(14.35%),B:43509.5(52.70%),P:1e0	Tpos:24.4,Tstd:12.6,Bpos:15044.4,Bstd:18228.7,StrandBias:-0.1,Multiplicity:1.03
0.312	0.215	0.182	0.291
0.253	0.353	0.185	0.209
0.355	0.354	0.026	0.264
0.268	0.242	0.142	0.348
0.271	0.212	0.277	0.240
0.175	0.512	0.001	0.312
0.997	0.001	0.001	0.001
0.001	0.001	0.997	0.001
0.997	0.001	0.001	0.001
0.001	0.001	0.001	0.997
>AAAAAAAAAA	20-AAAAAAAAAA	3.790188	-0.000000	0	T:823.0(3.82%),B:35656.6(43.19%),P:1e0	Tpos:25.2,Tstd:13.0,Bpos:14846.2,Bstd:16995.6,StrandBias:0.0,Multiplicity:1.05
0.756	0.047	0.108	0.089
0.997	0.001	0.001	0.001
0.997	0.001	0.001	0.001
0.997	0.001	0.001	0.001
0.937	0.001	0.061	0.001
0.997	0.001	0.001	0.001
0.997	0.001	0.001	0.001
0.976	0.001	0.022	0.001
0.997	0.001	0.001	0.001
0.922	0.001	0.076	0.001
>WHWHMATCTK	21-WHWHMATCTK	7.723031	-0.000000	0	T:95.0(0.44%),B:11137.9(13.49%),P:1e0	Tpos:25.9,Tstd:13.7,Bpos:14707.4,Bstd:18707.2,StrandBias:0.6,Multiplicity:1.00
0.385	0.227	0.057	0.330
0.312	0.209	0.123	0.356
0.365	0.179	0.190	0.266
0.291	0.208	0.150	0.350
0.460	0.425	0.114	0.001
0.997	0.001	0.001	0.001
0.001	0.001	0.001	0.997
0.001	0.997	0.001	0.001
0.054	0.001	0.001	0.944
0.119	0.152	0.344	0.385
>HBVTATCTGY	22-HBVTATCTGY	8.462381	-0.000000	0	T:124.0(0.58%),B:9963.8(12.07%),P:1e0	Tpos:26.2,Tstd:13.2,Bpos:15316.8,Bstd:19558.8,StrandBias:0.7,Multiplicity:1.00
0.215	0.309	0.131	0.345
0.179	0.250	0.226	0.345
0.392	0.251	0.298	0.059
0.001	0.001	0.001	0.997
0.997	0.001	0.001	0.001
0.001	0.001	0.001	0.997
0.001	0.997	0.001	0.001
0.001	0.001	0.001	0.997
0.285	0.001	0.464	0.250
0.178	0.286	0.107	0.429
>NNVTATCTGY	23-NNVTATCTGY	8.784247	-0.000000	0	T:84.0(0.39%),B:6885.4(8.34%),P:1e0	Tpos:27.0,Tstd:13.1,Bpos:15769.7,Bstd:19247.2,StrandBias:0.2,Multiplicity:1.00
0.246	0.275	0.251	0.227
0.227	0.257	0.245	0.270
0.382	0.336	0.281	0.001
0.001	0.001	0.001	0.997
0.997	0.001	0.001	0.001
0.001	0.001	0.001	0.997
0.001	0.997	0.001	0.001
0.001	0.001	0.001	0.997
0.376	0.001	0.622	0.001
0.203	0.347	0.001	0.449
>TTATCWBNNN	24-TTATCWBNNN	8.234147	0.000000	0	T:37.0(0.17%),B:512.1(0.62%),P:1e0	Tpos:13.6,Tstd:14.7,Bpos:2406.1,Bstd:2412.5,StrandBias:2.0,Multiplicity:1.00
0.001	0.001	0.001	0.997
0.001	0.001	0.001	0.997
0.997	0.001	0.001	0.001
0.001	0.001	0.001	0.997
0.001	0.997	0.001	0.001
0.476	0.001	0.001	0.522
0.145	0.276	0.296	0.283
0.274	0.287	0.190	0.250
0.298	0.266	0.209	0.227
0.251	0.276	0.223	0.250
>TTATCWNYHN	25-TTATCWNYHN	7.775055	0.000000	0	T:153.0(0.71%),B:2579.8(3.12%),P:1e0	Tpos:27.9,Tstd:18.0,Bpos:16225.0,Bstd:20399.0,StrandBias:-0.5,Multiplicity:1.00
0.066	0.229	0.009	0.696
0.225	0.016	0.001	0.758
0.989	0.006	0.004	0.001
0.001	0.001	0.001	0.997
0.001	0.997	0.001	0.001
0.344	0.156	0.016	0.484
0.206	0.239	0.324	0.231
0.162	0.285	0.172	0.382
0.254	0.353	0.173	0.221
0.251	0.207	0.281	0.260
