>AAAAAAAAAAAA	20-AAAAAAAAAAAA,BestGuess:VRN1(ABI3VP1)/col-VRN1-DAP-Seq(GSE60143)/Homer(0.923)	10.169880	-0.000000	0	T:569.0(2.68%),B:2942.9(5.57%),P:1e0
0.572	0.066	0.169	0.193
0.597	0.067	0.182	0.154
0.642	0.063	0.174	0.121
0.709	0.055	0.140	0.096
0.717	0.017	0.172	0.094
0.750	0.015	0.176	0.059
0.764	0.044	0.145	0.047
0.682	0.049	0.183	0.086
0.645	0.061	0.183	0.111
0.637	0.072	0.161	0.130
0.574	0.079	0.192	0.155
0.561	0.074	0.173	0.192
