>CAGCGCCGACGG	5-CAGCGCCGACGG,BestGuess:PUCHI(AP2EREBP)/colamp-PUCHI-DAP-Seq(GSE60143)/Homer(0.720)	9.249898	-5.976245	0	T:6.0(1.53%),B:198.5(0.34%),P:1e-2
0.188	0.635	0.105	0.072
0.589	0.136	0.209	0.066
0.081	0.131	0.676	0.112
0.088	0.616	0.145	0.151
0.032	0.063	0.754	0.151
0.089	0.685	0.137	0.089
0.103	0.670	0.146	0.081
0.153	0.040	0.766	0.041
0.684	0.137	0.088	0.091
0.177	0.669	0.081	0.073
0.081	0.089	0.675	0.155
0.137	0.138	0.582	0.143
