>SGACCCCTGCGS	24-SGACCCCTGCGS,BestGuess:SUT1?/SacCer-Promoters/Homer(0.717)	8.768875	-0.324400	0	T:25.0(6.39%),B:4132.2(7.06%),P:1e0
0.192	0.385	0.422	0.001
0.065	0.090	0.844	0.001
0.719	0.096	0.150	0.035
0.078	0.649	0.085	0.188
0.001	0.782	0.004	0.213
0.074	0.778	0.147	0.001
0.040	0.812	0.074	0.074
0.001	0.104	0.253	0.642
0.001	0.039	0.959	0.001
0.076	0.858	0.001	0.065
0.001	0.001	0.933	0.065
0.060	0.513	0.423	0.004
