>YSGCGCGGMRMH	11-YSGCGCGGMRMH,BestGuess:PPRC1(RRM)/Homo_sapiens-RNCMPT00045-PBM/HughesRNA(0.776)	8.061046	-3.052207	0	T:5.0(1.28%),B:290.0(0.50%),P:1e-1
0.119	0.410	0.167	0.304
0.046	0.471	0.407	0.076
0.001	0.407	0.577	0.015
0.285	0.547	0.167	0.001
0.001	0.001	0.953	0.045
0.001	0.742	0.182	0.075
0.210	0.304	0.456	0.030
0.258	0.182	0.559	0.001
0.365	0.453	0.152	0.030
0.558	0.001	0.440	0.001
0.456	0.335	0.164	0.046
0.365	0.255	0.152	0.228
