# universalmotif version 1.16.0

---
name: motif7.motif_bmp_50
family: RRM
alphabet: DNA
type: PPM
icscore: 13.7699999999999995736744
nsites: 2076.0
pseudocount: 0.3333333333333333148296
bkg:
  A: 0.2856602519965287800829
  C: 0.2138880414880616198658
  G: 0.2141303788709418287617
  T: 0.2863213276444677712895
  AA: 0.0921065956232380300683
  AC: 0.0505694230625429938519
  AG: 0.0717884491420850007204
  AT: 0.0712014850579675145914
  CA: 0.073603320599594207474
  CC: 0.0568245042557005211603
  CG: 0.0115561369746991059876
  CT: 0.0718952565151840111701
  GA: 0.0600080170254320421908
  GC: 0.0464661632476187774765
  GG: 0.0569482048930810558218
  GT: 0.0507033532443075182772
  TA: 0.0599547584993621110461
  TC: 0.0600278886412003304107
  TG: 0.0738151831734152746867
  TT: 0.0925312600445715033315
bkgsites: 31033.9000000000014551915228
consensus: ATCTATCTATCT
strand: +-
pval: 1.0
extrainfo:
  logodds.threshold: '6.359377'
motif:
- 7.520e-01 7.900e-02 1.110e-01 5.800e-02
- 6.800e-02 2.300e-02 6.900e-02 8.400e-01
- 9.500e-02 8.360e-01 6.800e-02 1.000e-03
- 6.000e-03 4.000e-02 2.500e-02 9.290e-01
- 7.030e-01 1.150e-01 1.320e-01 5.000e-02
- 2.800e-02 6.200e-02 1.260e-01 7.840e-01
- 4.000e-02 8.750e-01 2.700e-02 5.800e-02
- 9.600e-02 8.000e-03 1.000e-03 8.950e-01
- 8.190e-01 7.900e-02 4.800e-02 5.400e-02
- 2.900e-02 6.600e-02 4.000e-03 9.010e-01
- 2.800e-02 8.730e-01 5.900e-02 4.000e-02
- 1.720e-01 3.600e-02 1.400e-02 7.780e-01

