# universalmotif version 1.16.0

---
name: motif6.motif_bmp_100
family: MacIsaac
alphabet: DNA
type: PPM
icscore: 12.7899999999999991473487
nsites: 439.0
pseudocount: 0.3333333333333333148296
bkg:
  A: 0.2856602519965287800829
  C: 0.2138880414880616198658
  G: 0.2141303788709418287617
  T: 0.2863213276444677712895
  AA: 0.0921065956232380300683
  AC: 0.0505694230625429938519
  AG: 0.0717884491420850007204
  AT: 0.0712014850579675145914
  CA: 0.073603320599594207474
  CC: 0.0568245042557005211603
  CG: 0.0115561369746991059876
  CT: 0.0718952565151840111701
  GA: 0.0600080170254320421908
  GC: 0.0464661632476187774765
  GG: 0.0569482048930810558218
  GT: 0.0507033532443075182772
  TA: 0.0599547584993621110461
  TC: 0.0600278886412003304107
  TG: 0.0738151831734152746867
  TT: 0.0925312600445715033315
bkgsites: 10418.7000000000007275957614
consensus: TATCTGTGBCTG
strand: +-
pval: 1.0
extrainfo:
  logodds.threshold: '9.690530'
motif:
- 7.400e-02 7.800e-02 9.100e-02 7.570e-01
- 5.280e-01 2.450e-01 8.500e-02 1.420e-01
- 1.230e-01 2.900e-02 2.900e-02 8.190e-01
- 3.200e-02 8.840e-01 8.000e-03 7.600e-02
- 1.950e-01 1.000e-03 6.500e-02 7.390e-01
- 1.000e-03 2.010e-01 7.290e-01 6.900e-02
- 4.000e-03 2.200e-02 7.500e-02 8.990e-01
- 1.700e-02 5.600e-02 8.590e-01 6.800e-02
- 3.200e-02 3.900e-01 2.610e-01 3.170e-01
- 1.500e-02 9.210e-01 1.000e-03 6.300e-02
- 5.500e-02 1.000e-03 1.000e-03 9.430e-01
- 4.400e-02 5.300e-02 8.730e-01 3.000e-02

