# universalmotif version 1.16.0

---
name: motif7.motif_bmp_raw
alphabet: DNA
type: PPM
icscore: 6.5599999999999996092015
nsites: 105.0
pseudocount: 0.3333333333333333148296
bkg:
  A: 0.2856602519965287800829
  C: 0.2138880414880616198658
  G: 0.2141303788709418287617
  T: 0.2863213276444677712895
  AA: 0.0921065956232380300683
  AC: 0.0505694230625429938519
  AG: 0.0717884491420850007204
  AT: 0.0712014850579675145914
  CA: 0.073603320599594207474
  CC: 0.0568245042557005211603
  CG: 0.0115561369746991059876
  CT: 0.0718952565151840111701
  GA: 0.0600080170254320421908
  GC: 0.0464661632476187774765
  GG: 0.0569482048930810558218
  GT: 0.0507033532443075182772
  TA: 0.0599547584993621110461
  TC: 0.0600278886412003304107
  TG: 0.0738151831734152746867
  TT: 0.0925312600445715033315
bkgsites: 4644.0
consensus: NHHRVCCACADN
strand: +-
pval: 1.0
extrainfo:
  logodds.threshold: '7.949660'
motif:
- 2.680e-01 2.460e-01 2.370e-01 2.490e-01
- 2.680e-01 2.810e-01 1.990e-01 2.520e-01
- 3.610e-01 3.150e-01 2.500e-02 2.990e-01
- 6.380e-01 3.900e-02 2.690e-01 5.400e-02
- 3.250e-01 3.700e-01 2.820e-01 2.300e-02
- 6.400e-02 8.050e-01 5.600e-02 7.500e-02
- 6.200e-02 8.730e-01 1.300e-02 5.200e-02
- 8.370e-01 6.400e-02 2.800e-02 7.100e-02
- 7.300e-02 7.780e-01 8.400e-02 6.500e-02
- 8.510e-01 4.800e-02 3.800e-02 6.300e-02
- 2.630e-01 1.890e-01 2.970e-01 2.510e-01
- 2.890e-01 2.600e-01 2.030e-01 2.480e-01

