>GTCTGTCTGTCT	11-GTCTGTCTGTCT	6.845614	-0.000000	0	T:1824.0(9.72%),B:34528.3(41.84%),P:1e0
0.129	0.125	0.641	0.105
0.091	0.089	0.103	0.717
0.073	0.699	0.137	0.091
0.098	0.028	0.035	0.839
0.047	0.105	0.745	0.103
0.079	0.091	0.066	0.764
0.075	0.728	0.110	0.087
0.080	0.031	0.023	0.866
0.076	0.122	0.707	0.095
0.070	0.094	0.076	0.760
0.087	0.715	0.102	0.096
0.081	0.075	0.026	0.818
