>HWVCCACANNNH	6-HWVCCACANNNH	7.967506	-0.000000	0	T:1.0(0.01%),B:90.2(0.11%),P:1e0
0.349	0.351	0.006	0.295
0.535	0.023	0.029	0.413
0.350	0.280	0.360	0.010
0.099	0.732	0.071	0.098
0.066	0.859	0.017	0.058
0.832	0.074	0.026	0.068
0.082	0.810	0.041	0.067
0.834	0.060	0.025	0.081
0.298	0.151	0.267	0.284
0.271	0.245	0.233	0.251
0.283	0.267	0.193	0.256
0.303	0.251	0.132	0.315
