>NNNNHWVCCAGA	18-NNNNHWVCCAGA	5.835547	-0.000000	0	T:3242.0(17.28%),B:39008.6(47.27%),P:1e0
0.292	0.208	0.207	0.292
0.303	0.204	0.197	0.296
0.305	0.203	0.211	0.281
0.268	0.261	0.207	0.264
0.330	0.293	0.029	0.347
0.325	0.019	0.185	0.471
0.353	0.272	0.324	0.051
0.196	0.590	0.049	0.165
0.086	0.853	0.018	0.043
0.859	0.042	0.028	0.071
0.041	0.277	0.663	0.019
0.832	0.059	0.041	0.068
