>AGATAGATAGAT	10-ATCTATCTATCT	10.992047	-0.000000	0	T:150.0(0.80%),B:2306.0(2.79%),P:1e0
0.701	0.053	0.131	0.115
0.091	0.075	0.742	0.092
0.728	0.100	0.087	0.085
0.078	0.097	0.106	0.719
0.811	0.035	0.068	0.086
0.083	0.049	0.803	0.065
0.749	0.098	0.085	0.068
0.061	0.106	0.100	0.733
0.811	0.050	0.064	0.075
0.063	0.060	0.785	0.092
0.684	0.119	0.106	0.091
0.064	0.092	0.108	0.736
