# universalmotif version 1.16.0

---
name: motif_refined_serum_50
alphabet: DNA
type: PPM
icscore: 11.2100000000000008526513
nsites: 295
pseudocount: 0.3333333333333333148296
bkg:
  A: 0.2856602519965287800829
  AA: 0.0921065956232380300683
  AC: 0.0505694230625429938519
  AG: 0.0717884491420850007204
  AT: 0.0712014850579675145914
  C: 0.2138880414880616198658
  CA: 0.073603320599594207474
  CC: 0.0568245042557005211603
  CG: 0.0115561369746991059876
  CT: 0.0718952565151840111701
  G: 0.2141303788709418287617
  GA: 0.0600080170254320421908
  GC: 0.0464661632476187774765
  GG: 0.0569482048930810558218
  GT: 0.0507033532443075182772
  T: 0.2863213276444677712895
  TA: 0.0599547584993621110461
  TC: 0.0600278886412003304107
  TG: 0.0738151831734152746867
  TT: 0.0925312600445715033315
consensus: SKCSGSCGSSSS
strand: +-
motif:
- 1.559e-01 4.373e-01 3.932e-01 1.356e-02
- 2.034e-02 1.288e-01 5.661e-01 2.847e-01
- 1.356e-02 8.237e-01 4.068e-02 1.220e-01
- 2.373e-02 6.678e-01 2.915e-01 1.695e-02
- 1.695e-02 5.424e-02 7.559e-01 1.729e-01
- 0.000e+00 4.203e-01 5.763e-01 3.390e-03
- 1.695e-02 9.525e-01 3.051e-02 0.000e+00
- 1.017e-02 4.068e-02 9.424e-01 6.780e-03
- 1.017e-02 6.983e-01 2.746e-01 1.695e-02
- 1.695e-02 6.271e-01 3.288e-01 2.712e-02
- 1.356e-02 6.136e-01 3.492e-01 2.373e-02
- 6.780e-03 4.644e-01 3.898e-01 1.390e-01

