# universalmotif version 1.16.0

---
name: motif_refined_serum_raw
alphabet: DNA
type: PPM
icscore: 10.4900000000000002131628
nsites: 1357
pseudocount: 0.3333333333333333148296
bkg:
  A: 0.2856602519965287800829
  AA: 0.0921065956232380300683
  AC: 0.0505694230625429938519
  AG: 0.0717884491420850007204
  AT: 0.0712014850579675145914
  C: 0.2138880414880616198658
  CA: 0.073603320599594207474
  CC: 0.0568245042557005211603
  CG: 0.0115561369746991059876
  CT: 0.0718952565151840111701
  G: 0.2141303788709418287617
  GA: 0.0600080170254320421908
  GC: 0.0464661632476187774765
  GG: 0.0569482048930810558218
  GT: 0.0507033532443075182772
  T: 0.2863213276444677712895
  TA: 0.0599547584993621110461
  TC: 0.0600278886412003304107
  TG: 0.0738151831734152746867
  TT: 0.0925312600445715033315
consensus: SKCCGSSGSSSR
strand: +-
motif:
- 2.063e-02 4.856e-01 4.856e-01 8.106e-03
- 1.326e-02 5.969e-02 6.743e-01 2.528e-01
- 1.916e-02 6.964e-01 9.506e-02 1.894e-01
- 4.127e-02 8.202e-01 9.654e-02 4.200e-02
- 2.358e-02 9.211e-02 8.416e-01 4.274e-02
- 1.105e-02 5.011e-01 4.768e-01 1.105e-02
- 1.990e-02 4.996e-01 4.679e-01 1.253e-02
- 2.727e-02 7.369e-02 8.659e-01 3.316e-02
- 2.211e-02 5.077e-01 4.606e-01 9.580e-03
- 1.548e-02 4.937e-01 4.746e-01 1.621e-02
- 2.432e-02 4.591e-01 5.004e-01 1.621e-02
- 2.697e-01 6.411e-02 6.500e-01 1.621e-02

