# universalmotif version 1.16.0

---
name: motif_refined_serum_100
alphabet: DNA
type: PPM
icscore: 13.5999999999999996447286
nsites: 225
pseudocount: 0.3333333333333333148296
bkg:
  A: 0.2856602519965287800829
  AA: 0.0921065956232380300683
  AC: 0.0505694230625429938519
  AG: 0.0717884491420850007204
  AT: 0.0712014850579675145914
  C: 0.2138880414880616198658
  CA: 0.073603320599594207474
  CC: 0.0568245042557005211603
  CG: 0.0115561369746991059876
  CT: 0.0718952565151840111701
  G: 0.2141303788709418287617
  GA: 0.0600080170254320421908
  GC: 0.0464661632476187774765
  GG: 0.0569482048930810558218
  GT: 0.0507033532443075182772
  T: 0.2863213276444677712895
  TA: 0.0599547584993621110461
  TC: 0.0600278886412003304107
  TG: 0.0738151831734152746867
  TT: 0.0925312600445715033315
consensus: CCGCGGGCCGGC
strand: +-
motif:
- 1.333e-02 7.911e-01 1.867e-01 8.889e-03
- 2.222e-02 7.867e-01 1.689e-01 2.222e-02
- 8.889e-03 1.778e-01 8.000e-01 1.333e-02
- 2.667e-02 8.178e-01 1.467e-01 8.889e-03
- 4.444e-03 1.956e-01 7.822e-01 1.778e-02
- 1.333e-02 2.000e-01 7.867e-01 0.000e+00
- 1.333e-02 1.867e-01 7.867e-01 1.333e-02
- 1.778e-02 8.311e-01 1.467e-01 4.444e-03
- 1.333e-02 7.422e-01 2.089e-01 3.556e-02
- 2.667e-02 1.822e-01 7.689e-01 2.222e-02
- 1.333e-02 1.333e-01 8.489e-01 4.444e-03
- 1.333e-02 7.733e-01 2.089e-01 4.444e-03

