# universalmotif version 1.16.0

---
name: motif4.motif_serum_100
alphabet: DNA
type: PPM
icscore: 9.5099999999999997868372
nsites: 2.0
pseudocount: 0.3333333333333333148296
bkg:
  A: 0.2856602519965287800829
  C: 0.2138880414880616198658
  G: 0.2141303788709418287617
  T: 0.2863213276444677712895
  AA: 0.0921065956232380300683
  AC: 0.0505694230625429938519
  AG: 0.0717884491420850007204
  AT: 0.0712014850579675145914
  CA: 0.073603320599594207474
  CC: 0.0568245042557005211603
  CG: 0.0115561369746991059876
  CT: 0.0718952565151840111701
  GA: 0.0600080170254320421908
  GC: 0.0464661632476187774765
  GG: 0.0569482048930810558218
  GT: 0.0507033532443075182772
  TA: 0.0599547584993621110461
  TC: 0.0600278886412003304107
  TG: 0.0738151831734152746867
  TT: 0.0925312600445715033315
bkgsites: 35.2000000000000028421709
consensus: GGGACCGGGCGG
strand: +-
pval: 1.0
extrainfo:
  logodds.threshold: '13.131224'
motif:
- 5.700e-02 6.400e-02 8.460e-01 3.300e-02
- 6.300e-02 6.100e-02 8.260e-01 5.000e-02
- 6.600e-02 6.500e-02 8.270e-01 4.200e-02
- 5.920e-01 1.560e-01 1.610e-01 9.100e-02
- 9.000e-02 6.940e-01 1.630e-01 5.300e-02
- 8.800e-02 7.090e-01 8.500e-02 1.180e-01
- 8.800e-02 9.800e-02 7.380e-01 7.600e-02
- 6.900e-02 1.040e-01 7.630e-01 6.400e-02
- 5.500e-02 9.000e-02 8.050e-01 5.000e-02
- 9.100e-02 6.970e-01 1.280e-01 8.400e-02
- 9.700e-02 9.000e-02 7.390e-01 7.400e-02
- 6.500e-02 9.600e-02 7.650e-01 7.400e-02

