# universalmotif version 1.16.0

---
name: motif4.motif_serum_50
alphabet: DNA
type: PPM
icscore: 4.03000000000000024869
nsites: 6.0
pseudocount: 0.3333333333333333148296
bkg:
  A: 0.2856602519965287800829
  C: 0.2138880414880616198658
  G: 0.2141303788709418287617
  T: 0.2863213276444677712895
  AA: 0.0921065956232380300683
  AC: 0.0505694230625429938519
  AG: 0.0717884491420850007204
  AT: 0.0712014850579675145914
  CA: 0.073603320599594207474
  CC: 0.0568245042557005211603
  CG: 0.0115561369746991059876
  CT: 0.0718952565151840111701
  GA: 0.0600080170254320421908
  GC: 0.0464661632476187774765
  GG: 0.0569482048930810558218
  GT: 0.0507033532443075182772
  TA: 0.0599547584993621110461
  TC: 0.0600278886412003304107
  TG: 0.0738151831734152746867
  TT: 0.0925312600445715033315
bkgsites: 198.5
consensus: TGCGGGSRGSNH
strand: +-
pval: 0.1000000000000000055511
extrainfo:
  logodds.threshold: '8.704030'
motif:
- 1.190e-01 1.640e-01 1.960e-01 5.210e-01
- 1.400e-01 1.420e-01 6.460e-01 7.200e-02
- 5.500e-02 5.700e-01 1.840e-01 1.910e-01
- 2.470e-01 8.100e-02 6.190e-01 5.300e-02
- 1.100e-01 2.200e-01 5.830e-01 8.700e-02
- 1.270e-01 1.490e-01 6.380e-01 8.600e-02
- 7.200e-02 5.560e-01 2.790e-01 9.300e-02
- 4.600e-01 9.700e-02 3.780e-01 6.500e-02
- 9.800e-02 1.440e-01 6.890e-01 6.900e-02
- 9.000e-02 2.730e-01 5.520e-01 8.500e-02
- 3.160e-01 2.140e-01 4.280e-01 4.200e-02
- 2.710e-01 3.220e-01 1.340e-01 2.730e-01

