# universalmotif version 1.16.0

---
name: motif4.motif_serum_raw
alphabet: DNA
type: PPM
icscore: 6.2000000000000001776357
nsites: 8.0
pseudocount: 0.3333333333333333148296
bkg:
  A: 0.2856602519965287800829
  C: 0.2138880414880616198658
  G: 0.2141303788709418287617
  T: 0.2863213276444677712895
  AA: 0.0921065956232380300683
  AC: 0.0505694230625429938519
  AG: 0.0717884491420850007204
  AT: 0.0712014850579675145914
  CA: 0.073603320599594207474
  CC: 0.0568245042557005211603
  CG: 0.0115561369746991059876
  CT: 0.0718952565151840111701
  GA: 0.0600080170254320421908
  GC: 0.0464661632476187774765
  GG: 0.0569482048930810558218
  GT: 0.0507033532443075182772
  TA: 0.0599547584993621110461
  TC: 0.0600278886412003304107
  TG: 0.0738151831734152746867
  TT: 0.0925312600445715033315
bkgsites: 325.3000000000000113686838
consensus: CGGGGCTCCGGG
strand: +-
pval: 1.0
extrainfo:
  logodds.threshold: '10.365861'
motif:
- 8.200e-02 6.690e-01 1.550e-01 9.400e-02
- 3.800e-02 1.460e-01 7.020e-01 1.140e-01
- 9.300e-02 1.530e-01 6.770e-01 7.700e-02
- 1.040e-01 1.700e-01 6.720e-01 5.400e-02
- 9.900e-02 1.240e-01 6.790e-01 9.800e-02
- 8.100e-02 6.340e-01 1.680e-01 1.170e-01
- 9.000e-02 1.540e-01 2.200e-01 5.360e-01
- 5.200e-02 6.490e-01 1.810e-01 1.180e-01
- 6.000e-02 6.980e-01 1.500e-01 9.200e-02
- 6.000e-02 1.550e-01 7.040e-01 8.100e-02
- 1.120e-01 1.440e-01 7.040e-01 4.000e-02
- 1.330e-01 1.000e-01 6.760e-01 9.100e-02

