# universalmotif version 1.16.0

---
name: motif5.motif_serum_100
alphabet: DNA
type: PPM
icscore: 11.5800000000000000710543
nsites: 3.0
pseudocount: 0.3333333333333333148296
bkg:
  A: 0.2856602519965287800829
  C: 0.2138880414880616198658
  G: 0.2141303788709418287617
  T: 0.2863213276444677712895
  AA: 0.0921065956232380300683
  AC: 0.0505694230625429938519
  AG: 0.0717884491420850007204
  AT: 0.0712014850579675145914
  CA: 0.073603320599594207474
  CC: 0.0568245042557005211603
  CG: 0.0115561369746991059876
  CT: 0.0718952565151840111701
  GA: 0.0600080170254320421908
  GC: 0.0464661632476187774765
  GG: 0.0569482048930810558218
  GT: 0.0507033532443075182772
  TA: 0.0599547584993621110461
  TC: 0.0600278886412003304107
  TG: 0.0738151831734152746867
  TT: 0.0925312600445715033315
bkgsites: 73.5999999999999943156581
consensus: GACAGCGGGAGC
strand: +-
pval: 1.0
extrainfo:
  logodds.threshold: '10.724133'
motif:
- 8.700e-02 1.210e-01 7.230e-01 6.900e-02
- 5.540e-01 1.490e-01 2.030e-01 9.400e-02
- 1.190e-01 6.560e-01 1.590e-01 6.600e-02
- 6.330e-01 1.170e-01 1.390e-01 1.110e-01
- 6.900e-02 1.300e-01 7.340e-01 6.700e-02
- 1.460e-01 6.080e-01 1.450e-01 1.010e-01
- 1.310e-01 1.190e-01 6.310e-01 1.190e-01
- 9.600e-02 8.100e-02 7.460e-01 7.700e-02
- 9.600e-02 1.490e-01 6.980e-01 5.700e-02
- 6.240e-01 1.220e-01 1.600e-01 9.400e-02
- 9.100e-02 1.190e-01 7.260e-01 6.400e-02
- 1.060e-01 6.690e-01 1.380e-01 8.700e-02

