# universalmotif version 1.16.0

---
name: motif6.motif_serum_100
family: AP2EREBP
alphabet: DNA
type: PPM
icscore: 3.7400000000000002131628
nsites: 8.0
pseudocount: 0.3333333333333333148296
bkg:
  A: 0.2856602519965287800829
  C: 0.2138880414880616198658
  G: 0.2141303788709418287617
  T: 0.2863213276444677712895
  AA: 0.0921065956232380300683
  AC: 0.0505694230625429938519
  AG: 0.0717884491420850007204
  AT: 0.0712014850579675145914
  CA: 0.073603320599594207474
  CC: 0.0568245042557005211603
  CG: 0.0115561369746991059876
  CT: 0.0718952565151840111701
  GA: 0.0600080170254320421908
  GC: 0.0464661632476187774765
  GG: 0.0569482048930810558218
  GT: 0.0507033532443075182772
  TA: 0.0599547584993621110461
  TC: 0.0600278886412003304107
  TG: 0.0738151831734152746867
  TT: 0.0925312600445715033315
bkgsites: 311.3000000000000113686838
consensus: NCGGCGGGGACN
strand: +-
pval: 1.0
extrainfo:
  logodds.threshold: '8.762950'
motif:
- 2.000e-01 2.410e-01 3.830e-01 1.760e-01
- 8.800e-02 7.010e-01 1.130e-01 9.800e-02
- 8.100e-02 1.690e-01 6.680e-01 8.200e-02
- 1.120e-01 1.580e-01 6.070e-01 1.230e-01
- 1.020e-01 6.560e-01 1.300e-01 1.120e-01
- 7.200e-02 1.740e-01 6.650e-01 8.900e-02
- 1.070e-01 1.750e-01 6.050e-01 1.130e-01
- 1.220e-01 1.450e-01 6.330e-01 1.000e-01
- 1.290e-01 1.250e-01 6.310e-01 1.150e-01
- 6.130e-01 1.470e-01 1.280e-01 1.120e-01
- 1.100e-01 6.170e-01 1.310e-01 1.420e-01
- 1.840e-01 2.450e-01 3.470e-01 2.240e-01

