# universalmotif version 1.16.0

---
name: motif1.motif_serum_raw
alphabet: DNA
type: PPM
icscore: 6.4000000000000003552714
nsites: 21.0
pseudocount: 0.3333333333333333148296
bkg:
  A: 0.2856602519965287800829
  C: 0.2138880414880616198658
  G: 0.2141303788709418287617
  T: 0.2863213276444677712895
  AA: 0.0921065956232380300683
  AC: 0.0505694230625429938519
  AG: 0.0717884491420850007204
  AT: 0.0712014850579675145914
  CA: 0.073603320599594207474
  CC: 0.0568245042557005211603
  CG: 0.0115561369746991059876
  CT: 0.0718952565151840111701
  GA: 0.0600080170254320421908
  GC: 0.0464661632476187774765
  GG: 0.0569482048930810558218
  GT: 0.0507033532443075182772
  TA: 0.0599547584993621110461
  TC: 0.0600278886412003304107
  TG: 0.0738151831734152746867
  TT: 0.0925312600445715033315
bkgsites: 618.6000000000000227373675
consensus: GCGCTGCGCCCG
strand: +-
pval: 0.0100000000000000002082
extrainfo:
  logodds.threshold: '9.773646'
motif:
- 9.600e-02 1.100e-01 6.800e-01 1.140e-01
- 9.800e-02 6.860e-01 9.900e-02 1.170e-01
- 7.800e-02 8.600e-02 7.110e-01 1.250e-01
- 9.900e-02 6.570e-01 1.230e-01 1.210e-01
- 1.260e-01 1.540e-01 1.790e-01 5.410e-01
- 1.040e-01 1.530e-01 6.410e-01 1.020e-01
- 1.040e-01 7.340e-01 8.400e-02 7.800e-02
- 7.100e-02 1.080e-01 7.200e-01 1.010e-01
- 9.800e-02 6.870e-01 1.130e-01 1.020e-01
- 1.100e-01 5.800e-01 1.760e-01 1.340e-01
- 1.100e-01 6.720e-01 1.340e-01 8.400e-02
- 1.000e-01 1.190e-01 6.910e-01 9.000e-02

