# universalmotif version 1.16.0

---
name: motif1.motif_serum_50
alphabet: DNA
type: PPM
icscore: 9.0700000000000002842171
nsites: 2.0
pseudocount: 0.3333333333333333148296
bkg:
  A: 0.2856602519965287800829
  C: 0.2138880414880616198658
  G: 0.2141303788709418287617
  T: 0.2863213276444677712895
  AA: 0.0921065956232380300683
  AC: 0.0505694230625429938519
  AG: 0.0717884491420850007204
  AT: 0.0712014850579675145914
  CA: 0.073603320599594207474
  CC: 0.0568245042557005211603
  CG: 0.0115561369746991059876
  CT: 0.0718952565151840111701
  GA: 0.0600080170254320421908
  GC: 0.0464661632476187774765
  GG: 0.0569482048930810558218
  GT: 0.0507033532443075182772
  TA: 0.0599547584993621110461
  TC: 0.0600278886412003304107
  TG: 0.0738151831734152746867
  TT: 0.0925312600445715033315
bkgsites: 13.5999999999999996447286
consensus: AGNTCTGCARGC
strand: +-
pval: 0.1000000000000000055511
extrainfo:
  logodds.threshold: '11.801709'
motif:
- 7.140e-01 6.300e-02 1.280e-01 9.500e-02
- 1.560e-01 1.560e-01 6.570e-01 3.100e-02
- 4.480e-01 2.000e-01 2.140e-01 1.380e-01
- 1.020e-01 2.020e-01 1.890e-01 5.070e-01
- 2.300e-02 8.650e-01 5.600e-02 5.600e-02
- 9.100e-02 7.300e-02 1.300e-02 8.230e-01
- 4.600e-02 2.120e-01 6.720e-01 7.000e-02
- 9.000e-02 7.020e-01 1.850e-01 2.300e-02
- 7.340e-01 2.250e-01 1.400e-02 2.700e-02
- 6.100e-01 1.800e-02 2.590e-01 1.130e-01
- 1.200e-01 6.100e-02 7.570e-01 6.200e-02
- 1.130e-01 6.560e-01 2.090e-01 2.200e-02

