# universalmotif version 1.16.0

---
name: motif_starved_caracteristico
alphabet: DNA
type: PPM
icscore: 11.130000000000000781597
nsites: 170.0
pseudocount: 0.3333333333333333148296
bkg:
  A: 0.2856602519965287800829
  C: 0.2138880414880616198658
  G: 0.2141303788709418287617
  T: 0.2863213276444677712895
consensus: TGYATMMYWTKKGAGGYWKBNY
strand: +-
motif:
- 2.970e-02 5.941e-02 7.921e-02 8.317e-01
- 3.960e-02 1.089e-01 7.030e-01 1.485e-01
- 8.911e-02 5.842e-01 3.960e-02 2.871e-01
- 7.040e-01 1.419e-01 8.462e-02 6.953e-02
- 8.827e-02 9.833e-02 1.593e-01 6.541e-01
- 2.892e-01 5.531e-01 8.827e-02 6.953e-02
- 2.691e-01 5.468e-01 7.955e-02 1.046e-01
- 1.244e-01 3.558e-01 5.598e-02 4.637e-01
- 5.359e-01 1.178e-01 7.728e-02 2.691e-01
- 6.304e-02 2.117e-01 1.224e-01 6.029e-01
- 4.497e-02 8.861e-02 3.985e-01 4.679e-01
- 5.161e-02 4.718e-02 3.167e-01 5.846e-01
- 1.115e-01 2.118e-01 6.533e-01 2.344e-02
- 5.114e-01 4.987e-02 1.899e-01 2.488e-01
- 4.327e-02 6.567e-02 7.338e-01 1.572e-01
- 1.948e-01 6.687e-02 6.786e-01 5.975e-02
- 1.378e-01 5.158e-01 4.582e-02 3.006e-01
- 5.531e-01 5.046e-02 5.991e-02 3.365e-01
- 1.507e-01 6.285e-02 5.215e-01 2.650e-01
- 5.278e-02 3.861e-01 2.548e-01 3.064e-01
- 1.684e-01 3.474e-01 3.368e-01 1.474e-01
- 4.211e-02 4.000e-01 4.211e-02 5.158e-01

