>AGATAGATAGAT	23-ATCTATCTATCT	6.227828	-0.000000	0	T:1520.0(8.10%),B:33464.1(41.14%),P:1e0
0.689	0.028	0.122	0.161
0.121	0.099	0.678	0.102
0.689	0.090	0.110	0.111
0.135	0.139	0.145	0.581
0.740	0.019	0.107	0.134
0.133	0.092	0.658	0.117
0.669	0.128	0.127	0.076
0.129	0.139	0.157	0.575
0.751	0.001	0.112	0.136
0.088	0.101	0.681	0.130
0.607	0.143	0.123	0.127
0.133	0.113	0.135	0.619
