>TATCTAATCAGC	2-TATCTAATCAGC	10.125443	-2.419084	0	T:15.0(0.08%),B:41.4(0.05%),P:1e-1
0.122	0.113	0.056	0.709
0.694	0.101	0.089	0.116
0.099	0.060	0.085	0.756
0.092	0.749	0.090	0.069
0.155	0.039	0.027	0.779
0.463	0.163	0.172	0.202
0.574	0.162	0.105	0.159
0.182	0.132	0.100	0.586
0.133	0.594	0.114	0.159
0.661	0.078	0.027	0.234
0.185	0.140	0.505	0.170
0.216	0.509	0.127	0.148
