>ATAGATAGATGA	24-ATAGATAGATGA	10.280802	-0.000000	0	T:17.0(0.09%),B:619.4(0.76%),P:1e0
0.679	0.094	0.118	0.109
0.134	0.125	0.119	0.622
0.740	0.049	0.108	0.103
0.137	0.104	0.627	0.132
0.705	0.098	0.088	0.109
0.138	0.141	0.127	0.594
0.742	0.043	0.111	0.104
0.141	0.121	0.619	0.119
0.650	0.113	0.104	0.133
0.161	0.044	0.109	0.686
0.139	0.107	0.637	0.117
0.699	0.103	0.094	0.104
