>TTTTTTTYTYTT	8-AARARAAAAAAA	6.269241	-0.000000	0	T:1360.0(7.25%),B:40481.4(49.77%),P:1e0
0.153	0.283	0.092	0.472
0.103	0.246	0.063	0.588
0.097	0.235	0.125	0.543
0.051	0.294	0.072	0.583
0.026	0.345	0.031	0.598
0.001	0.296	0.001	0.702
0.001	0.326	0.067	0.606
0.073	0.380	0.068	0.479
0.020	0.333	0.027	0.620
0.103	0.348	0.081	0.467
0.173	0.259	0.003	0.565
0.123	0.268	0.120	0.489
