>GATAARRWNDNN	7-GATAARRWNDNN	8.176557	-0.000001	0	T:8.0(0.04%),B:139.2(0.17%),P:1e0
0.023	0.025	0.927	0.025
0.908	0.020	0.038	0.034
0.034	0.026	0.039	0.901
0.736	0.016	0.012	0.236
0.519	0.055	0.212	0.214
0.357	0.088	0.447	0.108
0.444	0.157	0.327	0.071
0.398	0.057	0.242	0.302
0.311	0.177	0.240	0.272
0.347	0.180	0.214	0.260
0.286	0.179	0.239	0.295
0.283	0.167	0.259	0.291
