>NTCTGTGGTTTN	25-NTCTGTGGTTTN	8.434712	-0.000000	0	T:1.0(0.01%),B:111.2(0.14%),P:1e0
0.224	0.204	0.296	0.276
0.233	0.187	0.083	0.497
0.084	0.496	0.209	0.211
0.112	0.062	0.068	0.758
0.077	0.241	0.564	0.118
0.116	0.050	0.186	0.648
0.115	0.057	0.667	0.161
0.137	0.119	0.568	0.176
0.085	0.233	0.207	0.475
0.097	0.223	0.098	0.582
0.226	0.083	0.200	0.491
0.264	0.268	0.222	0.246
