>AVARAMAVAVAR	9-AVARAMAVAVAR	6.775994	-0.000000	0	T:712.0(3.79%),B:33587.4(41.29%),P:1e0
0.705	0.080	0.101	0.114
0.344	0.210	0.269	0.176
0.729	0.067	0.102	0.102
0.422	0.090	0.412	0.075
0.682	0.090	0.123	0.105
0.411	0.274	0.258	0.056
0.724	0.075	0.090	0.111
0.356	0.290	0.290	0.065
0.722	0.073	0.090	0.115
0.360	0.220	0.364	0.056
0.751	0.072	0.076	0.101
0.381	0.061	0.340	0.218
