>NTTATCTATCTN	10-NTTATCTATCTN	6.589963	-0.000000	0	T:1681.0(8.96%),B:32538.6(40.00%),P:1e0
0.301	0.245	0.196	0.257
0.155	0.155	0.102	0.588
0.156	0.149	0.103	0.592
0.617	0.144	0.096	0.143
0.121	0.080	0.119	0.680
0.119	0.633	0.103	0.145
0.073	0.086	0.007	0.834
0.636	0.130	0.099	0.135
0.068	0.084	0.077	0.771
0.094	0.739	0.064	0.103
0.101	0.029	0.004	0.866
0.249	0.258	0.206	0.287
