>NNDNWTBTTATC	21-NNDNWTBTTATC	7.652521	-0.000000	0	T:6.0(0.03%),B:230.3(0.28%),P:1e0
0.233	0.230	0.255	0.282
0.275	0.173	0.231	0.321
0.271	0.146	0.260	0.323
0.240	0.209	0.241	0.309
0.270	0.194	0.176	0.360
0.074	0.264	0.221	0.440
0.146	0.354	0.220	0.280
0.186	0.211	0.113	0.489
0.340	0.028	0.037	0.595
0.933	0.001	0.002	0.064
0.011	0.048	0.001	0.940
0.001	0.971	0.027	0.001
