>AWCTTCCCTKAT	14-ATMAGGGAAGWT	5.898514	-0.000000	0	T:1462.0(7.79%),B:34213.8(42.06%),P:1e0
0.834	0.081	0.015	0.070
0.388	0.033	0.201	0.378
0.277	0.464	0.234	0.025
0.037	0.238	0.019	0.706
0.042	0.073	0.311	0.574
0.167	0.531	0.285	0.017
0.259	0.665	0.025	0.051
0.034	0.878	0.012	0.076
0.047	0.120	0.001	0.832
0.031	0.034	0.435	0.500
0.694	0.147	0.025	0.134
0.034	0.038	0.035	0.893
