>TTTTTTTTTTTT	16-TTTTTTTTTTTT	5.829346	-0.000000	0	T:1791.0(9.55%),B:42915.3(52.76%),P:1e0
0.137	0.179	0.089	0.595
0.094	0.274	0.103	0.529
0.145	0.001	0.094	0.760
0.093	0.229	0.173	0.505
0.112	0.245	0.079	0.564
0.120	0.171	0.090	0.619
0.098	0.231	0.109	0.562
0.115	0.246	0.088	0.551
0.105	0.221	0.077	0.597
0.114	0.247	0.106	0.533
0.160	0.152	0.083	0.605
0.129	0.245	0.104	0.522
