>NAGATADGRNAD	6-NAGATADGRNAD	9.148557	-0.000008	0	T:5.0(0.03%),B:98.2(0.12%),P:1e0
0.248	0.220	0.259	0.273
0.684	0.024	0.041	0.251
0.009	0.031	0.928	0.032
0.939	0.020	0.020	0.021
0.010	0.012	0.023	0.955
0.760	0.019	0.018	0.203
0.359	0.027	0.330	0.283
0.046	0.066	0.675	0.213
0.407	0.187	0.340	0.066
0.322	0.207	0.193	0.277
0.450	0.210	0.253	0.087
0.297	0.165	0.206	0.332
