>NCACAGADAAGV	20-NCACAGADAAGV	6.136979	-0.000000	0	T:2307.0(12.30%),B:35670.6(43.85%),P:1e0
0.320	0.191	0.287	0.202
0.118	0.678	0.100	0.104
0.769	0.093	0.044	0.094
0.097	0.723	0.125	0.055
0.834	0.036	0.042	0.088
0.055	0.053	0.809	0.083
0.742	0.093	0.087	0.078
0.285	0.179	0.203	0.333
0.522	0.125	0.279	0.074
0.760	0.046	0.091	0.103
0.118	0.081	0.716	0.085
0.386	0.242	0.253	0.119
