>SCGGCGCG	1-SCGGCGCG	6.496049	-0.146473	0	T:146.0(13.31%),B:10141.2(14.43%),P:1e0	Tpos:97.4,Tstd:53.3,Bpos:3684.0,Bstd:12706.1,StrandBias:0.1,Multiplicity:1.28
0.122	0.416	0.363	0.099
0.001	0.861	0.137	0.001
0.001	0.336	0.559	0.104
0.001	0.184	0.814	0.001
0.160	0.666	0.124	0.050
0.001	0.119	0.753	0.127
0.001	0.853	0.145	0.001
0.116	0.145	0.738	0.001
>HGGCSCSG	2-HGGCSCSG	6.963229	-0.068360	0	T:20.0(1.82%),B:1733.2(2.47%),P:1e0	Tpos:71.6,Tstd:37.3,Bpos:9640.0,Bstd:18004.1,StrandBias:2.0,Multiplicity:1.00
0.327	0.283	0.121	0.270
0.001	0.237	0.569	0.193
0.001	0.329	0.669	0.001
0.065	0.761	0.173	0.001
0.001	0.448	0.550	0.001
0.001	0.596	0.402	0.001
0.001	0.521	0.477	0.001
0.001	0.001	0.997	0.001
>CGGCGGCG	3-CGGCGGCG	7.327644	-0.022285	0	T:97.0(8.84%),B:7480.5(10.65%),P:1e0	Tpos:89.2,Tstd:56.1,Bpos:2848.0,Bstd:10675.3,StrandBias:-0.4,Multiplicity:1.31
0.068	0.768	0.115	0.049
0.070	0.162	0.685	0.083
0.054	0.080	0.811	0.055
0.043	0.780	0.139	0.038
0.103	0.167	0.669	0.061
0.054	0.093	0.829	0.024
0.091	0.771	0.104	0.034
0.049	0.176	0.690	0.085
>NSCGGCSS	4-NSCGGCSS	4.901714	-0.020440	0	T:31.0(2.83%),B:2771.6(3.94%),P:1e0	Tpos:117.5,Tstd:51.7,Bpos:4542.7,Bstd:14761.7,StrandBias:-1.6,Multiplicity:1.00
0.202	0.317	0.286	0.194
0.124	0.315	0.395	0.166
0.079	0.681	0.173	0.067
0.085	0.257	0.577	0.081
0.116	0.283	0.487	0.114
0.133	0.555	0.201	0.111
0.096	0.358	0.450	0.096
0.182	0.331	0.343	0.144
>GGGCGCGS	5-GGGCGCGS	7.183462	-0.011140	0	T:28.0(2.55%),B:2646.8(3.77%),P:1e0	Tpos:106.0,Tstd:56.2,Bpos:3725.3,Bstd:12629.9,StrandBias:0.6,Multiplicity:1.00
0.142	0.207	0.549	0.102
0.184	0.090	0.654	0.072
0.088	0.291	0.600	0.021
0.122	0.532	0.298	0.048
0.006	0.202	0.697	0.095
0.114	0.650	0.235	0.001
0.012	0.006	0.888	0.094
0.120	0.436	0.389	0.055
>CGCTCGCG	6-CGCTCGCG	8.639006	-0.010153	0	T:24.0(2.19%),B:2349.7(3.34%),P:1e0	Tpos:77.2,Tstd:61.8,Bpos:5423.9,Bstd:15119.7,StrandBias:0.5,Multiplicity:1.00
0.001	0.997	0.001	0.001
0.001	0.001	0.997	0.001
0.001	0.729	0.223	0.047
0.001	0.172	0.262	0.565
0.001	0.997	0.001	0.001
0.001	0.194	0.804	0.001
0.001	0.861	0.137	0.001
0.001	0.001	0.997	0.001
>TCGCCGGC	7-TCGCCGGC	8.302968	-0.010104	0	T:6.0(0.55%),B:839.6(1.19%),P:1e0	Tpos:100.0,Tstd:49.5,Bpos:8747.5,Bstd:20219.7,StrandBias:1.0,Multiplicity:1.00
0.078	0.186	0.238	0.499
0.055	0.731	0.080	0.134
0.043	0.185	0.683	0.089
0.001	0.663	0.335	0.001
0.012	0.860	0.117	0.011
0.066	0.160	0.773	0.001
0.012	0.131	0.780	0.077
0.071	0.719	0.192	0.018
>GCCGCCGG	8-GCCGCCGG	8.786079	-0.006091	0	T:28.0(2.55%),B:2742.6(3.90%),P:1e0	Tpos:112.0,Tstd:42.5,Bpos:3580.7,Bstd:11633.7,StrandBias:0.0,Multiplicity:1.00
0.050	0.133	0.775	0.042
0.066	0.702	0.177	0.055
0.059	0.755	0.090	0.096
0.034	0.116	0.787	0.063
0.041	0.748	0.161	0.050
0.059	0.778	0.128	0.035
0.062	0.144	0.735	0.059
0.077	0.155	0.722	0.046
>CSCSGCGS	9-CSCSGCGS	7.324273	-0.004496	0	T:81.0(7.38%),B:6747.7(9.60%),P:1e0	Tpos:107.9,Tstd:55.9,Bpos:4775.7,Bstd:14063.4,StrandBias:-0.2,Multiplicity:1.00
0.084	0.525	0.349	0.042
0.001	0.365	0.426	0.208
0.001	0.997	0.001	0.001
0.053	0.471	0.427	0.048
0.001	0.215	0.783	0.001
0.001	0.997	0.001	0.001
0.028	0.291	0.636	0.045
0.001	0.518	0.480	0.001
>CGCSGCGS	10-CGCSGCGS	5.429760	-0.002447	0	T:210.0(19.14%),B:15891.5(22.62%),P:1e0	Tpos:96.0,Tstd:58.1,Bpos:5527.6,Bstd:15156.9,StrandBias:-0.2,Multiplicity:1.21
0.136	0.509	0.242	0.113
0.001	0.265	0.618	0.116
0.055	0.576	0.321	0.048
0.149	0.370	0.412	0.068
0.030	0.383	0.535	0.052
0.086	0.730	0.179	0.005
0.050	0.230	0.652	0.068
0.078	0.427	0.491	0.004
>SSCSGCGS	11-SSCSGCGS	7.217880	-0.002400	0	T:29.0(2.64%),B:2962.3(4.22%),P:1e0	Tpos:136.7,Tstd:40.0,Bpos:2734.8,Bstd:9211.2,StrandBias:1.0,Multiplicity:1.00
0.035	0.431	0.356	0.178
0.034	0.432	0.495	0.039
0.008	0.896	0.080	0.016
0.079	0.447	0.405	0.069
0.004	0.052	0.886	0.058
0.091	0.825	0.056	0.028
0.081	0.186	0.673	0.060
0.019	0.495	0.460	0.026
>SGCGGCGC	12-SGCGGCGC	6.341589	-0.002148	0	T:91.0(8.30%),B:7631.2(10.86%),P:1e0	Tpos:84.3,Tstd:60.0,Bpos:4033.1,Bstd:11706.5,StrandBias:0.4,Multiplicity:1.00
0.087	0.470	0.374	0.068
0.020	0.140	0.692	0.148
0.079	0.649	0.256	0.016
0.121	0.281	0.511	0.087
0.070	0.384	0.545	0.001
0.082	0.621	0.296	0.001
0.001	0.173	0.825	0.001
0.088	0.513	0.355	0.044
>CSGSSGCY	13-CSGSSGCY	7.328078	-0.002132	0	T:14.0(1.28%),B:1730.5(2.46%),P:1e0	Tpos:106.3,Tstd:26.2,Bpos:6435.6,Bstd:14690.5,StrandBias:-1.0,Multiplicity:1.00
0.001	0.973	0.025	0.001
0.001	0.527	0.471	0.001
0.001	0.409	0.589	0.001
0.001	0.432	0.566	0.001
0.001	0.569	0.429	0.001
0.001	0.379	0.619	0.001
0.001	0.997	0.001	0.001
0.203	0.297	0.114	0.387
>GSGCCGSG	14-GSGCCGSG	6.634723	-0.001673	0	T:74.0(6.75%),B:6446.9(9.18%),P:1e0	Tpos:101.0,Tstd:48.3,Bpos:3984.9,Bstd:11793.4,StrandBias:0.4,Multiplicity:1.00
0.001	0.335	0.658	0.006
0.090	0.485	0.424	0.001
0.117	0.215	0.488	0.180
0.001	0.594	0.402	0.003
0.049	0.627	0.283	0.041
0.001	0.269	0.729	0.001
0.054	0.476	0.469	0.001
0.112	0.146	0.660	0.082
>SCGCGSCG	15-SCGCGSCG	6.420361	-0.001321	0	T:92.0(8.39%),B:7808.2(11.11%),P:1e0	Tpos:50.7,Tstd:39.6,Bpos:4786.6,Bstd:13584.1,StrandBias:1.3,Multiplicity:1.00
0.154	0.455	0.387	0.003
0.242	0.647	0.098	0.013
0.070	0.227	0.647	0.056
0.179	0.554	0.234	0.033
0.029	0.204	0.737	0.030
0.076	0.505	0.418	0.001
0.151	0.701	0.125	0.023
0.041	0.044	0.806	0.109
>GCGSCSCG	16-GCGSCSCG	6.351503	-0.001015	0	T:67.0(6.11%),B:6024.1(8.57%),P:1e0	Tpos:99.6,Tstd:53.2,Bpos:4024.6,Bstd:12344.9,StrandBias:0.2,Multiplicity:1.06
0.047	0.219	0.609	0.125
0.096	0.653	0.250	0.001
0.154	0.220	0.498	0.127
0.092	0.458	0.351	0.099
0.050	0.700	0.247	0.003
0.001	0.488	0.433	0.078
0.078	0.611	0.268	0.043
0.139	0.156	0.603	0.102
>CGSGSSCB	17-CGSGSSCB	7.072711	-0.000614	0	T:11.0(1.00%),B:1592.9(2.27%),P:1e0	Tpos:105.8,Tstd:40.9,Bpos:6250.5,Bstd:15427.3,StrandBias:-1.6,Multiplicity:1.00
0.001	0.997	0.001	0.001
0.001	0.406	0.592	0.001
0.001	0.431	0.567	0.001
0.001	0.350	0.648	0.001
0.001	0.521	0.477	0.001
0.001	0.460	0.538	0.001
0.001	0.955	0.043	0.001
0.160	0.246	0.284	0.310
>CGCBSCGG	18-CGCBSCGG	6.227963	-0.000399	0	T:85.0(7.75%),B:7537.0(10.73%),P:1e0	Tpos:98.8,Tstd:58.4,Bpos:4962.1,Bstd:14357.8,StrandBias:-0.1,Multiplicity:1.03
0.188	0.579	0.232	0.001
0.001	0.176	0.624	0.199
0.001	0.752	0.119	0.128
0.113	0.283	0.358	0.247
0.001	0.466	0.473	0.061
0.001	0.687	0.311	0.001
0.001	0.395	0.603	0.001
0.001	0.264	0.588	0.147
>CGGSGVGG	19-CGGSGVGG	7.155190	-0.000108	0	T:54.0(4.92%),B:5409.6(7.70%),P:1e0	Tpos:96.5,Tstd:53.7,Bpos:5290.7,Bstd:14439.1,StrandBias:-0.3,Multiplicity:1.06
0.029	0.838	0.065	0.068
0.035	0.042	0.889	0.034
0.001	0.271	0.727	0.001
0.234	0.415	0.334	0.017
0.048	0.149	0.769	0.034
0.265	0.403	0.331	0.001
0.098	0.234	0.592	0.076
0.001	0.418	0.577	0.004
>SCGSSGCG	20-SCGSSGCG	4.971715	-0.000007	0	T:105.0(9.57%),B:9752.1(13.88%),P:1e0	Tpos:168.7,Tstd:17.5,Bpos:5950.3,Bstd:15587.0,StrandBias:-1.0,Multiplicity:1.00
0.141	0.314	0.364	0.180
0.086	0.658	0.159	0.097
0.070	0.322	0.488	0.120
0.079	0.474	0.392	0.055
0.126	0.411	0.348	0.115
0.071	0.273	0.553	0.103
0.167	0.552	0.136	0.145
0.117	0.256	0.480	0.147
>CCCGCCCS	21-CCCGCCCS	6.483003	-0.000002	0	T:162.0(14.77%),B:14171.7(20.17%),P:1e0	Tpos:98.5,Tstd:54.3,Bpos:6270.0,Bstd:15989.8,StrandBias:0.0,Multiplicity:1.23
0.117	0.600	0.118	0.165
0.014	0.537	0.343	0.106
0.001	0.757	0.241	0.001
0.047	0.145	0.569	0.239
0.102	0.876	0.001	0.021
0.001	0.493	0.265	0.241
0.001	0.580	0.418	0.001
0.013	0.534	0.433	0.020
>CSSGGCCS	22-CSSGGCCS	6.250090	-0.000000	0	T:28.0(2.55%),B:4092.8(5.82%),P:1e0	Tpos:108.1,Tstd:47.5,Bpos:9838.3,Bstd:18960.9,StrandBias:-1.3,Multiplicity:1.00
0.045	0.525	0.302	0.128
0.034	0.526	0.406	0.034
0.015	0.512	0.439	0.034
0.033	0.156	0.810	0.001
0.126	0.209	0.618	0.047
0.072	0.556	0.319	0.053
0.048	0.558	0.301	0.093
0.155	0.332	0.360	0.154
>SCCGGSSC	23-SCCGGSSC	6.116928	-0.000000	0	T:333.0(30.36%),B:30988.2(44.10%),P:1e0	Tpos:91.8,Tstd:56.3,Bpos:9025.3,Bstd:17583.5,StrandBias:0.2,Multiplicity:1.34
0.001	0.467	0.531	0.001
0.001	0.740	0.258	0.001
0.001	0.688	0.310	0.001
0.001	0.419	0.579	0.001
0.001	0.423	0.575	0.001
0.001	0.472	0.526	0.001
0.001	0.519	0.479	0.001
0.001	0.770	0.228	0.001
>NGCCSSGG	24-NGCCSSGG	6.513960	0.000000	0	T:47.0(4.28%),B:6571.6(9.35%),P:1e0	Tpos:124.4,Tstd:54.4,Bpos:9932.2,Bstd:18408.7,StrandBias:2.3,Multiplicity:1.00
0.285	0.242	0.209	0.264
0.001	0.266	0.662	0.071
0.001	0.614	0.257	0.128
0.001	0.997	0.001	0.001
0.001	0.525	0.473	0.001
0.001	0.534	0.464	0.001
0.001	0.368	0.630	0.001
0.020	0.395	0.560	0.025
>CCGGGSSN	25-CCGGGSSN	6.784075	0.000000	0	T:38.0(3.46%),B:6245.7(8.89%),P:1e0	Tpos:78.2,Tstd:36.4,Bpos:10373.9,Bstd:17284.7,StrandBias:-2.0,Multiplicity:1.00
0.017	0.712	0.270	0.001
0.001	0.671	0.327	0.001
0.001	0.355	0.643	0.001
0.001	0.243	0.755	0.001
0.001	0.248	0.750	0.001
0.001	0.461	0.537	0.001
0.001	0.523	0.475	0.001
0.276	0.292	0.185	0.247
