>CGGCGCCTCGGC	1-CGGCGCCTCGGC	10.245007	-7.429297	0	T:8.0(0.73%),B:113.9(0.16%),P:1e-3	Tpos:83.0,Tstd:58.1,Bpos:2847.0,Bstd:9255.1,StrandBias:0.0,Multiplicity:1.00
0.097	0.698	0.110	0.095
0.082	0.125	0.704	0.089
0.086	0.101	0.709	0.104
0.101	0.728	0.077	0.094
0.088	0.102	0.714	0.096
0.142	0.636	0.122	0.100
0.082	0.632	0.133	0.153
0.124	0.116	0.146	0.614
0.099	0.701	0.099	0.101
0.127	0.146	0.634	0.093
0.106	0.136	0.613	0.145
0.121	0.617	0.146	0.116
>CGGSCGCSSCGM	2-CGGSCGCSSCGM	8.248729	-6.495022	0	T:16.0(1.46%),B:424.8(0.60%),P:1e-2	Tpos:85.6,Tstd:45.6,Bpos:1738.2,Bstd:7408.0,StrandBias:0.0,Multiplicity:1.00
0.182	0.459	0.233	0.125
0.164	0.294	0.516	0.026
0.169	0.254	0.443	0.134
0.147	0.361	0.331	0.160
0.108	0.670	0.221	0.001
0.039	0.098	0.781	0.082
0.179	0.622	0.095	0.104
0.156	0.359	0.441	0.043
0.082	0.462	0.356	0.100
0.121	0.566	0.300	0.013
0.234	0.057	0.640	0.069
0.325	0.370	0.102	0.203
>CTCGCGCGAACG	3-CTCGCGCGAACG	11.242621	-4.175144	0	T:1.0(0.09%),B:0.0(0.00%),P:1e-1	Tpos:42.0,Tstd:0.0,Bpos:0.0,Bstd:0.0,StrandBias:-10.0,Multiplicity:1.00
0.075	0.581	0.187	0.157
0.045	0.187	0.289	0.479
0.127	0.661	0.152	0.060
0.037	0.105	0.806	0.052
0.067	0.745	0.136	0.052
0.032	0.075	0.744	0.149
0.095	0.695	0.209	0.001
0.112	0.149	0.664	0.075
0.553	0.137	0.295	0.015
0.562	0.161	0.202	0.075
0.134	0.603	0.188	0.075
0.088	0.142	0.640	0.130
>VAGCGCGGCGCN	4-VAGCGCGGCGCN	9.409215	-3.683679	0	T:6.0(0.55%),B:139.4(0.20%),P:1e-1	Tpos:91.8,Tstd:36.7,Bpos:2567.4,Bstd:10092.4,StrandBias:-1.0,Multiplicity:1.00
0.231	0.234	0.347	0.188
0.521	0.193	0.168	0.118
0.128	0.148	0.605	0.119
0.108	0.674	0.123	0.095
0.092	0.117	0.658	0.133
0.120	0.668	0.123	0.089
0.103	0.133	0.664	0.100
0.121	0.146	0.625	0.108
0.126	0.657	0.122	0.095
0.095	0.154	0.655	0.096
0.120	0.636	0.127	0.117
0.190	0.293	0.282	0.235
>ACCCCGCTGCGC	5-ACCCCGCTGCGC	10.409522	-3.354155	0	T:12.0(1.09%),B:416.4(0.59%),P:1e-1	Tpos:144.0,Tstd:34.4,Bpos:6517.4,Bstd:16621.3,StrandBias:-0.5,Multiplicity:1.00
0.700	0.100	0.100	0.100
0.100	0.700	0.100	0.100
0.100	0.700	0.100	0.100
0.100	0.700	0.100	0.100
0.100	0.700	0.100	0.100
0.100	0.100	0.700	0.100
0.100	0.700	0.100	0.100
0.100	0.100	0.100	0.700
0.100	0.100	0.700	0.100
0.100	0.700	0.100	0.100
0.100	0.100	0.700	0.100
0.100	0.700	0.100	0.100
>CGGGCGAAGGGC	6-CGGGCGAAGGGC	9.770478	-2.939426	0	T:10.0(0.91%),B:349.2(0.50%),P:1e-1	Tpos:91.8,Tstd:61.5,Bpos:7331.3,Bstd:17435.0,StrandBias:1.2,Multiplicity:1.00
0.066	0.744	0.105	0.085
0.049	0.174	0.701	0.076
0.113	0.198	0.599	0.090
0.107	0.140	0.675	0.078
0.095	0.714	0.125	0.066
0.102	0.120	0.683	0.095
0.667	0.105	0.102	0.126
0.606	0.182	0.094	0.118
0.113	0.144	0.625	0.118
0.110	0.139	0.607	0.144
0.119	0.109	0.673	0.099
0.107	0.707	0.101	0.085
>GGGACCGGGCGG	7-GGGACCGGGCGG	13.131224	-2.201743	0	T:2.0(0.18%),B:35.2(0.05%),P:1e0	Tpos:82.0,Tstd:23.0,Bpos:3045.2,Bstd:10870.9,StrandBias:0.0,Multiplicity:1.00
0.057	0.064	0.846	0.033
0.063	0.061	0.826	0.050
0.066	0.065	0.827	0.042
0.592	0.156	0.161	0.091
0.090	0.694	0.163	0.053
0.088	0.709	0.085	0.118
0.088	0.098	0.738	0.076
0.069	0.104	0.763	0.064
0.055	0.090	0.805	0.050
0.091	0.697	0.128	0.084
0.097	0.090	0.739	0.074
0.065	0.096	0.765	0.074
>GACAGCGGGAGC	8-GACAGCGGGAGC	10.724133	-2.187038	0	T:3.0(0.27%),B:73.6(0.10%),P:1e0	Tpos:103.7,Tstd:55.8,Bpos:9002.2,Bstd:17859.3,StrandBias:10.0,Multiplicity:1.00
0.087	0.121	0.723	0.069
0.554	0.149	0.203	0.094
0.119	0.656	0.159	0.066
0.633	0.117	0.139	0.111
0.069	0.130	0.734	0.067
0.146	0.608	0.145	0.101
0.131	0.119	0.631	0.119
0.096	0.081	0.746	0.077
0.096	0.149	0.698	0.057
0.624	0.122	0.160	0.094
0.091	0.119	0.726	0.064
0.106	0.669	0.138	0.087
>SCGGCGGGGACB	9-SCGGCGGGGACB	8.762950	-2.108425	0	T:8.0(0.73%),B:311.3(0.44%),P:1e0	Tpos:111.2,Tstd:51.6,Bpos:3891.7,Bstd:12048.9,StrandBias:0.7,Multiplicity:1.00
0.200	0.241	0.383	0.176
0.088	0.701	0.113	0.098
0.081	0.169	0.668	0.082
0.112	0.158	0.607	0.123
0.102	0.656	0.130	0.112
0.072	0.174	0.665	0.089
0.107	0.175	0.605	0.113
0.122	0.145	0.633	0.100
0.129	0.125	0.631	0.115
0.613	0.147	0.128	0.112
0.110	0.617	0.131	0.142
0.184	0.245	0.347	0.224
>VCCGGGCGCGCV	10-VCCGGGCGCGCV	9.592749	-1.739492	0	T:7.0(0.64%),B:290.8(0.41%),P:1e0	Tpos:142.0,Tstd:34.5,Bpos:1753.3,Bstd:6937.7,StrandBias:10.0,Multiplicity:1.00
0.336	0.322	0.243	0.099
0.001	0.924	0.023	0.052
0.021	0.529	0.266	0.184
0.075	0.303	0.516	0.106
0.103	0.175	0.599	0.123
0.121	0.270	0.486	0.123
0.076	0.623	0.272	0.029
0.107	0.303	0.533	0.057
0.030	0.868	0.095	0.007
0.001	0.086	0.912	0.001
0.217	0.644	0.064	0.075
0.368	0.225	0.355	0.052
>CCGCGGGCCGGC	11-CCGCGGGCCGGC	10.409522	-1.446710	0	T:17.0(1.55%),B:889.4(1.27%),P:1e0	Tpos:125.4,Tstd:49.7,Bpos:3615.2,Bstd:12464.6,StrandBias:0.9,Multiplicity:1.00
0.100	0.700	0.100	0.100
0.100	0.700	0.100	0.100
0.100	0.100	0.700	0.100
0.100	0.700	0.100	0.100
0.100	0.100	0.700	0.100
0.100	0.100	0.700	0.100
0.100	0.100	0.700	0.100
0.100	0.700	0.100	0.100
0.100	0.700	0.100	0.100
0.100	0.100	0.700	0.100
0.100	0.100	0.700	0.100
0.100	0.700	0.100	0.100
>ATTAGACTGCCT	12-ATTAGACTGCCT	12.636739	-1.358022	0	T:5.0(0.46%),B:217.2(0.31%),P:1e0	Tpos:90.4,Tstd:38.2,Bpos:17969.4,Bstd:16895.3,StrandBias:2.0,Multiplicity:1.00
0.800	0.065	0.134	0.001
0.076	0.335	0.001	0.588
0.001	0.331	0.001	0.667
0.836	0.001	0.162	0.001
0.001	0.208	0.790	0.001
0.696	0.001	0.302	0.001
0.158	0.751	0.090	0.001
0.001	0.001	0.001	0.997
0.001	0.001	0.997	0.001
0.001	0.997	0.001	0.001
0.231	0.767	0.001	0.001
0.001	0.001	0.097	0.901
>NGGCGCGCCGGV	13-NGGCGCGCCGGV	9.877255	-1.310622	0	T:2.0(0.18%),B:65.0(0.09%),P:1e0	Tpos:46.5,Tstd:11.5,Bpos:2025.4,Bstd:6903.3,StrandBias:10.0,Multiplicity:1.00
0.205	0.270	0.330	0.195
0.098	0.144	0.670	0.088
0.091	0.163	0.671	0.075
0.133	0.585	0.182	0.100
0.099	0.153	0.636	0.112
0.119	0.603	0.181	0.097
0.095	0.190	0.600	0.115
0.079	0.647	0.202	0.072
0.133	0.588	0.165	0.114
0.114	0.147	0.632	0.107
0.084	0.153	0.689	0.074
0.205	0.289	0.351	0.156
>SGGCGCCGCCAV	14-SGGCGCCGCCAV	10.821318	-1.043427	0	T:4.0(0.36%),B:191.8(0.27%),P:1e0	Tpos:127.2,Tstd:23.7,Bpos:2929.5,Bstd:11027.9,StrandBias:0.0,Multiplicity:1.00
0.093	0.371	0.394	0.142
0.051	0.077	0.821	0.051
0.051	0.225	0.647	0.077
0.143	0.806	0.050	0.001
0.125	0.099	0.750	0.026
0.051	0.852	0.046	0.051
0.048	0.830	0.065	0.057
0.026	0.052	0.871	0.051
0.125	0.605	0.219	0.051
0.128	0.751	0.095	0.026
0.479	0.249	0.221	0.052
0.211	0.259	0.355	0.176
>YCGGCGGCCGSN	15-YCGGCGGCCGSN	8.392583	-1.026022	0	T:5.0(0.46%),B:251.3(0.36%),P:1e0	Tpos:106.6,Tstd:52.6,Bpos:3021.1,Bstd:11617.0,StrandBias:-0.6,Multiplicity:1.00
0.133	0.363	0.194	0.310
0.035	0.761	0.093	0.111
0.066	0.160	0.713	0.061
0.177	0.152	0.560	0.111
0.139	0.724	0.093	0.044
0.178	0.128	0.628	0.066
0.305	0.168	0.505	0.022
0.044	0.467	0.267	0.221
0.212	0.444	0.278	0.067
0.067	0.229	0.638	0.066
0.239	0.418	0.276	0.067
0.289	0.261	0.220	0.230
>BCGCCCGGAGCN	16-BCGCCCGGAGCN	7.824978	-1.002482	0	T:40.0(3.65%),B:2406.4(3.42%),P:1e0	Tpos:107.7,Tstd:58.5,Bpos:3447.8,Bstd:11744.1,StrandBias:0.6,Multiplicity:1.05
0.173	0.234	0.365	0.227
0.082	0.722	0.114	0.082
0.103	0.105	0.693	0.099
0.099	0.659	0.107	0.135
0.069	0.586	0.203	0.142
0.093	0.648	0.177	0.082
0.090	0.181	0.637	0.092
0.128	0.143	0.623	0.106
0.476	0.213	0.161	0.150
0.135	0.113	0.625	0.127
0.105	0.677	0.114	0.104
0.208	0.289	0.315	0.189
>GCGCGCGCGGGC	17-GCGCGCGCGGGC	10.409522	-0.897295	0	T:18.0(1.64%),B:1069.6(1.52%),P:1e0	Tpos:79.3,Tstd:66.4,Bpos:4448.9,Bstd:13309.0,StrandBias:0.0,Multiplicity:1.06
0.100	0.100	0.700	0.100
0.100	0.700	0.100	0.100
0.100	0.100	0.700	0.100
0.100	0.700	0.100	0.100
0.100	0.100	0.700	0.100
0.100	0.700	0.100	0.100
0.100	0.100	0.700	0.100
0.100	0.700	0.100	0.100
0.100	0.100	0.700	0.100
0.100	0.100	0.700	0.100
0.100	0.100	0.700	0.100
0.100	0.700	0.100	0.100
>NCSGGGCGCGCN	18-NCSGGGCGCGCN	9.245058	-0.894157	0	T:2.0(0.18%),B:89.2(0.13%),P:1e0	Tpos:117.0,Tstd:0.0,Bpos:3995.2,Bstd:14645.8,StrandBias:10.0,Multiplicity:1.00
0.232	0.310	0.286	0.171
0.116	0.645	0.130	0.109
0.174	0.294	0.389	0.143
0.167	0.213	0.487	0.133
0.157	0.208	0.550	0.085
0.173	0.156	0.559	0.112
0.063	0.682	0.159	0.096
0.041	0.063	0.792	0.104
0.075	0.789	0.088	0.048
0.083	0.107	0.732	0.078
0.131	0.611	0.145	0.113
0.224	0.278	0.295	0.203
>TATATATTGAAG	19-TATATATTGAAG	12.355432	-0.809586	0	T:1.0(0.09%),B:37.6(0.05%),P:1e0	Tpos:105.5,Tstd:51.5,Bpos:19437.9,Bstd:21697.2,StrandBias:10.0,Multiplicity:6.00
0.100	0.100	0.100	0.700
0.700	0.100	0.100	0.100
0.100	0.100	0.100	0.700
0.700	0.100	0.100	0.100
0.100	0.100	0.100	0.700
0.700	0.100	0.100	0.100
0.100	0.100	0.100	0.700
0.100	0.100	0.100	0.700
0.100	0.100	0.700	0.100
0.700	0.100	0.100	0.100
0.700	0.100	0.100	0.100
0.100	0.100	0.700	0.100
>AGCGGGCGCGGG	20-AGCGGGCGCGGG	8.763550	-0.641558	0	T:17.0(1.55%),B:1084.0(1.54%),P:1e0	Tpos:86.9,Tstd:41.4,Bpos:3756.1,Bstd:12590.7,StrandBias:-0.3,Multiplicity:1.12
0.648	0.131	0.082	0.139
0.081	0.140	0.643	0.136
0.090	0.709	0.095	0.106
0.117	0.125	0.645	0.113
0.098	0.129	0.633	0.140
0.073	0.131	0.619	0.177
0.123	0.662	0.127	0.088
0.064	0.106	0.724	0.106
0.096	0.726	0.080	0.098
0.106	0.142	0.679	0.073
0.111	0.138	0.631	0.120
0.101	0.129	0.681	0.089
>MGCGCGCGCGGV	21-MGCGCGCGCGGV	12.315144	-0.631027	0	T:1.0(0.09%),B:48.5(0.07%),P:1e0	Tpos:163.0,Tstd:0.0,Bpos:1856.2,Bstd:7717.1,StrandBias:-10.0,Multiplicity:1.00
0.264	0.406	0.199	0.132
0.132	0.066	0.670	0.132
0.001	0.930	0.068	0.001
0.001	0.001	0.933	0.065
0.065	0.933	0.001	0.001
0.001	0.066	0.860	0.073
0.066	0.864	0.069	0.001
0.001	0.001	0.997	0.001
0.198	0.538	0.132	0.132
0.198	0.073	0.663	0.066
0.198	0.066	0.670	0.066
0.198	0.329	0.341	0.132
>NCGSGSSVRAAV	22-NCGSGSSVRAAV	7.571540	-0.524128	0	T:3.0(0.27%),B:197.0(0.28%),P:1e0	Tpos:66.3,Tstd:38.7,Bpos:6207.1,Bstd:14052.3,StrandBias:1.0,Multiplicity:1.00
0.195	0.182	0.313	0.310
0.220	0.499	0.280	0.001
0.001	0.398	0.600	0.001
0.001	0.562	0.436	0.001
0.116	0.314	0.569	0.001
0.001	0.562	0.436	0.001
0.001	0.481	0.517	0.001
0.274	0.394	0.295	0.038
0.356	0.164	0.479	0.001
0.750	0.178	0.071	0.001
0.463	0.304	0.232	0.001
0.368	0.350	0.281	0.001
>GGCGGCGGCCCG	23-GGCGGCGGCCCG	9.587596	-0.436359	0	T:11.0(1.00%),B:764.2(1.09%),P:1e0	Tpos:107.2,Tstd:57.7,Bpos:1855.5,Bstd:8420.3,StrandBias:1.0,Multiplicity:1.09
0.082	0.167	0.693	0.058
0.024	0.247	0.622	0.107
0.082	0.720	0.113	0.085
0.109	0.217	0.531	0.143
0.047	0.211	0.688	0.054
0.058	0.761	0.174	0.007
0.101	0.166	0.649	0.084
0.155	0.170	0.553	0.122
0.067	0.606	0.267	0.060
0.075	0.455	0.289	0.180
0.154	0.556	0.266	0.024
0.127	0.165	0.597	0.111
>BGKCGGGGGVGV	24-BGKCGGGGGVGV	8.754324	-0.274243	0	T:6.0(0.55%),B:481.4(0.69%),P:1e0	Tpos:97.3,Tstd:55.7,Bpos:5471.5,Bstd:15101.1,StrandBias:2.3,Multiplicity:1.00
0.158	0.352	0.257	0.233
0.051	0.176	0.654	0.119
0.105	0.170	0.360	0.365
0.028	0.934	0.029	0.009
0.026	0.117	0.847	0.010
0.052	0.240	0.663	0.045
0.117	0.295	0.483	0.104
0.122	0.179	0.629	0.070
0.224	0.139	0.528	0.109
0.354	0.298	0.235	0.113
0.134	0.099	0.645	0.122
0.203	0.325	0.301	0.171
>SCCGGCCCGGBS	25-SCCGGCCCGGBS	11.023361	-0.131546	0	T:1.0(0.09%),B:134.2(0.19%),P:1e0	Tpos:132.0,Tstd:0.0,Bpos:5815.5,Bstd:14514.6,StrandBias:10.0,Multiplicity:1.00
0.074	0.332	0.479	0.115
0.011	0.835	0.121	0.033
0.104	0.699	0.115	0.082
0.089	0.100	0.691	0.120
0.023	0.160	0.782	0.035
0.019	0.841	0.119	0.021
0.014	0.823	0.095	0.068
0.101	0.677	0.138	0.084
0.097	0.120	0.673	0.110
0.023	0.156	0.793	0.028
0.107	0.289	0.298	0.306
0.103	0.316	0.396	0.185
