>CGCCGCGCTC	1-CGCCGCGCTC	10.296193	-2.009151	0	T:8.0(0.73%),B:319.9(0.46%),P:1e0	Tpos:109.1,Tstd:48.5,Bpos:1868.1,Bstd:6884.3,StrandBias:2.6,Multiplicity:1.17
0.100	0.700	0.100	0.100
0.100	0.100	0.700	0.100
0.100	0.700	0.100	0.100
0.100	0.700	0.100	0.100
0.100	0.100	0.700	0.100
0.100	0.700	0.100	0.100
0.100	0.100	0.700	0.100
0.100	0.700	0.100	0.100
0.100	0.100	0.100	0.700
0.100	0.700	0.100	0.100
>VCCCCGCCGC	2-VCCCCGCCGC	10.291216	-1.685179	0	T:5.0(0.46%),B:191.7(0.27%),P:1e0	Tpos:83.0,Tstd:66.0,Bpos:5093.6,Bstd:12694.0,StrandBias:10.0,Multiplicity:1.00
0.337	0.316	0.240	0.107
0.054	0.743	0.153	0.050
0.041	0.814	0.093	0.052
0.042	0.796	0.079	0.083
0.115	0.707	0.110	0.068
0.051	0.150	0.684	0.115
0.017	0.821	0.144	0.018
0.102	0.684	0.113	0.101
0.059	0.173	0.712	0.056
0.009	0.896	0.081	0.014
>SCSGCGGCCG	3-SCSGCGGCCG	9.820724	-1.130172	0	T:32.0(2.92%),B:1867.0(2.66%),P:1e0	Tpos:88.0,Tstd:50.6,Bpos:1995.7,Bstd:8455.0,StrandBias:0.6,Multiplicity:1.06
0.009	0.421	0.514	0.056
0.006	0.895	0.074	0.025
0.032	0.389	0.531	0.048
0.012	0.128	0.859	0.001
0.024	0.812	0.155	0.009
0.063	0.268	0.614	0.055
0.034	0.177	0.761	0.028
0.006	0.704	0.289	0.001
0.012	0.748	0.189	0.051
0.041	0.190	0.698	0.071
>CGGCGCCGSG	4-CGGCGCCGSG	10.410503	-1.065945	0	T:10.0(0.91%),B:542.6(0.77%),P:1e0	Tpos:85.2,Tstd:57.0,Bpos:1097.8,Bstd:6102.7,StrandBias:-0.6,Multiplicity:1.00
0.030	0.745	0.195	0.030
0.198	0.162	0.608	0.032
0.023	0.039	0.871	0.067
0.255	0.673	0.046	0.026
0.001	0.049	0.584	0.366
0.056	0.830	0.113	0.001
0.054	0.839	0.043	0.064
0.012	0.085	0.882	0.021
0.043	0.406	0.523	0.028
0.001	0.164	0.819	0.016
>CCCGCTGCGC	5-CCCGCTGCGC	10.296193	-1.017602	0	T:5.0(0.46%),B:252.8(0.36%),P:1e0	Tpos:151.0,Tstd:14.9,Bpos:3176.1,Bstd:11520.2,StrandBias:-0.6,Multiplicity:1.00
0.100	0.700	0.100	0.100
0.100	0.700	0.100	0.100
0.100	0.700	0.100	0.100
0.100	0.100	0.700	0.100
0.100	0.700	0.100	0.100
0.100	0.100	0.100	0.700
0.100	0.100	0.700	0.100
0.100	0.700	0.100	0.100
0.100	0.100	0.700	0.100
0.100	0.700	0.100	0.100
>GCGCGCCGAG	6-GCGCGCCGAG	10.296193	-0.974720	0	T:3.0(0.27%),B:140.2(0.20%),P:1e0	Tpos:97.0,Tstd:49.0,Bpos:2703.2,Bstd:10970.7,StrandBias:0.0,Multiplicity:1.00
0.100	0.100	0.700	0.100
0.100	0.700	0.100	0.100
0.100	0.100	0.700	0.100
0.100	0.700	0.100	0.100
0.100	0.100	0.700	0.100
0.100	0.700	0.100	0.100
0.100	0.700	0.100	0.100
0.100	0.100	0.700	0.100
0.700	0.100	0.100	0.100
0.100	0.100	0.700	0.100
>CCGCGGCGCG	7-CCGCGGCGCG	9.322849	-0.915203	0	T:7.0(0.64%),B:386.9(0.55%),P:1e0	Tpos:69.0,Tstd:44.1,Bpos:2337.3,Bstd:10449.6,StrandBias:0.6,Multiplicity:1.00
0.001	0.704	0.245	0.050
0.001	0.734	0.088	0.177
0.014	0.263	0.467	0.255
0.054	0.637	0.246	0.063
0.084	0.233	0.553	0.130
0.004	0.294	0.670	0.032
0.060	0.810	0.118	0.012
0.030	0.296	0.588	0.086
0.057	0.761	0.170	0.012
0.050	0.288	0.517	0.145
>GGGGCGCCGC	8-GGGGCGCCGC	10.250655	-0.890168	0	T:6.0(0.55%),B:329.8(0.47%),P:1e0	Tpos:88.7,Tstd:21.6,Bpos:3430.1,Bstd:10903.4,StrandBias:1.0,Multiplicity:1.00
0.073	0.142	0.698	0.087
0.068	0.073	0.806	0.053
0.100	0.154	0.695	0.051
0.086	0.134	0.667	0.113
0.097	0.703	0.131	0.069
0.069	0.140	0.665	0.126
0.070	0.659	0.229	0.042
0.128	0.587	0.187	0.098
0.036	0.050	0.833	0.081
0.057	0.687	0.191	0.065
>GCSCGSCGCC	9-GCSCGSCGCC	9.408256	-0.853463	0	T:8.0(0.73%),B:458.3(0.65%),P:1e0	Tpos:109.0,Tstd:59.4,Bpos:4439.2,Bstd:14119.0,StrandBias:0.7,Multiplicity:1.00
0.001	0.354	0.514	0.131
0.001	0.615	0.383	0.001
0.001	0.530	0.420	0.049
0.014	0.754	0.231	0.001
0.001	0.040	0.885	0.074
0.004	0.456	0.536	0.004
0.152	0.836	0.011	0.001
0.001	0.266	0.706	0.027
0.001	0.589	0.409	0.001
0.001	0.558	0.402	0.039
>GSGCGCSGGS	10-GSGCGCSGGS	9.731754	-0.757396	0	T:10.0(0.91%),B:603.8(0.86%),P:1e0	Tpos:118.6,Tstd:48.1,Bpos:4307.9,Bstd:13574.0,StrandBias:-0.6,Multiplicity:1.00
0.021	0.073	0.868	0.038
0.061	0.401	0.508	0.030
0.030	0.109	0.823	0.038
0.335	0.592	0.059	0.014
0.002	0.183	0.790	0.025
0.018	0.807	0.150	0.025
0.061	0.514	0.416	0.009
0.279	0.206	0.497	0.018
0.041	0.034	0.863	0.062
0.026	0.433	0.532	0.009
>CGCCCGCGGG	11-CGCCCGCGGG	9.081385	-0.625625	0	T:51.0(4.65%),B:3283.2(4.67%),P:1e0	Tpos:100.7,Tstd:58.0,Bpos:3555.1,Bstd:12407.6,StrandBias:0.3,Multiplicity:1.08
0.041	0.724	0.177	0.058
0.027	0.010	0.905	0.058
0.001	0.593	0.405	0.001
0.001	0.688	0.310	0.001
0.069	0.590	0.186	0.155
0.001	0.132	0.710	0.157
0.124	0.767	0.091	0.018
0.089	0.284	0.603	0.024
0.001	0.044	0.954	0.001
0.001	0.304	0.694	0.001
>CGCGCCGGGG	12-CGCGCCGGGG	8.640581	-0.492343	0	T:31.0(2.83%),B:2064.7(2.94%),P:1e0	Tpos:98.3,Tstd:62.3,Bpos:3638.0,Bstd:12988.5,StrandBias:-0.5,Multiplicity:1.07
0.100	0.684	0.140	0.076
0.063	0.113	0.735	0.089
0.089	0.700	0.133	0.078
0.072	0.114	0.712	0.102
0.066	0.719	0.138	0.077
0.093	0.677	0.134	0.096
0.094	0.133	0.687	0.086
0.093	0.132	0.714	0.061
0.100	0.131	0.696	0.073
0.099	0.139	0.675	0.087
>GCTCCGGGCG	13-GCTCCGGGCG	8.586958	-0.485965	0	T:18.0(1.64%),B:1211.8(1.72%),P:1e0	Tpos:116.2,Tstd:56.7,Bpos:3711.4,Bstd:12688.4,StrandBias:-1.0,Multiplicity:1.00
0.090	0.097	0.702	0.111
0.070	0.737	0.107	0.086
0.100	0.137	0.138	0.625
0.057	0.746	0.115	0.082
0.093	0.691	0.126	0.090
0.083	0.122	0.710	0.085
0.090	0.140	0.676	0.094
0.079	0.106	0.733	0.082
0.105	0.696	0.114	0.085
0.104	0.105	0.687	0.104
>GGGCTCCGGG	14-GGGCTCCGGG	11.960581	-0.436437	0	T:13.0(1.19%),B:899.6(1.28%),P:1e0	Tpos:120.4,Tstd:51.1,Bpos:5486.7,Bstd:14492.3,StrandBias:-1.2,Multiplicity:1.00
0.001	0.079	0.919	0.001
0.001	0.120	0.878	0.001
0.001	0.001	0.997	0.001
0.001	0.997	0.001	0.001
0.001	0.001	0.163	0.835
0.001	0.741	0.257	0.001
0.001	0.997	0.001	0.001
0.001	0.176	0.822	0.001
0.001	0.368	0.630	0.001
0.001	0.001	0.997	0.001
>CCGGGGAGCG	15-CCGGGGAGCG	8.744350	-0.390169	0	T:3.0(0.27%),B:223.1(0.32%),P:1e0	Tpos:123.7,Tstd:19.4,Bpos:5010.4,Bstd:14816.2,StrandBias:-1.0,Multiplicity:1.00
0.114	0.597	0.170	0.119
0.122	0.604	0.148	0.126
0.124	0.159	0.591	0.126
0.119	0.157	0.629	0.095
0.129	0.140	0.629	0.102
0.131	0.157	0.609	0.103
0.532	0.169	0.168	0.131
0.117	0.150	0.622	0.111
0.129	0.599	0.153	0.119
0.122	0.156	0.588	0.134
>CGCGGGAGCG	16-CGCGGGAGCG	10.296193	-0.370368	0	T:2.0(0.18%),B:153.3(0.22%),P:1e0	Tpos:10.0,Tstd:0.0,Bpos:3139.9,Bstd:13065.4,StrandBias:10.0,Multiplicity:1.00
0.100	0.700	0.100	0.100
0.100	0.100	0.700	0.100
0.100	0.700	0.100	0.100
0.100	0.100	0.700	0.100
0.100	0.100	0.700	0.100
0.100	0.100	0.700	0.100
0.700	0.100	0.100	0.100
0.100	0.100	0.700	0.100
0.100	0.700	0.100	0.100
0.100	0.100	0.700	0.100
>CGCCGGCCCG	17-CGCCGGCCCG	10.295500	-0.182650	0	T:3.0(0.27%),B:292.3(0.42%),P:1e0	Tpos:165.0,Tstd:0.0,Bpos:4151.4,Bstd:12877.4,StrandBias:1.0,Multiplicity:1.00
0.087	0.721	0.106	0.086
0.082	0.127	0.684	0.107
0.076	0.709	0.148	0.067
0.099	0.695	0.112	0.094
0.076	0.124	0.701	0.099
0.084	0.140	0.696	0.080
0.081	0.727	0.124	0.068
0.074	0.680	0.134	0.112
0.092	0.688	0.137	0.083
0.085	0.122	0.700	0.093
>GCCGCCGCCG	18-GCCGCCGCCG	6.987717	-0.152492	0	T:107.0(9.75%),B:7529.7(10.72%),P:1e0	Tpos:93.8,Tstd:56.8,Bpos:2988.1,Bstd:11215.3,StrandBias:0.5,Multiplicity:1.21
0.084	0.141	0.680	0.095
0.084	0.708	0.123	0.085
0.091	0.691	0.128	0.090
0.076	0.111	0.716	0.097
0.058	0.719	0.139	0.084
0.097	0.673	0.132	0.098
0.085	0.122	0.700	0.093
0.069	0.715	0.134	0.082
0.092	0.693	0.118	0.097
0.084	0.124	0.703	0.089
>BSSCBGCGSR	19-BSSCBGCGSR	6.287872	-0.151120	0	T:3.0(0.27%),B:309.4(0.44%),P:1e0	Tpos:126.3,Tstd:30.9,Bpos:3508.4,Bstd:13107.6,StrandBias:-10.0,Multiplicity:1.00
0.115	0.293	0.308	0.284
0.073	0.332	0.450	0.146
0.001	0.491	0.444	0.064
0.104	0.700	0.145	0.051
0.177	0.268	0.349	0.205
0.001	0.371	0.609	0.019
0.182	0.572	0.136	0.110
0.177	0.226	0.463	0.133
0.046	0.513	0.440	0.001
0.260	0.187	0.373	0.180
>SCBGCGSSSC	20-SCBGCGSSSC	8.082849	-0.112038	0	T:4.0(0.36%),B:422.8(0.60%),P:1e0	Tpos:184.0,Tstd:0.0,Bpos:4836.6,Bstd:11093.4,StrandBias:-10.0,Multiplicity:1.00
0.001	0.506	0.492	0.001
0.001	0.997	0.001	0.001
0.001	0.291	0.357	0.351
0.001	0.355	0.643	0.001
0.267	0.713	0.019	0.001
0.001	0.256	0.522	0.221
0.001	0.549	0.449	0.001
0.001	0.423	0.383	0.194
0.001	0.466	0.532	0.001
0.001	0.580	0.418	0.001
>GCGGGCGGCG	21-GCGGGCGGCG	7.518169	-0.030516	0	T:17.0(1.55%),B:1633.3(2.32%),P:1e0	Tpos:134.1,Tstd:39.8,Bpos:2952.6,Bstd:10068.8,StrandBias:-1.0,Multiplicity:1.00
0.114	0.167	0.606	0.113
0.127	0.592	0.169	0.112
0.123	0.159	0.596	0.122
0.125	0.172	0.594	0.109
0.118	0.165	0.610	0.107
0.122	0.588	0.170	0.120
0.124	0.157	0.597	0.122
0.103	0.167	0.621	0.109
0.131	0.587	0.171	0.111
0.119	0.152	0.608	0.121
>CCGCHGCSCS	22-CCGCHGCSCS	9.113017	-0.009262	0	T:5.0(0.46%),B:751.8(1.07%),P:1e0	Tpos:121.0,Tstd:0.0,Bpos:3267.6,Bstd:9215.5,StrandBias:-10.0,Multiplicity:1.00
0.001	0.777	0.221	0.001
0.012	0.676	0.237	0.075
0.001	0.290	0.708	0.001
0.001	0.588	0.410	0.001
0.323	0.378	0.001	0.297
0.001	0.223	0.775	0.001
0.001	0.850	0.148	0.001
0.001	0.495	0.430	0.074
0.041	0.704	0.206	0.049
0.081	0.345	0.456	0.118
>MGCCGCCCGG	23-MGCCGCCCGG	8.446399	-0.000872	0	T:2.0(0.18%),B:602.7(0.86%),P:1e0	Tpos:124.0,Tstd:0.0,Bpos:5599.1,Bstd:16122.4,StrandBias:10.0,Multiplicity:1.00
0.262	0.396	0.217	0.125
0.122	0.174	0.607	0.097
0.099	0.659	0.134	0.108
0.134	0.576	0.198	0.092
0.023	0.158	0.719	0.100
0.104	0.642	0.157	0.097
0.088	0.576	0.257	0.079
0.070	0.617	0.152	0.161
0.109	0.205	0.612	0.074
0.038	0.176	0.733	0.053
>GGSGSGGGSG	24-GGSGSGGGSG	9.025653	-0.000100	0	T:3.0(0.27%),B:892.9(1.27%),P:1e0	Tpos:42.3,Tstd:20.3,Bpos:4138.8,Bstd:13186.3,StrandBias:-1.0,Multiplicity:1.00
0.089	0.317	0.544	0.050
0.054	0.305	0.620	0.021
0.171	0.327	0.416	0.085
0.033	0.016	0.923	0.028
0.063	0.515	0.406	0.016
0.121	0.122	0.683	0.074
0.076	0.098	0.807	0.019
0.026	0.018	0.942	0.014
0.047	0.457	0.432	0.065
0.152	0.173	0.501	0.174
>GGGGVGCGGG	25-GGGGVGCGGG	8.180126	-0.000001	0	T:11.0(1.00%),B:2158.1(3.07%),P:1e0	Tpos:100.3,Tstd:49.5,Bpos:5635.5,Bstd:14980.5,StrandBias:1.2,Multiplicity:1.00
0.098	0.333	0.560	0.009
0.001	0.335	0.559	0.105
0.101	0.307	0.517	0.075
0.091	0.262	0.646	0.001
0.272	0.320	0.407	0.001
0.061	0.017	0.915	0.007
0.184	0.460	0.303	0.053
0.130	0.236	0.518	0.116
0.079	0.367	0.542	0.012
0.093	0.045	0.861	0.001
