>CGCCGCGCTC	1-CGCCGCGCTC	10.296193	-2.009151	0	T:8.0(0.73%),B:319.9(0.46%),P:1e0	Tpos:109.1,Tstd:48.5,Bpos:1868.1,Bstd:6884.3,StrandBias:2.6,Multiplicity:1.17
0.100	0.700	0.100	0.100
0.100	0.100	0.700	0.100
0.100	0.700	0.100	0.100
0.100	0.700	0.100	0.100
0.100	0.100	0.700	0.100
0.100	0.700	0.100	0.100
0.100	0.100	0.700	0.100
0.100	0.700	0.100	0.100
0.100	0.100	0.100	0.700
0.100	0.700	0.100	0.100
>VCCCCGCCGC	2-VCCCCGCCGC	10.291216	-1.685179	0	T:5.0(0.46%),B:191.7(0.27%),P:1e0	Tpos:83.0,Tstd:66.0,Bpos:5093.6,Bstd:12694.0,StrandBias:10.0,Multiplicity:1.00
0.337	0.316	0.240	0.107
0.054	0.743	0.153	0.050
0.041	0.814	0.093	0.052
0.042	0.796	0.079	0.083
0.115	0.707	0.110	0.068
0.051	0.150	0.684	0.115
0.017	0.821	0.144	0.018
0.102	0.684	0.113	0.101
0.059	0.173	0.712	0.056
0.009	0.896	0.081	0.014
>SCSGCGGCCG	3-SCSGCGGCCG	9.820724	-1.130172	0	T:32.0(2.92%),B:1867.0(2.66%),P:1e0	Tpos:88.0,Tstd:50.6,Bpos:1995.7,Bstd:8455.0,StrandBias:0.6,Multiplicity:1.06
0.009	0.421	0.514	0.056
0.006	0.895	0.074	0.025
0.032	0.389	0.531	0.048
0.012	0.128	0.859	0.001
0.024	0.812	0.155	0.009
0.063	0.268	0.614	0.055
0.034	0.177	0.761	0.028
0.006	0.704	0.289	0.001
0.012	0.748	0.189	0.051
0.041	0.190	0.698	0.071
>CGGCGCCGSG	4-CGGCGCCGSG	10.410503	-1.065945	0	T:10.0(0.91%),B:542.6(0.77%),P:1e0	Tpos:85.2,Tstd:57.0,Bpos:1097.8,Bstd:6102.7,StrandBias:-0.6,Multiplicity:1.00
0.030	0.745	0.195	0.030
0.198	0.162	0.608	0.032
0.023	0.039	0.871	0.067
0.255	0.673	0.046	0.026
0.001	0.049	0.584	0.366
0.056	0.830	0.113	0.001
0.054	0.839	0.043	0.064
0.012	0.085	0.882	0.021
0.043	0.406	0.523	0.028
0.001	0.164	0.819	0.016
>CCCGCTGCGC	5-CCCGCTGCGC	10.296193	-1.017602	0	T:5.0(0.46%),B:252.8(0.36%),P:1e0	Tpos:151.0,Tstd:14.9,Bpos:3176.1,Bstd:11520.2,StrandBias:-0.6,Multiplicity:1.00
0.100	0.700	0.100	0.100
0.100	0.700	0.100	0.100
0.100	0.700	0.100	0.100
0.100	0.100	0.700	0.100
0.100	0.700	0.100	0.100
0.100	0.100	0.100	0.700
0.100	0.100	0.700	0.100
0.100	0.700	0.100	0.100
0.100	0.100	0.700	0.100
0.100	0.700	0.100	0.100
>GCGCGCCGAG	6-GCGCGCCGAG	10.296193	-0.974720	0	T:3.0(0.27%),B:140.2(0.20%),P:1e0	Tpos:97.0,Tstd:49.0,Bpos:2703.2,Bstd:10970.7,StrandBias:0.0,Multiplicity:1.00
0.100	0.100	0.700	0.100
0.100	0.700	0.100	0.100
0.100	0.100	0.700	0.100
0.100	0.700	0.100	0.100
0.100	0.100	0.700	0.100
0.100	0.700	0.100	0.100
0.100	0.700	0.100	0.100
0.100	0.100	0.700	0.100
0.700	0.100	0.100	0.100
0.100	0.100	0.700	0.100
>CCGCGGCGCG	7-CCGCGGCGCG	9.322849	-0.915203	0	T:7.0(0.64%),B:386.9(0.55%),P:1e0	Tpos:69.0,Tstd:44.1,Bpos:2337.3,Bstd:10449.6,StrandBias:0.6,Multiplicity:1.00
0.001	0.704	0.245	0.050
0.001	0.734	0.088	0.177
0.014	0.263	0.467	0.255
0.054	0.637	0.246	0.063
0.084	0.233	0.553	0.130
0.004	0.294	0.670	0.032
0.060	0.810	0.118	0.012
0.030	0.296	0.588	0.086
0.057	0.761	0.170	0.012
0.050	0.288	0.517	0.145
>GGGGCGCCGC	8-GGGGCGCCGC	10.250655	-0.890168	0	T:6.0(0.55%),B:329.8(0.47%),P:1e0	Tpos:88.7,Tstd:21.6,Bpos:3430.1,Bstd:10903.4,StrandBias:1.0,Multiplicity:1.00
0.073	0.142	0.698	0.087
0.068	0.073	0.806	0.053
0.100	0.154	0.695	0.051
0.086	0.134	0.667	0.113
0.097	0.703	0.131	0.069
0.069	0.140	0.665	0.126
0.070	0.659	0.229	0.042
0.128	0.587	0.187	0.098
0.036	0.050	0.833	0.081
0.057	0.687	0.191	0.065
>GCSCGSCGCC	9-GCSCGSCGCC	9.408256	-0.853463	0	T:8.0(0.73%),B:458.3(0.65%),P:1e0	Tpos:109.0,Tstd:59.4,Bpos:4439.2,Bstd:14119.0,StrandBias:0.7,Multiplicity:1.00
0.001	0.354	0.514	0.131
0.001	0.615	0.383	0.001
0.001	0.530	0.420	0.049
0.014	0.754	0.231	0.001
0.001	0.040	0.885	0.074
0.004	0.456	0.536	0.004
0.152	0.836	0.011	0.001
0.001	0.266	0.706	0.027
0.001	0.589	0.409	0.001
0.001	0.558	0.402	0.039
>GSGCGCSGGS	10-GSGCGCSGGS	9.731754	-0.757396	0	T:10.0(0.91%),B:603.8(0.86%),P:1e0	Tpos:118.6,Tstd:48.1,Bpos:4307.9,Bstd:13574.0,StrandBias:-0.6,Multiplicity:1.00
0.021	0.073	0.868	0.038
0.061	0.401	0.508	0.030
0.030	0.109	0.823	0.038
0.335	0.592	0.059	0.014
0.002	0.183	0.790	0.025
0.018	0.807	0.150	0.025
0.061	0.514	0.416	0.009
0.279	0.206	0.497	0.018
0.041	0.034	0.863	0.062
0.026	0.433	0.532	0.009
>CGCCCGCGGG	11-CGCCCGCGGG	9.081385	-0.625625	0	T:51.0(4.65%),B:3283.2(4.67%),P:1e0	Tpos:100.7,Tstd:58.0,Bpos:3555.1,Bstd:12407.6,StrandBias:0.3,Multiplicity:1.08
0.041	0.724	0.177	0.058
0.027	0.010	0.905	0.058
0.001	0.593	0.405	0.001
0.001	0.688	0.310	0.001
0.069	0.590	0.186	0.155
0.001	0.132	0.710	0.157
0.124	0.767	0.091	0.018
0.089	0.284	0.603	0.024
0.001	0.044	0.954	0.001
0.001	0.304	0.694	0.001
>CGCGCCGGGG	12-CGCGCCGGGG	8.640581	-0.492343	0	T:31.0(2.83%),B:2064.7(2.94%),P:1e0	Tpos:98.3,Tstd:62.3,Bpos:3638.0,Bstd:12988.5,StrandBias:-0.5,Multiplicity:1.07
0.100	0.684	0.140	0.076
0.063	0.113	0.735	0.089
0.089	0.700	0.133	0.078
0.072	0.114	0.712	0.102
0.066	0.719	0.138	0.077
0.093	0.677	0.134	0.096
0.094	0.133	0.687	0.086
0.093	0.132	0.714	0.061
0.100	0.131	0.696	0.073
0.099	0.139	0.675	0.087
>GCTCCGGGCG	13-GCTCCGGGCG	8.586958	-0.485965	0	T:18.0(1.64%),B:1211.8(1.72%),P:1e0	Tpos:116.2,Tstd:56.7,Bpos:3711.4,Bstd:12688.4,StrandBias:-1.0,Multiplicity:1.00
0.090	0.097	0.702	0.111
0.070	0.737	0.107	0.086
0.100	0.137	0.138	0.625
0.057	0.746	0.115	0.082
0.093	0.691	0.126	0.090
0.083	0.122	0.710	0.085
0.090	0.140	0.676	0.094
0.079	0.106	0.733	0.082
0.105	0.696	0.114	0.085
0.104	0.105	0.687	0.104
>GGGCTCCGGG	14-GGGCTCCGGG	11.960581	-0.436437	0	T:13.0(1.19%),B:899.6(1.28%),P:1e0	Tpos:120.4,Tstd:51.1,Bpos:5486.7,Bstd:14492.3,StrandBias:-1.2,Multiplicity:1.00
0.001	0.079	0.919	0.001
0.001	0.120	0.878	0.001
0.001	0.001	0.997	0.001
0.001	0.997	0.001	0.001
0.001	0.001	0.163	0.835
0.001	0.741	0.257	0.001
0.001	0.997	0.001	0.001
0.001	0.176	0.822	0.001
0.001	0.368	0.630	0.001
0.001	0.001	0.997	0.001
>CCGGGGAGCG	15-CCGGGGAGCG	8.744350	-0.390169	0	T:3.0(0.27%),B:223.1(0.32%),P:1e0	Tpos:123.7,Tstd:19.4,Bpos:5010.4,Bstd:14816.2,StrandBias:-1.0,Multiplicity:1.00
0.114	0.597	0.170	0.119
0.122	0.604	0.148	0.126
0.124	0.159	0.591	0.126
0.119	0.157	0.629	0.095
0.129	0.140	0.629	0.102
0.131	0.157	0.609	0.103
0.532	0.169	0.168	0.131
0.117	0.150	0.622	0.111
0.129	0.599	0.153	0.119
0.122	0.156	0.588	0.134
>CGCGGGAGCG	16-CGCGGGAGCG	10.296193	-0.370368	0	T:2.0(0.18%),B:153.3(0.22%),P:1e0	Tpos:10.0,Tstd:0.0,Bpos:3139.9,Bstd:13065.4,StrandBias:10.0,Multiplicity:1.00
0.100	0.700	0.100	0.100
0.100	0.100	0.700	0.100
0.100	0.700	0.100	0.100
0.100	0.100	0.700	0.100
0.100	0.100	0.700	0.100
0.100	0.100	0.700	0.100
0.700	0.100	0.100	0.100
0.100	0.100	0.700	0.100
0.100	0.700	0.100	0.100
0.100	0.100	0.700	0.100
>CGCCGGCCCG	17-CGCCGGCCCG	10.295500	-0.182650	0	T:3.0(0.27%),B:292.3(0.42%),P:1e0	Tpos:165.0,Tstd:0.0,Bpos:4151.4,Bstd:12877.4,StrandBias:1.0,Multiplicity:1.00
0.087	0.721	0.106	0.086
0.082	0.127	0.684	0.107
0.076	0.709	0.148	0.067
0.099	0.695	0.112	0.094
0.076	0.124	0.701	0.099
0.084	0.140	0.696	0.080
0.081	0.727	0.124	0.068
0.074	0.680	0.134	0.112
0.092	0.688	0.137	0.083
0.085	0.122	0.700	0.093
>GCCGCCGCCG	18-GCCGCCGCCG	6.987717	-0.152492	0	T:107.0(9.75%),B:7529.7(10.72%),P:1e0	Tpos:93.8,Tstd:56.8,Bpos:2988.1,Bstd:11215.3,StrandBias:0.5,Multiplicity:1.21
0.084	0.141	0.680	0.095
0.084	0.708	0.123	0.085
0.091	0.691	0.128	0.090
0.076	0.111	0.716	0.097
0.058	0.719	0.139	0.084
0.097	0.673	0.132	0.098
0.085	0.122	0.700	0.093
0.069	0.715	0.134	0.082
0.092	0.693	0.118	0.097
0.084	0.124	0.703	0.089
>BSSCBGCGSR	19-BSSCBGCGSR	6.287872	-0.151120	0	T:3.0(0.27%),B:309.4(0.44%),P:1e0	Tpos:126.3,Tstd:30.9,Bpos:3508.4,Bstd:13107.6,StrandBias:-10.0,Multiplicity:1.00
0.115	0.293	0.308	0.284
0.073	0.332	0.450	0.146
0.001	0.491	0.444	0.064
0.104	0.700	0.145	0.051
0.177	0.268	0.349	0.205
0.001	0.371	0.609	0.019
0.182	0.572	0.136	0.110
0.177	0.226	0.463	0.133
0.046	0.513	0.440	0.001
0.260	0.187	0.373	0.180
>SCBGCGSSSC	20-SCBGCGSSSC	8.082849	-0.112038	0	T:4.0(0.36%),B:422.8(0.60%),P:1e0	Tpos:184.0,Tstd:0.0,Bpos:4836.6,Bstd:11093.4,StrandBias:-10.0,Multiplicity:1.00
0.001	0.506	0.492	0.001
0.001	0.997	0.001	0.001
0.001	0.291	0.357	0.351
0.001	0.355	0.643	0.001
0.267	0.713	0.019	0.001
0.001	0.256	0.522	0.221
0.001	0.549	0.449	0.001
0.001	0.423	0.383	0.194
0.001	0.466	0.532	0.001
0.001	0.580	0.418	0.001
>GCGGGCGGCG	21-GCGGGCGGCG	7.518169	-0.030516	0	T:17.0(1.55%),B:1633.3(2.32%),P:1e0	Tpos:134.1,Tstd:39.8,Bpos:2952.6,Bstd:10068.8,StrandBias:-1.0,Multiplicity:1.00
0.114	0.167	0.606	0.113
0.127	0.592	0.169	0.112
0.123	0.159	0.596	0.122
0.125	0.172	0.594	0.109
0.118	0.165	0.610	0.107
0.122	0.588	0.170	0.120
0.124	0.157	0.597	0.122
0.103	0.167	0.621	0.109
0.131	0.587	0.171	0.111
0.119	0.152	0.608	0.121
>CCGCHGCSCS	22-CCGCHGCSCS	9.113017	-0.009262	0	T:5.0(0.46%),B:751.8(1.07%),P:1e0	Tpos:121.0,Tstd:0.0,Bpos:3267.6,Bstd:9215.5,StrandBias:-10.0,Multiplicity:1.00
0.001	0.777	0.221	0.001
0.012	0.676	0.237	0.075
0.001	0.290	0.708	0.001
0.001	0.588	0.410	0.001
0.323	0.378	0.001	0.297
0.001	0.223	0.775	0.001
0.001	0.850	0.148	0.001
0.001	0.495	0.430	0.074
0.041	0.704	0.206	0.049
0.081	0.345	0.456	0.118
>MGCCGCCCGG	23-MGCCGCCCGG	8.446399	-0.000872	0	T:2.0(0.18%),B:602.7(0.86%),P:1e0	Tpos:124.0,Tstd:0.0,Bpos:5599.1,Bstd:16122.4,StrandBias:10.0,Multiplicity:1.00
0.262	0.396	0.217	0.125
0.122	0.174	0.607	0.097
0.099	0.659	0.134	0.108
0.134	0.576	0.198	0.092
0.023	0.158	0.719	0.100
0.104	0.642	0.157	0.097
0.088	0.576	0.257	0.079
0.070	0.617	0.152	0.161
0.109	0.205	0.612	0.074
0.038	0.176	0.733	0.053
>GGSGSGGGSG	24-GGSGSGGGSG	9.025653	-0.000100	0	T:3.0(0.27%),B:892.9(1.27%),P:1e0	Tpos:42.3,Tstd:20.3,Bpos:4138.8,Bstd:13186.3,StrandBias:-1.0,Multiplicity:1.00
0.089	0.317	0.544	0.050
0.054	0.305	0.620	0.021
0.171	0.327	0.416	0.085
0.033	0.016	0.923	0.028
0.063	0.515	0.406	0.016
0.121	0.122	0.683	0.074
0.076	0.098	0.807	0.019
0.026	0.018	0.942	0.014
0.047	0.457	0.432	0.065
0.152	0.173	0.501	0.174
>GGGGVGCGGG	25-GGGGVGCGGG	8.180126	-0.000001	0	T:11.0(1.00%),B:2158.1(3.07%),P:1e0	Tpos:100.3,Tstd:49.5,Bpos:5635.5,Bstd:14980.5,StrandBias:1.2,Multiplicity:1.00
0.098	0.333	0.560	0.009
0.001	0.335	0.559	0.105
0.101	0.307	0.517	0.075
0.091	0.262	0.646	0.001
0.272	0.320	0.407	0.001
0.061	0.017	0.915	0.007
0.184	0.460	0.303	0.053
0.130	0.236	0.518	0.116
0.079	0.367	0.542	0.012
0.093	0.045	0.861	0.001
>CGGCGCCTCGGC	1-CGGCGCCTCGGC	10.245007	-7.429297	0	T:8.0(0.73%),B:113.9(0.16%),P:1e-3	Tpos:83.0,Tstd:58.1,Bpos:2847.0,Bstd:9255.1,StrandBias:0.0,Multiplicity:1.00
0.097	0.698	0.110	0.095
0.082	0.125	0.704	0.089
0.086	0.101	0.709	0.104
0.101	0.728	0.077	0.094
0.088	0.102	0.714	0.096
0.142	0.636	0.122	0.100
0.082	0.632	0.133	0.153
0.124	0.116	0.146	0.614
0.099	0.701	0.099	0.101
0.127	0.146	0.634	0.093
0.106	0.136	0.613	0.145
0.121	0.617	0.146	0.116
>CGGSCGCSSCGM	2-CGGSCGCSSCGM	8.248729	-6.495022	0	T:16.0(1.46%),B:424.8(0.60%),P:1e-2	Tpos:85.6,Tstd:45.6,Bpos:1738.2,Bstd:7408.0,StrandBias:0.0,Multiplicity:1.00
0.182	0.459	0.233	0.125
0.164	0.294	0.516	0.026
0.169	0.254	0.443	0.134
0.147	0.361	0.331	0.160
0.108	0.670	0.221	0.001
0.039	0.098	0.781	0.082
0.179	0.622	0.095	0.104
0.156	0.359	0.441	0.043
0.082	0.462	0.356	0.100
0.121	0.566	0.300	0.013
0.234	0.057	0.640	0.069
0.325	0.370	0.102	0.203
>CTCGCGCGAACG	3-CTCGCGCGAACG	11.242621	-4.175144	0	T:1.0(0.09%),B:0.0(0.00%),P:1e-1	Tpos:42.0,Tstd:0.0,Bpos:0.0,Bstd:0.0,StrandBias:-10.0,Multiplicity:1.00
0.075	0.581	0.187	0.157
0.045	0.187	0.289	0.479
0.127	0.661	0.152	0.060
0.037	0.105	0.806	0.052
0.067	0.745	0.136	0.052
0.032	0.075	0.744	0.149
0.095	0.695	0.209	0.001
0.112	0.149	0.664	0.075
0.553	0.137	0.295	0.015
0.562	0.161	0.202	0.075
0.134	0.603	0.188	0.075
0.088	0.142	0.640	0.130
>VAGCGCGGCGCN	4-VAGCGCGGCGCN	9.409215	-3.683679	0	T:6.0(0.55%),B:139.4(0.20%),P:1e-1	Tpos:91.8,Tstd:36.7,Bpos:2567.4,Bstd:10092.4,StrandBias:-1.0,Multiplicity:1.00
0.231	0.234	0.347	0.188
0.521	0.193	0.168	0.118
0.128	0.148	0.605	0.119
0.108	0.674	0.123	0.095
0.092	0.117	0.658	0.133
0.120	0.668	0.123	0.089
0.103	0.133	0.664	0.100
0.121	0.146	0.625	0.108
0.126	0.657	0.122	0.095
0.095	0.154	0.655	0.096
0.120	0.636	0.127	0.117
0.190	0.293	0.282	0.235
>ACCCCGCTGCGC	5-ACCCCGCTGCGC	10.409522	-3.354155	0	T:12.0(1.09%),B:416.4(0.59%),P:1e-1	Tpos:144.0,Tstd:34.4,Bpos:6517.4,Bstd:16621.3,StrandBias:-0.5,Multiplicity:1.00
0.700	0.100	0.100	0.100
0.100	0.700	0.100	0.100
0.100	0.700	0.100	0.100
0.100	0.700	0.100	0.100
0.100	0.700	0.100	0.100
0.100	0.100	0.700	0.100
0.100	0.700	0.100	0.100
0.100	0.100	0.100	0.700
0.100	0.100	0.700	0.100
0.100	0.700	0.100	0.100
0.100	0.100	0.700	0.100
0.100	0.700	0.100	0.100
>CGGGCGAAGGGC	6-CGGGCGAAGGGC	9.770478	-2.939426	0	T:10.0(0.91%),B:349.2(0.50%),P:1e-1	Tpos:91.8,Tstd:61.5,Bpos:7331.3,Bstd:17435.0,StrandBias:1.2,Multiplicity:1.00
0.066	0.744	0.105	0.085
0.049	0.174	0.701	0.076
0.113	0.198	0.599	0.090
0.107	0.140	0.675	0.078
0.095	0.714	0.125	0.066
0.102	0.120	0.683	0.095
0.667	0.105	0.102	0.126
0.606	0.182	0.094	0.118
0.113	0.144	0.625	0.118
0.110	0.139	0.607	0.144
0.119	0.109	0.673	0.099
0.107	0.707	0.101	0.085
>GGGACCGGGCGG	7-GGGACCGGGCGG	13.131224	-2.201743	0	T:2.0(0.18%),B:35.2(0.05%),P:1e0	Tpos:82.0,Tstd:23.0,Bpos:3045.2,Bstd:10870.9,StrandBias:0.0,Multiplicity:1.00
0.057	0.064	0.846	0.033
0.063	0.061	0.826	0.050
0.066	0.065	0.827	0.042
0.592	0.156	0.161	0.091
0.090	0.694	0.163	0.053
0.088	0.709	0.085	0.118
0.088	0.098	0.738	0.076
0.069	0.104	0.763	0.064
0.055	0.090	0.805	0.050
0.091	0.697	0.128	0.084
0.097	0.090	0.739	0.074
0.065	0.096	0.765	0.074
>GACAGCGGGAGC	8-GACAGCGGGAGC	10.724133	-2.187038	0	T:3.0(0.27%),B:73.6(0.10%),P:1e0	Tpos:103.7,Tstd:55.8,Bpos:9002.2,Bstd:17859.3,StrandBias:10.0,Multiplicity:1.00
0.087	0.121	0.723	0.069
0.554	0.149	0.203	0.094
0.119	0.656	0.159	0.066
0.633	0.117	0.139	0.111
0.069	0.130	0.734	0.067
0.146	0.608	0.145	0.101
0.131	0.119	0.631	0.119
0.096	0.081	0.746	0.077
0.096	0.149	0.698	0.057
0.624	0.122	0.160	0.094
0.091	0.119	0.726	0.064
0.106	0.669	0.138	0.087
>SCGGCGGGGACB	9-SCGGCGGGGACB	8.762950	-2.108425	0	T:8.0(0.73%),B:311.3(0.44%),P:1e0	Tpos:111.2,Tstd:51.6,Bpos:3891.7,Bstd:12048.9,StrandBias:0.7,Multiplicity:1.00
0.200	0.241	0.383	0.176
0.088	0.701	0.113	0.098
0.081	0.169	0.668	0.082
0.112	0.158	0.607	0.123
0.102	0.656	0.130	0.112
0.072	0.174	0.665	0.089
0.107	0.175	0.605	0.113
0.122	0.145	0.633	0.100
0.129	0.125	0.631	0.115
0.613	0.147	0.128	0.112
0.110	0.617	0.131	0.142
0.184	0.245	0.347	0.224
>VCCGGGCGCGCV	10-VCCGGGCGCGCV	9.592749	-1.739492	0	T:7.0(0.64%),B:290.8(0.41%),P:1e0	Tpos:142.0,Tstd:34.5,Bpos:1753.3,Bstd:6937.7,StrandBias:10.0,Multiplicity:1.00
0.336	0.322	0.243	0.099
0.001	0.924	0.023	0.052
0.021	0.529	0.266	0.184
0.075	0.303	0.516	0.106
0.103	0.175	0.599	0.123
0.121	0.270	0.486	0.123
0.076	0.623	0.272	0.029
0.107	0.303	0.533	0.057
0.030	0.868	0.095	0.007
0.001	0.086	0.912	0.001
0.217	0.644	0.064	0.075
0.368	0.225	0.355	0.052
>CCGCGGGCCGGC	11-CCGCGGGCCGGC	10.409522	-1.446710	0	T:17.0(1.55%),B:889.4(1.27%),P:1e0	Tpos:125.4,Tstd:49.7,Bpos:3615.2,Bstd:12464.6,StrandBias:0.9,Multiplicity:1.00
0.100	0.700	0.100	0.100
0.100	0.700	0.100	0.100
0.100	0.100	0.700	0.100
0.100	0.700	0.100	0.100
0.100	0.100	0.700	0.100
0.100	0.100	0.700	0.100
0.100	0.100	0.700	0.100
0.100	0.700	0.100	0.100
0.100	0.700	0.100	0.100
0.100	0.100	0.700	0.100
0.100	0.100	0.700	0.100
0.100	0.700	0.100	0.100
>ATTAGACTGCCT	12-ATTAGACTGCCT	12.636739	-1.358022	0	T:5.0(0.46%),B:217.2(0.31%),P:1e0	Tpos:90.4,Tstd:38.2,Bpos:17969.4,Bstd:16895.3,StrandBias:2.0,Multiplicity:1.00
0.800	0.065	0.134	0.001
0.076	0.335	0.001	0.588
0.001	0.331	0.001	0.667
0.836	0.001	0.162	0.001
0.001	0.208	0.790	0.001
0.696	0.001	0.302	0.001
0.158	0.751	0.090	0.001
0.001	0.001	0.001	0.997
0.001	0.001	0.997	0.001
0.001	0.997	0.001	0.001
0.231	0.767	0.001	0.001
0.001	0.001	0.097	0.901
>NGGCGCGCCGGV	13-NGGCGCGCCGGV	9.877255	-1.310622	0	T:2.0(0.18%),B:65.0(0.09%),P:1e0	Tpos:46.5,Tstd:11.5,Bpos:2025.4,Bstd:6903.3,StrandBias:10.0,Multiplicity:1.00
0.205	0.270	0.330	0.195
0.098	0.144	0.670	0.088
0.091	0.163	0.671	0.075
0.133	0.585	0.182	0.100
0.099	0.153	0.636	0.112
0.119	0.603	0.181	0.097
0.095	0.190	0.600	0.115
0.079	0.647	0.202	0.072
0.133	0.588	0.165	0.114
0.114	0.147	0.632	0.107
0.084	0.153	0.689	0.074
0.205	0.289	0.351	0.156
>SGGCGCCGCCAV	14-SGGCGCCGCCAV	10.821318	-1.043427	0	T:4.0(0.36%),B:191.8(0.27%),P:1e0	Tpos:127.2,Tstd:23.7,Bpos:2929.5,Bstd:11027.9,StrandBias:0.0,Multiplicity:1.00
0.093	0.371	0.394	0.142
0.051	0.077	0.821	0.051
0.051	0.225	0.647	0.077
0.143	0.806	0.050	0.001
0.125	0.099	0.750	0.026
0.051	0.852	0.046	0.051
0.048	0.830	0.065	0.057
0.026	0.052	0.871	0.051
0.125	0.605	0.219	0.051
0.128	0.751	0.095	0.026
0.479	0.249	0.221	0.052
0.211	0.259	0.355	0.176
>YCGGCGGCCGSN	15-YCGGCGGCCGSN	8.392583	-1.026022	0	T:5.0(0.46%),B:251.3(0.36%),P:1e0	Tpos:106.6,Tstd:52.6,Bpos:3021.1,Bstd:11617.0,StrandBias:-0.6,Multiplicity:1.00
0.133	0.363	0.194	0.310
0.035	0.761	0.093	0.111
0.066	0.160	0.713	0.061
0.177	0.152	0.560	0.111
0.139	0.724	0.093	0.044
0.178	0.128	0.628	0.066
0.305	0.168	0.505	0.022
0.044	0.467	0.267	0.221
0.212	0.444	0.278	0.067
0.067	0.229	0.638	0.066
0.239	0.418	0.276	0.067
0.289	0.261	0.220	0.230
>BCGCCCGGAGCN	16-BCGCCCGGAGCN	7.824978	-1.002482	0	T:40.0(3.65%),B:2406.4(3.42%),P:1e0	Tpos:107.7,Tstd:58.5,Bpos:3447.8,Bstd:11744.1,StrandBias:0.6,Multiplicity:1.05
0.173	0.234	0.365	0.227
0.082	0.722	0.114	0.082
0.103	0.105	0.693	0.099
0.099	0.659	0.107	0.135
0.069	0.586	0.203	0.142
0.093	0.648	0.177	0.082
0.090	0.181	0.637	0.092
0.128	0.143	0.623	0.106
0.476	0.213	0.161	0.150
0.135	0.113	0.625	0.127
0.105	0.677	0.114	0.104
0.208	0.289	0.315	0.189
>GCGCGCGCGGGC	17-GCGCGCGCGGGC	10.409522	-0.897295	0	T:18.0(1.64%),B:1069.6(1.52%),P:1e0	Tpos:79.3,Tstd:66.4,Bpos:4448.9,Bstd:13309.0,StrandBias:0.0,Multiplicity:1.06
0.100	0.100	0.700	0.100
0.100	0.700	0.100	0.100
0.100	0.100	0.700	0.100
0.100	0.700	0.100	0.100
0.100	0.100	0.700	0.100
0.100	0.700	0.100	0.100
0.100	0.100	0.700	0.100
0.100	0.700	0.100	0.100
0.100	0.100	0.700	0.100
0.100	0.100	0.700	0.100
0.100	0.100	0.700	0.100
0.100	0.700	0.100	0.100
>NCSGGGCGCGCN	18-NCSGGGCGCGCN	9.245058	-0.894157	0	T:2.0(0.18%),B:89.2(0.13%),P:1e0	Tpos:117.0,Tstd:0.0,Bpos:3995.2,Bstd:14645.8,StrandBias:10.0,Multiplicity:1.00
0.232	0.310	0.286	0.171
0.116	0.645	0.130	0.109
0.174	0.294	0.389	0.143
0.167	0.213	0.487	0.133
0.157	0.208	0.550	0.085
0.173	0.156	0.559	0.112
0.063	0.682	0.159	0.096
0.041	0.063	0.792	0.104
0.075	0.789	0.088	0.048
0.083	0.107	0.732	0.078
0.131	0.611	0.145	0.113
0.224	0.278	0.295	0.203
>TATATATTGAAG	19-TATATATTGAAG	12.355432	-0.809586	0	T:1.0(0.09%),B:37.6(0.05%),P:1e0	Tpos:105.5,Tstd:51.5,Bpos:19437.9,Bstd:21697.2,StrandBias:10.0,Multiplicity:6.00
0.100	0.100	0.100	0.700
0.700	0.100	0.100	0.100
0.100	0.100	0.100	0.700
0.700	0.100	0.100	0.100
0.100	0.100	0.100	0.700
0.700	0.100	0.100	0.100
0.100	0.100	0.100	0.700
0.100	0.100	0.100	0.700
0.100	0.100	0.700	0.100
0.700	0.100	0.100	0.100
0.700	0.100	0.100	0.100
0.100	0.100	0.700	0.100
>AGCGGGCGCGGG	20-AGCGGGCGCGGG	8.763550	-0.641558	0	T:17.0(1.55%),B:1084.0(1.54%),P:1e0	Tpos:86.9,Tstd:41.4,Bpos:3756.1,Bstd:12590.7,StrandBias:-0.3,Multiplicity:1.12
0.648	0.131	0.082	0.139
0.081	0.140	0.643	0.136
0.090	0.709	0.095	0.106
0.117	0.125	0.645	0.113
0.098	0.129	0.633	0.140
0.073	0.131	0.619	0.177
0.123	0.662	0.127	0.088
0.064	0.106	0.724	0.106
0.096	0.726	0.080	0.098
0.106	0.142	0.679	0.073
0.111	0.138	0.631	0.120
0.101	0.129	0.681	0.089
>MGCGCGCGCGGV	21-MGCGCGCGCGGV	12.315144	-0.631027	0	T:1.0(0.09%),B:48.5(0.07%),P:1e0	Tpos:163.0,Tstd:0.0,Bpos:1856.2,Bstd:7717.1,StrandBias:-10.0,Multiplicity:1.00
0.264	0.406	0.199	0.132
0.132	0.066	0.670	0.132
0.001	0.930	0.068	0.001
0.001	0.001	0.933	0.065
0.065	0.933	0.001	0.001
0.001	0.066	0.860	0.073
0.066	0.864	0.069	0.001
0.001	0.001	0.997	0.001
0.198	0.538	0.132	0.132
0.198	0.073	0.663	0.066
0.198	0.066	0.670	0.066
0.198	0.329	0.341	0.132
>NCGSGSSVRAAV	22-NCGSGSSVRAAV	7.571540	-0.524128	0	T:3.0(0.27%),B:197.0(0.28%),P:1e0	Tpos:66.3,Tstd:38.7,Bpos:6207.1,Bstd:14052.3,StrandBias:1.0,Multiplicity:1.00
0.195	0.182	0.313	0.310
0.220	0.499	0.280	0.001
0.001	0.398	0.600	0.001
0.001	0.562	0.436	0.001
0.116	0.314	0.569	0.001
0.001	0.562	0.436	0.001
0.001	0.481	0.517	0.001
0.274	0.394	0.295	0.038
0.356	0.164	0.479	0.001
0.750	0.178	0.071	0.001
0.463	0.304	0.232	0.001
0.368	0.350	0.281	0.001
>GGCGGCGGCCCG	23-GGCGGCGGCCCG	9.587596	-0.436359	0	T:11.0(1.00%),B:764.2(1.09%),P:1e0	Tpos:107.2,Tstd:57.7,Bpos:1855.5,Bstd:8420.3,StrandBias:1.0,Multiplicity:1.09
0.082	0.167	0.693	0.058
0.024	0.247	0.622	0.107
0.082	0.720	0.113	0.085
0.109	0.217	0.531	0.143
0.047	0.211	0.688	0.054
0.058	0.761	0.174	0.007
0.101	0.166	0.649	0.084
0.155	0.170	0.553	0.122
0.067	0.606	0.267	0.060
0.075	0.455	0.289	0.180
0.154	0.556	0.266	0.024
0.127	0.165	0.597	0.111
>BGKCGGGGGVGV	24-BGKCGGGGGVGV	8.754324	-0.274243	0	T:6.0(0.55%),B:481.4(0.69%),P:1e0	Tpos:97.3,Tstd:55.7,Bpos:5471.5,Bstd:15101.1,StrandBias:2.3,Multiplicity:1.00
0.158	0.352	0.257	0.233
0.051	0.176	0.654	0.119
0.105	0.170	0.360	0.365
0.028	0.934	0.029	0.009
0.026	0.117	0.847	0.010
0.052	0.240	0.663	0.045
0.117	0.295	0.483	0.104
0.122	0.179	0.629	0.070
0.224	0.139	0.528	0.109
0.354	0.298	0.235	0.113
0.134	0.099	0.645	0.122
0.203	0.325	0.301	0.171
>SCCGGCCCGGBS	25-SCCGGCCCGGBS	11.023361	-0.131546	0	T:1.0(0.09%),B:134.2(0.19%),P:1e0	Tpos:132.0,Tstd:0.0,Bpos:5815.5,Bstd:14514.6,StrandBias:10.0,Multiplicity:1.00
0.074	0.332	0.479	0.115
0.011	0.835	0.121	0.033
0.104	0.699	0.115	0.082
0.089	0.100	0.691	0.120
0.023	0.160	0.782	0.035
0.019	0.841	0.119	0.021
0.014	0.823	0.095	0.068
0.101	0.677	0.138	0.084
0.097	0.120	0.673	0.110
0.023	0.156	0.793	0.028
0.107	0.289	0.298	0.306
0.103	0.316	0.396	0.185
>SCGGCGCG	1-SCGGCGCG	6.496049	-0.146473	0	T:146.0(13.31%),B:10141.2(14.43%),P:1e0	Tpos:97.4,Tstd:53.3,Bpos:3684.0,Bstd:12706.1,StrandBias:0.1,Multiplicity:1.28
0.122	0.416	0.363	0.099
0.001	0.861	0.137	0.001
0.001	0.336	0.559	0.104
0.001	0.184	0.814	0.001
0.160	0.666	0.124	0.050
0.001	0.119	0.753	0.127
0.001	0.853	0.145	0.001
0.116	0.145	0.738	0.001
>HGGCSCSG	2-HGGCSCSG	6.963229	-0.068360	0	T:20.0(1.82%),B:1733.2(2.47%),P:1e0	Tpos:71.6,Tstd:37.3,Bpos:9640.0,Bstd:18004.1,StrandBias:2.0,Multiplicity:1.00
0.327	0.283	0.121	0.270
0.001	0.237	0.569	0.193
0.001	0.329	0.669	0.001
0.065	0.761	0.173	0.001
0.001	0.448	0.550	0.001
0.001	0.596	0.402	0.001
0.001	0.521	0.477	0.001
0.001	0.001	0.997	0.001
>CGGCGGCG	3-CGGCGGCG	7.327644	-0.022285	0	T:97.0(8.84%),B:7480.5(10.65%),P:1e0	Tpos:89.2,Tstd:56.1,Bpos:2848.0,Bstd:10675.3,StrandBias:-0.4,Multiplicity:1.31
0.068	0.768	0.115	0.049
0.070	0.162	0.685	0.083
0.054	0.080	0.811	0.055
0.043	0.780	0.139	0.038
0.103	0.167	0.669	0.061
0.054	0.093	0.829	0.024
0.091	0.771	0.104	0.034
0.049	0.176	0.690	0.085
>NSCGGCSS	4-NSCGGCSS	4.901714	-0.020440	0	T:31.0(2.83%),B:2771.6(3.94%),P:1e0	Tpos:117.5,Tstd:51.7,Bpos:4542.7,Bstd:14761.7,StrandBias:-1.6,Multiplicity:1.00
0.202	0.317	0.286	0.194
0.124	0.315	0.395	0.166
0.079	0.681	0.173	0.067
0.085	0.257	0.577	0.081
0.116	0.283	0.487	0.114
0.133	0.555	0.201	0.111
0.096	0.358	0.450	0.096
0.182	0.331	0.343	0.144
>GGGCGCGS	5-GGGCGCGS	7.183462	-0.011140	0	T:28.0(2.55%),B:2646.8(3.77%),P:1e0	Tpos:106.0,Tstd:56.2,Bpos:3725.3,Bstd:12629.9,StrandBias:0.6,Multiplicity:1.00
0.142	0.207	0.549	0.102
0.184	0.090	0.654	0.072
0.088	0.291	0.600	0.021
0.122	0.532	0.298	0.048
0.006	0.202	0.697	0.095
0.114	0.650	0.235	0.001
0.012	0.006	0.888	0.094
0.120	0.436	0.389	0.055
>CGCTCGCG	6-CGCTCGCG	8.639006	-0.010153	0	T:24.0(2.19%),B:2349.7(3.34%),P:1e0	Tpos:77.2,Tstd:61.8,Bpos:5423.9,Bstd:15119.7,StrandBias:0.5,Multiplicity:1.00
0.001	0.997	0.001	0.001
0.001	0.001	0.997	0.001
0.001	0.729	0.223	0.047
0.001	0.172	0.262	0.565
0.001	0.997	0.001	0.001
0.001	0.194	0.804	0.001
0.001	0.861	0.137	0.001
0.001	0.001	0.997	0.001
>TCGCCGGC	7-TCGCCGGC	8.302968	-0.010104	0	T:6.0(0.55%),B:839.6(1.19%),P:1e0	Tpos:100.0,Tstd:49.5,Bpos:8747.5,Bstd:20219.7,StrandBias:1.0,Multiplicity:1.00
0.078	0.186	0.238	0.499
0.055	0.731	0.080	0.134
0.043	0.185	0.683	0.089
0.001	0.663	0.335	0.001
0.012	0.860	0.117	0.011
0.066	0.160	0.773	0.001
0.012	0.131	0.780	0.077
0.071	0.719	0.192	0.018
>GCCGCCGG	8-GCCGCCGG	8.786079	-0.006091	0	T:28.0(2.55%),B:2742.6(3.90%),P:1e0	Tpos:112.0,Tstd:42.5,Bpos:3580.7,Bstd:11633.7,StrandBias:0.0,Multiplicity:1.00
0.050	0.133	0.775	0.042
0.066	0.702	0.177	0.055
0.059	0.755	0.090	0.096
0.034	0.116	0.787	0.063
0.041	0.748	0.161	0.050
0.059	0.778	0.128	0.035
0.062	0.144	0.735	0.059
0.077	0.155	0.722	0.046
>CSCSGCGS	9-CSCSGCGS	7.324273	-0.004496	0	T:81.0(7.38%),B:6747.7(9.60%),P:1e0	Tpos:107.9,Tstd:55.9,Bpos:4775.7,Bstd:14063.4,StrandBias:-0.2,Multiplicity:1.00
0.084	0.525	0.349	0.042
0.001	0.365	0.426	0.208
0.001	0.997	0.001	0.001
0.053	0.471	0.427	0.048
0.001	0.215	0.783	0.001
0.001	0.997	0.001	0.001
0.028	0.291	0.636	0.045
0.001	0.518	0.480	0.001
>CGCSGCGS	10-CGCSGCGS	5.429760	-0.002447	0	T:210.0(19.14%),B:15891.5(22.62%),P:1e0	Tpos:96.0,Tstd:58.1,Bpos:5527.6,Bstd:15156.9,StrandBias:-0.2,Multiplicity:1.21
0.136	0.509	0.242	0.113
0.001	0.265	0.618	0.116
0.055	0.576	0.321	0.048
0.149	0.370	0.412	0.068
0.030	0.383	0.535	0.052
0.086	0.730	0.179	0.005
0.050	0.230	0.652	0.068
0.078	0.427	0.491	0.004
>SSCSGCGS	11-SSCSGCGS	7.217880	-0.002400	0	T:29.0(2.64%),B:2962.3(4.22%),P:1e0	Tpos:136.7,Tstd:40.0,Bpos:2734.8,Bstd:9211.2,StrandBias:1.0,Multiplicity:1.00
0.035	0.431	0.356	0.178
0.034	0.432	0.495	0.039
0.008	0.896	0.080	0.016
0.079	0.447	0.405	0.069
0.004	0.052	0.886	0.058
0.091	0.825	0.056	0.028
0.081	0.186	0.673	0.060
0.019	0.495	0.460	0.026
>SGCGGCGC	12-SGCGGCGC	6.341589	-0.002148	0	T:91.0(8.30%),B:7631.2(10.86%),P:1e0	Tpos:84.3,Tstd:60.0,Bpos:4033.1,Bstd:11706.5,StrandBias:0.4,Multiplicity:1.00
0.087	0.470	0.374	0.068
0.020	0.140	0.692	0.148
0.079	0.649	0.256	0.016
0.121	0.281	0.511	0.087
0.070	0.384	0.545	0.001
0.082	0.621	0.296	0.001
0.001	0.173	0.825	0.001
0.088	0.513	0.355	0.044
>CSGSSGCY	13-CSGSSGCY	7.328078	-0.002132	0	T:14.0(1.28%),B:1730.5(2.46%),P:1e0	Tpos:106.3,Tstd:26.2,Bpos:6435.6,Bstd:14690.5,StrandBias:-1.0,Multiplicity:1.00
0.001	0.973	0.025	0.001
0.001	0.527	0.471	0.001
0.001	0.409	0.589	0.001
0.001	0.432	0.566	0.001
0.001	0.569	0.429	0.001
0.001	0.379	0.619	0.001
0.001	0.997	0.001	0.001
0.203	0.297	0.114	0.387
>GSGCCGSG	14-GSGCCGSG	6.634723	-0.001673	0	T:74.0(6.75%),B:6446.9(9.18%),P:1e0	Tpos:101.0,Tstd:48.3,Bpos:3984.9,Bstd:11793.4,StrandBias:0.4,Multiplicity:1.00
0.001	0.335	0.658	0.006
0.090	0.485	0.424	0.001
0.117	0.215	0.488	0.180
0.001	0.594	0.402	0.003
0.049	0.627	0.283	0.041
0.001	0.269	0.729	0.001
0.054	0.476	0.469	0.001
0.112	0.146	0.660	0.082
>SCGCGSCG	15-SCGCGSCG	6.420361	-0.001321	0	T:92.0(8.39%),B:7808.2(11.11%),P:1e0	Tpos:50.7,Tstd:39.6,Bpos:4786.6,Bstd:13584.1,StrandBias:1.3,Multiplicity:1.00
0.154	0.455	0.387	0.003
0.242	0.647	0.098	0.013
0.070	0.227	0.647	0.056
0.179	0.554	0.234	0.033
0.029	0.204	0.737	0.030
0.076	0.505	0.418	0.001
0.151	0.701	0.125	0.023
0.041	0.044	0.806	0.109
>GCGSCSCG	16-GCGSCSCG	6.351503	-0.001015	0	T:67.0(6.11%),B:6024.1(8.57%),P:1e0	Tpos:99.6,Tstd:53.2,Bpos:4024.6,Bstd:12344.9,StrandBias:0.2,Multiplicity:1.06
0.047	0.219	0.609	0.125
0.096	0.653	0.250	0.001
0.154	0.220	0.498	0.127
0.092	0.458	0.351	0.099
0.050	0.700	0.247	0.003
0.001	0.488	0.433	0.078
0.078	0.611	0.268	0.043
0.139	0.156	0.603	0.102
>CGSGSSCB	17-CGSGSSCB	7.072711	-0.000614	0	T:11.0(1.00%),B:1592.9(2.27%),P:1e0	Tpos:105.8,Tstd:40.9,Bpos:6250.5,Bstd:15427.3,StrandBias:-1.6,Multiplicity:1.00
0.001	0.997	0.001	0.001
0.001	0.406	0.592	0.001
0.001	0.431	0.567	0.001
0.001	0.350	0.648	0.001
0.001	0.521	0.477	0.001
0.001	0.460	0.538	0.001
0.001	0.955	0.043	0.001
0.160	0.246	0.284	0.310
>CGCBSCGG	18-CGCBSCGG	6.227963	-0.000399	0	T:85.0(7.75%),B:7537.0(10.73%),P:1e0	Tpos:98.8,Tstd:58.4,Bpos:4962.1,Bstd:14357.8,StrandBias:-0.1,Multiplicity:1.03
0.188	0.579	0.232	0.001
0.001	0.176	0.624	0.199
0.001	0.752	0.119	0.128
0.113	0.283	0.358	0.247
0.001	0.466	0.473	0.061
0.001	0.687	0.311	0.001
0.001	0.395	0.603	0.001
0.001	0.264	0.588	0.147
>CGGSGVGG	19-CGGSGVGG	7.155190	-0.000108	0	T:54.0(4.92%),B:5409.6(7.70%),P:1e0	Tpos:96.5,Tstd:53.7,Bpos:5290.7,Bstd:14439.1,StrandBias:-0.3,Multiplicity:1.06
0.029	0.838	0.065	0.068
0.035	0.042	0.889	0.034
0.001	0.271	0.727	0.001
0.234	0.415	0.334	0.017
0.048	0.149	0.769	0.034
0.265	0.403	0.331	0.001
0.098	0.234	0.592	0.076
0.001	0.418	0.577	0.004
>SCGSSGCG	20-SCGSSGCG	4.971715	-0.000007	0	T:105.0(9.57%),B:9752.1(13.88%),P:1e0	Tpos:168.7,Tstd:17.5,Bpos:5950.3,Bstd:15587.0,StrandBias:-1.0,Multiplicity:1.00
0.141	0.314	0.364	0.180
0.086	0.658	0.159	0.097
0.070	0.322	0.488	0.120
0.079	0.474	0.392	0.055
0.126	0.411	0.348	0.115
0.071	0.273	0.553	0.103
0.167	0.552	0.136	0.145
0.117	0.256	0.480	0.147
>CCCGCCCS	21-CCCGCCCS	6.483003	-0.000002	0	T:162.0(14.77%),B:14171.7(20.17%),P:1e0	Tpos:98.5,Tstd:54.3,Bpos:6270.0,Bstd:15989.8,StrandBias:0.0,Multiplicity:1.23
0.117	0.600	0.118	0.165
0.014	0.537	0.343	0.106
0.001	0.757	0.241	0.001
0.047	0.145	0.569	0.239
0.102	0.876	0.001	0.021
0.001	0.493	0.265	0.241
0.001	0.580	0.418	0.001
0.013	0.534	0.433	0.020
>CSSGGCCS	22-CSSGGCCS	6.250090	-0.000000	0	T:28.0(2.55%),B:4092.8(5.82%),P:1e0	Tpos:108.1,Tstd:47.5,Bpos:9838.3,Bstd:18960.9,StrandBias:-1.3,Multiplicity:1.00
0.045	0.525	0.302	0.128
0.034	0.526	0.406	0.034
0.015	0.512	0.439	0.034
0.033	0.156	0.810	0.001
0.126	0.209	0.618	0.047
0.072	0.556	0.319	0.053
0.048	0.558	0.301	0.093
0.155	0.332	0.360	0.154
>SCCGGSSC	23-SCCGGSSC	6.116928	-0.000000	0	T:333.0(30.36%),B:30988.2(44.10%),P:1e0	Tpos:91.8,Tstd:56.3,Bpos:9025.3,Bstd:17583.5,StrandBias:0.2,Multiplicity:1.34
0.001	0.467	0.531	0.001
0.001	0.740	0.258	0.001
0.001	0.688	0.310	0.001
0.001	0.419	0.579	0.001
0.001	0.423	0.575	0.001
0.001	0.472	0.526	0.001
0.001	0.519	0.479	0.001
0.001	0.770	0.228	0.001
>NGCCSSGG	24-NGCCSSGG	6.513960	0.000000	0	T:47.0(4.28%),B:6571.6(9.35%),P:1e0	Tpos:124.4,Tstd:54.4,Bpos:9932.2,Bstd:18408.7,StrandBias:2.3,Multiplicity:1.00
0.285	0.242	0.209	0.264
0.001	0.266	0.662	0.071
0.001	0.614	0.257	0.128
0.001	0.997	0.001	0.001
0.001	0.525	0.473	0.001
0.001	0.534	0.464	0.001
0.001	0.368	0.630	0.001
0.020	0.395	0.560	0.025
>CCGGGSSN	25-CCGGGSSN	6.784075	0.000000	0	T:38.0(3.46%),B:6245.7(8.89%),P:1e0	Tpos:78.2,Tstd:36.4,Bpos:10373.9,Bstd:17284.7,StrandBias:-2.0,Multiplicity:1.00
0.017	0.712	0.270	0.001
0.001	0.671	0.327	0.001
0.001	0.355	0.643	0.001
0.001	0.243	0.755	0.001
0.001	0.248	0.750	0.001
0.001	0.461	0.537	0.001
0.001	0.523	0.475	0.001
0.276	0.292	0.185	0.247
