>AAAAAACTAACC	18-AAAAAACTAACC,BestGuess:QKI(KH)/Homo_sapiens-RNCMPT00047-PBM/HughesRNA(0.708)	14.445330	-1.701456	0	T:5.0(0.03%),B:7.5(0.01%),P:1e0
0.812	0.059	0.080	0.049
0.834	0.052	0.064	0.050
0.842	0.047	0.052	0.059
0.833	0.058	0.035	0.074
0.838	0.047	0.046	0.069
0.799	0.063	0.053	0.085
0.065	0.812	0.063	0.060
0.034	0.075	0.039	0.852
0.806	0.090	0.037	0.067
0.888	0.027	0.048	0.037
0.058	0.853	0.036	0.053
0.037	0.833	0.061	0.069
