>GCCAAAGTCCGT	11-GCCAAAGTCCGT,BestGuess:HNF4G/MA0484.2/Jaspar(0.794)	10.581549	-11.617857	0	T:31.0(0.16%),B:27.8(0.05%),P:1e-5
0.072	0.035	0.816	0.077
0.042	0.915	0.001	0.042
0.022	0.893	0.021	0.064
0.870	0.064	0.065	0.001
0.936	0.042	0.001	0.021
0.892	0.042	0.065	0.001
0.090	0.064	0.747	0.099
0.064	0.043	0.056	0.837
0.021	0.830	0.021	0.128
0.091	0.779	0.022	0.108
0.190	0.051	0.660	0.099
0.077	0.035	0.043	0.845
