>TTTTTRGCTTTG	12-TTTTTRGCTTTG,BestGuess:Dof2/MA0020.1/Jaspar(0.646)	10.534431	-11.203494	0	T:40.0(0.21%),B:43.9(0.08%),P:1e-4
0.045	0.104	0.035	0.816
0.060	0.205	0.170	0.565
0.270	0.043	0.035	0.652
0.288	0.030	0.042	0.640
0.311	0.031	0.035	0.623
0.405	0.149	0.411	0.036
0.068	0.050	0.821	0.061
0.067	0.733	0.128	0.072
0.037	0.203	0.174	0.586
0.053	0.091	0.031	0.825
0.116	0.202	0.046	0.636
0.162	0.093	0.678	0.067
