>TGWGAGAGWGAG	14-TGWGAGAGWGAG,BestGuess:GAGA-repeat/Arabidopsis-Promoters/Homer(0.816)	10.673496	-3.835272	0	T:65.0(0.34%),B:133.7(0.25%),P:1e-1
0.195	0.048	0.053	0.704
0.243	0.031	0.452	0.274
0.500	0.024	0.031	0.445
0.070	0.041	0.830	0.059
0.583	0.023	0.034	0.360
0.068	0.040	0.839	0.053
0.571	0.029	0.032	0.368
0.066	0.040	0.838	0.056
0.455	0.018	0.028	0.499
0.073	0.040	0.838	0.049
0.604	0.024	0.042	0.330
0.347	0.031	0.575	0.047
