>GCTCTTCGCG	1-GCTCTTCGCG	10.296193	-5.134045	0	T:3.0(0.77%),B:58.2(0.09%),P:1e-2	Tpos:30.7,Tstd:8.0,Bpos:924.8,Bstd:3096.6,StrandBias:-1.0,Multiplicity:1.00
0.100	0.100	0.700	0.100
0.100	0.700	0.100	0.100
0.100	0.100	0.100	0.700
0.100	0.700	0.100	0.100
0.100	0.100	0.100	0.700
0.100	0.100	0.100	0.700
0.100	0.700	0.100	0.100
0.100	0.100	0.700	0.100
0.100	0.700	0.100	0.100
0.100	0.100	0.700	0.100
>CGGGACTCCC	2-CGGGACTCCC	10.272635	-3.922347	0	T:4.0(1.02%),B:167.3(0.26%),P:1e-1	Tpos:18.8,Tstd:15.1,Bpos:3762.9,Bstd:13416.1,StrandBias:0.0,Multiplicity:1.00
0.078	0.692	0.078	0.152
0.089	0.148	0.705	0.058
0.085	0.130	0.712	0.073
0.104	0.085	0.741	0.070
0.591	0.144	0.126	0.139
0.096	0.704	0.140	0.060
0.138	0.109	0.088	0.665
0.057	0.768	0.107	0.068
0.151	0.662	0.110	0.077
0.036	0.762	0.072	0.130
>AAAGCGCAAC	3-AAAGCGCAAC	9.161363	-3.356565	0	T:3.0(0.77%),B:116.5(0.18%),P:1e-1	Tpos:21.0,Tstd:7.9,Bpos:8534.4,Bstd:14170.8,StrandBias:1.0,Multiplicity:1.00
0.691	0.104	0.193	0.012
0.747	0.113	0.139	0.001
0.744	0.041	0.130	0.085
0.091	0.081	0.770	0.058
0.088	0.682	0.140	0.090
0.088	0.163	0.630	0.119
0.107	0.880	0.012	0.001
0.625	0.216	0.066	0.093
0.568	0.199	0.130	0.103
0.163	0.662	0.085	0.090
>AGTCGGCGGT	4-AGTCGGCGGT	10.296193	-1.835501	0	T:1.0(0.26%),B:28.5(0.04%),P:1e0	Tpos:19.0,Tstd:0.0,Bpos:1305.1,Bstd:4084.9,StrandBias:10.0,Multiplicity:1.00
0.700	0.100	0.100	0.100
0.100	0.100	0.700	0.100
0.100	0.100	0.100	0.700
0.100	0.700	0.100	0.100
0.100	0.100	0.700	0.100
0.100	0.100	0.700	0.100
0.100	0.700	0.100	0.100
0.100	0.100	0.700	0.100
0.100	0.100	0.700	0.100
0.100	0.100	0.100	0.700
>GCCGGGAAAR	5-GCCGGGAAAR	10.210945	-0.620038	0	T:3.0(0.77%),B:470.2(0.72%),P:1e0	Tpos:34.0,Tstd:7.8,Bpos:7311.9,Bstd:13154.0,StrandBias:1.0,Multiplicity:1.00
0.001	0.010	0.984	0.005
0.001	0.950	0.048	0.001
0.001	0.509	0.295	0.195
0.285	0.001	0.713	0.001
0.001	0.295	0.703	0.001
0.001	0.062	0.936	0.001
0.922	0.003	0.074	0.001
0.881	0.001	0.117	0.001
0.700	0.083	0.001	0.216
0.487	0.081	0.431	0.001
>CCCGCGGGWC	6-CCCGCGGGWC	9.570568	-0.414904	0	T:1.0(0.26%),B:179.8(0.28%),P:1e0	Tpos:8.0,Tstd:0.0,Bpos:2186.5,Bstd:9935.5,StrandBias:10.0,Multiplicity:1.00
0.113	0.700	0.110	0.077
0.087	0.675	0.153	0.085
0.104	0.640	0.146	0.110
0.071	0.149	0.673	0.107
0.102	0.706	0.125	0.067
0.079	0.106	0.716	0.099
0.115	0.137	0.654	0.094
0.107	0.189	0.611	0.093
0.533	0.001	0.001	0.465
0.138	0.624	0.151	0.087
>CCGGCTGCCN	7-CCGGCTGCCN	7.100378	-0.345628	0	T:1.0(0.26%),B:204.2(0.31%),P:1e0	Tpos:28.0,Tstd:0.0,Bpos:2684.9,Bstd:8407.5,StrandBias:10.0,Multiplicity:1.00
0.186	0.447	0.220	0.147
0.088	0.604	0.249	0.059
0.195	0.257	0.430	0.118
0.114	0.150	0.619	0.117
0.044	0.603	0.253	0.100
0.141	0.276	0.143	0.440
0.024	0.231	0.678	0.067
0.059	0.603	0.291	0.047
0.119	0.526	0.156	0.199
0.187	0.270	0.282	0.261
>GCCGCTCTCC	8-GCCGCTCTCC	10.262386	-0.242132	0	T:1.0(0.26%),B:255.5(0.39%),P:1e0	Tpos:6.0,Tstd:0.0,Bpos:4664.7,Bstd:10550.8,StrandBias:10.0,Multiplicity:1.00
0.094	0.184	0.641	0.081
0.070	0.788	0.059	0.083
0.123	0.658	0.120	0.099
0.084	0.133	0.636	0.147
0.038	0.789	0.113	0.060
0.049	0.168	0.095	0.688
0.086	0.699	0.152	0.063
0.137	0.139	0.111	0.613
0.065	0.727	0.154	0.054
0.063	0.764	0.081	0.092
>CTGGAAGCAG	9-CTGGAAGCAG	10.869964	-0.212372	0	T:7.0(1.79%),B:1521.0(2.34%),P:1e0	Tpos:25.4,Tstd:13.6,Bpos:11243.9,Bstd:15886.0,StrandBias:1.3,Multiplicity:1.00
0.001	0.997	0.001	0.001
0.001	0.001	0.124	0.874
0.001	0.001	0.997	0.001
0.270	0.001	0.728	0.001
0.748	0.098	0.001	0.153
0.926	0.001	0.072	0.001
0.001	0.001	0.997	0.001
0.100	0.814	0.085	0.001
0.997	0.001	0.001	0.001
0.001	0.001	0.997	0.001
>CCAGGAAAGA	10-CCAGGAAAGA	11.085100	-0.107132	0	T:2.0(0.51%),B:643.0(0.99%),P:1e0	Tpos:10.0,Tstd:0.0,Bpos:12685.0,Bstd:10995.9,StrandBias:10.0,Multiplicity:1.00
0.078	0.834	0.001	0.087
0.001	0.891	0.001	0.107
0.852	0.146	0.001	0.001
0.001	0.001	0.997	0.001
0.001	0.001	0.997	0.001
0.832	0.091	0.076	0.001
0.997	0.001	0.001	0.001
0.997	0.001	0.001	0.001
0.085	0.090	0.824	0.001
0.846	0.082	0.071	0.001
>CCTGGAGGCT	11-CCTGGAGGCT	10.956952	-0.041366	0	T:3.0(0.77%),B:1090.6(1.68%),P:1e0	Tpos:26.3,Tstd:9.7,Bpos:10978.7,Bstd:14254.0,StrandBias:-1.0,Multiplicity:1.00
0.109	0.833	0.001	0.057
0.001	0.997	0.001	0.001
0.068	0.130	0.001	0.801
0.131	0.001	0.867	0.001
0.001	0.078	0.920	0.001
0.916	0.001	0.082	0.001
0.001	0.001	0.997	0.001
0.114	0.075	0.810	0.001
0.001	0.997	0.001	0.001
0.001	0.073	0.001	0.925
>CAGGGAGGAA	12-CAGGGAGGAA	11.621128	-0.012371	0	T:1.0(0.26%),B:729.3(1.12%),P:1e0	Tpos:28.0,Tstd:0.0,Bpos:12373.5,Bstd:20150.9,StrandBias:10.0,Multiplicity:1.00
0.050	0.881	0.012	0.057
0.748	0.032	0.091	0.129
0.052	0.001	0.894	0.053
0.015	0.120	0.841	0.024
0.051	0.088	0.811	0.050
0.792	0.085	0.103	0.020
0.213	0.001	0.737	0.049
0.135	0.112	0.752	0.001
0.798	0.091	0.110	0.001
0.755	0.069	0.123	0.053
>AGCAGCMGSC	13-AGCAGCMGSC	9.971405	-0.003220	0	T:1.0(0.26%),B:951.0(1.46%),P:1e0	Tpos:38.0,Tstd:0.0,Bpos:8642.4,Bstd:19348.8,StrandBias:10.0,Multiplicity:1.00
0.490	0.184	0.195	0.131
0.029	0.148	0.822	0.001
0.103	0.680	0.180	0.037
0.790	0.031	0.112	0.067
0.053	0.001	0.918	0.028
0.140	0.716	0.011	0.133
0.387	0.358	0.169	0.085
0.017	0.059	0.857	0.067
0.065	0.514	0.388	0.033
0.015	0.842	0.142	0.001
>GCGCGKSYST	14-GCGCGKSYST	7.676828	-0.000505	0	T:5.0(1.28%),B:2579.0(3.96%),P:1e0	Tpos:33.4,Tstd:12.4,Bpos:4340.2,Bstd:14105.3,StrandBias:2.0,Multiplicity:1.00
0.001	0.085	0.913	0.001
0.083	0.729	0.117	0.071
0.131	0.042	0.598	0.229
0.134	0.474	0.253	0.139
0.004	0.405	0.590	0.001
0.001	0.228	0.340	0.431
0.001	0.529	0.468	0.002
0.001	0.510	0.002	0.487
0.001	0.376	0.456	0.167
0.001	0.232	0.151	0.616
>SMGCGCWGMC	15-SMGCGCWGMC	6.833241	-0.000000	0	T:4.0(1.02%),B:4572.6(7.03%),P:1e0	Tpos:18.0,Tstd:12.0,Bpos:4557.4,Bstd:14821.6,StrandBias:0.0,Multiplicity:1.00
0.008	0.453	0.532	0.007
0.374	0.469	0.002	0.155
0.006	0.324	0.669	0.001
0.109	0.541	0.345	0.005
0.010	0.270	0.719	0.001
0.118	0.537	0.344	0.001
0.386	0.063	0.128	0.423
0.008	0.001	0.651	0.340
0.384	0.337	0.079	0.199
0.001	0.468	0.265	0.265
>HKCGCGCKTC	16-HKCGCGCKTC	5.284458	-0.000000	0	T:66.0(16.88%),B:30412.6(46.74%),P:1e0	Tpos:24.1,Tstd:11.2,Bpos:5006.7,Bstd:17416.7,StrandBias:0.6,Multiplicity:1.13
0.244	0.352	0.146	0.258
0.001	0.125	0.477	0.397
0.066	0.750	0.132	0.052
0.068	0.303	0.485	0.145
0.002	0.780	0.171	0.047
0.078	0.199	0.563	0.160
0.001	0.865	0.053	0.081
0.001	0.204	0.349	0.446
0.001	0.293	0.219	0.487
0.001	0.492	0.288	0.220
