>GRGAGTCCCGYG	1-GRGAGTCCCGYG	10.524427	-5.375463	0	T:6.0(1.53%),B:250.0(0.38%),P:1e-2	Tpos:19.8,Tstd:13.4,Bpos:6528.4,Bstd:18999.7,StrandBias:-1.0,Multiplicity:1.00
0.001	0.001	0.997	0.001
0.536	0.001	0.462	0.001
0.394	0.001	0.604	0.001
0.997	0.001	0.001	0.001
0.001	0.001	0.997	0.001
0.001	0.001	0.001	0.997
0.001	0.997	0.001	0.001
0.001	0.997	0.001	0.001
0.001	0.604	0.001	0.394
0.001	0.001	0.997	0.001
0.001	0.536	0.015	0.448
0.001	0.001	0.968	0.030
>TGAAKGCTTCGT	2-TGAAKGCTTCGT	12.889387	-4.430201	0	T:1.0(0.26%),B:1.9(0.00%),P:1e-1	Tpos:7.0,Tstd:0.0,Bpos:12059.3,Bstd:8318.7,StrandBias:10.0,Multiplicity:1.00
0.001	0.001	0.001	0.997
0.005	0.001	0.993	0.001
0.572	0.213	0.214	0.001
0.853	0.001	0.145	0.001
0.001	0.001	0.446	0.552
0.109	0.001	0.883	0.007
0.109	0.773	0.001	0.117
0.159	0.001	0.001	0.839
0.159	0.001	0.097	0.743
0.001	0.716	0.282	0.001
0.255	0.227	0.414	0.104
0.001	0.296	0.001	0.702
>NGYBCGCGCKNN	3-NGYBCGCGCKNN	7.251395	-2.148838	0	T:2.0(0.51%),B:96.8(0.15%),P:1e0	Tpos:33.0,Tstd:0.0,Bpos:1787.9,Bstd:8699.7,StrandBias:0.0,Multiplicity:1.00
0.202	0.255	0.313	0.229
0.084	0.229	0.484	0.202
0.029	0.345	0.226	0.400
0.029	0.371	0.229	0.371
0.145	0.513	0.200	0.142
0.115	0.001	0.829	0.055
0.057	0.887	0.001	0.055
0.001	0.168	0.661	0.170
0.029	0.572	0.260	0.139
0.029	0.229	0.318	0.424
0.229	0.255	0.229	0.287
0.313	0.229	0.174	0.284
>CAKCTGCCGAGN	4-CAKCTGCCGAGN	9.512562	-1.835501	0	T:1.0(0.26%),B:28.4(0.04%),P:1e0	Tpos:40.0,Tstd:0.0,Bpos:13297.0,Bstd:13024.0,StrandBias:10.0,Multiplicity:1.00
0.142	0.794	0.036	0.028
0.730	0.027	0.196	0.047
0.148	0.091	0.438	0.323
0.001	0.755	0.187	0.057
0.256	0.083	0.050	0.611
0.001	0.133	0.852	0.014
0.042	0.565	0.392	0.001
0.263	0.447	0.062	0.228
0.103	0.249	0.454	0.194
0.566	0.001	0.178	0.255
0.049	0.399	0.551	0.001
0.226	0.320	0.223	0.231
>GSMDCKCGCGAR	5-GSMDCKCGCGAR	8.373446	-0.177991	0	T:1.0(0.26%),B:301.8(0.46%),P:1e0	Tpos:10.0,Tstd:0.0,Bpos:1134.7,Bstd:4873.3,StrandBias:-10.0,Multiplicity:1.00
0.273	0.152	0.485	0.091
0.060	0.515	0.424	0.001
0.333	0.364	0.152	0.151
0.305	0.151	0.302	0.242
0.122	0.514	0.091	0.273
0.061	0.152	0.395	0.393
0.090	0.788	0.121	0.001
0.001	0.120	0.758	0.121
0.001	0.969	0.001	0.029
0.092	0.121	0.726	0.061
0.425	0.151	0.273	0.151
0.393	0.183	0.393	0.030
