>CGCGCGAR	1-CGCGCGAR	7.639892	-0.796711	0	T:2.0(0.51%),B:253.8(0.39%),P:1e0	Tpos:8.0,Tstd:0.0,Bpos:1389.9,Bstd:5657.3,StrandBias:-10.0,Multiplicity:1.00
0.151	0.697	0.084	0.068
0.065	0.301	0.625	0.009
0.150	0.626	0.176	0.048
0.018	0.135	0.782	0.065
0.194	0.621	0.176	0.009
0.079	0.193	0.727	0.001
0.781	0.025	0.118	0.076
0.422	0.269	0.288	0.021
>GCGSGAAA	2-GCGSGAAA	7.250811	-0.379755	0	T:1.0(0.26%),B:191.2(0.29%),P:1e0	Tpos:5.0,Tstd:0.0,Bpos:2345.0,Bstd:10438.8,StrandBias:10.0,Multiplicity:1.00
0.049	0.176	0.745	0.030
0.105	0.661	0.167	0.067
0.106	0.162	0.652	0.080
0.168	0.449	0.352	0.031
0.117	0.120	0.712	0.051
0.550	0.176	0.231	0.043
0.578	0.124	0.252	0.046
0.659	0.103	0.176	0.062
>CGCGGAAA	3-CGCGGAAA	7.199183	-0.181547	0	T:1.0(0.26%),B:298.4(0.46%),P:1e0	Tpos:24.0,Tstd:0.0,Bpos:4207.9,Bstd:13619.9,StrandBias:10.0,Multiplicity:1.00
0.204	0.463	0.232	0.102
0.046	0.293	0.641	0.020
0.156	0.747	0.084	0.013
0.018	0.019	0.936	0.027
0.252	0.247	0.499	0.001
0.564	0.078	0.290	0.068
0.564	0.079	0.339	0.018
0.620	0.074	0.182	0.124
>NTTCGCGN	4-NTTCGCGN	4.932450	-0.132186	0	T:8.0(2.05%),B:1874.5(2.88%),P:1e0	Tpos:29.4,Tstd:11.9,Bpos:3887.7,Bstd:11361.8,StrandBias:-0.6,Multiplicity:1.00
0.210	0.294	0.237	0.259
0.145	0.152	0.163	0.540
0.108	0.195	0.188	0.509
0.120	0.587	0.157	0.136
0.095	0.220	0.550	0.135
0.127	0.591	0.156	0.126
0.108	0.156	0.604	0.132
0.212	0.325	0.258	0.205
>CGGGGATA	5-CGGGGATA	6.495497	-0.078886	0	T:1.0(0.26%),B:428.3(0.66%),P:1e0	Tpos:6.0,Tstd:0.0,Bpos:11009.5,Bstd:13979.5,StrandBias:10.0,Multiplicity:1.00
0.096	0.718	0.102	0.084
0.110	0.144	0.633	0.113
0.111	0.181	0.642	0.066
0.162	0.128	0.588	0.122
0.209	0.130	0.565	0.096
0.473	0.224	0.206	0.097
0.127	0.177	0.218	0.478
0.461	0.280	0.137	0.123
>ACGCCCGC	6-ACGCCCGC	8.766262	-0.068137	0	T:4.0(1.02%),B:1215.9(1.87%),P:1e0	Tpos:24.2,Tstd:7.8,Bpos:4019.3,Bstd:11874.6,StrandBias:-1.6,Multiplicity:1.00
0.749	0.133	0.116	0.002
0.061	0.779	0.133	0.027
0.165	0.119	0.714	0.002
0.109	0.781	0.042	0.068
0.073	0.616	0.166	0.145
0.031	0.841	0.082	0.046
0.001	0.173	0.790	0.036
0.158	0.735	0.036	0.071
>VGCGGGAC	7-VGCGGGAC	6.998373	-0.051526	0	T:3.0(0.77%),B:1042.6(1.60%),P:1e0	Tpos:16.5,Tstd:7.5,Bpos:3053.9,Bstd:11828.3,StrandBias:10.0,Multiplicity:1.00
0.268	0.298	0.286	0.148
0.094	0.251	0.647	0.008
0.007	0.889	0.077	0.027
0.006	0.060	0.879	0.055
0.270	0.115	0.447	0.169
0.088	0.174	0.647	0.091
0.675	0.049	0.141	0.135
0.375	0.568	0.048	0.009
>NGATCGGN	8-NGATCGGN	5.200251	-0.032153	0	T:2.0(0.51%),B:877.9(1.35%),P:1e0	Tpos:9.5,Tstd:6.5,Bpos:7658.8,Bstd:18044.8,StrandBias:0.0,Multiplicity:1.00
0.208	0.298	0.259	0.236
0.128	0.136	0.606	0.130
0.508	0.154	0.159	0.179
0.151	0.150	0.189	0.510
0.118	0.622	0.136	0.124
0.142	0.141	0.619	0.098
0.127	0.186	0.561	0.126
0.210	0.260	0.315	0.215
>GGCGKYGN	9-GGCGKYGN	6.937133	-0.024073	0	T:1.0(0.26%),B:620.1(0.95%),P:1e0	Tpos:18.0,Tstd:0.0,Bpos:8296.8,Bstd:13911.2,StrandBias:10.0,Multiplicity:1.00
0.013	0.149	0.820	0.018
0.039	0.123	0.809	0.029
0.027	0.840	0.123	0.010
0.104	0.074	0.691	0.131
0.056	0.178	0.312	0.454
0.089	0.328	0.173	0.410
0.070	0.104	0.696	0.130
0.199	0.315	0.304	0.182
>RAGCCSGC	10-RAGCCSGC	6.277098	-0.024016	0	T:3.0(0.77%),B:1207.7(1.86%),P:1e0	Tpos:25.7,Tstd:7.9,Bpos:7690.2,Bstd:20205.8,StrandBias:-1.0,Multiplicity:1.00
0.413	0.238	0.273	0.076
0.547	0.248	0.095	0.110
0.138	0.111	0.620	0.131
0.121	0.589	0.176	0.114
0.123	0.546	0.241	0.090
0.085	0.366	0.422	0.127
0.082	0.161	0.621	0.136
0.127	0.688	0.082	0.103
>CCCGCTCT	11-CCCGCTCT	9.397584	-0.019632	0	T:5.0(1.28%),B:1755.4(2.70%),P:1e0	Tpos:30.7,Tstd:11.1,Bpos:8272.0,Bstd:16982.8,StrandBias:-1.0,Multiplicity:1.00
0.001	0.675	0.323	0.001
0.001	0.580	0.418	0.001
0.001	0.925	0.073	0.001
0.001	0.001	0.997	0.001
0.001	0.997	0.001	0.001
0.001	0.001	0.114	0.884
0.001	0.580	0.001	0.418
0.001	0.001	0.001	0.997
>CAGAACGC	12-CAGAACGC	8.759997	-0.013639	0	T:1.0(0.26%),B:713.1(1.10%),P:1e0	Tpos:31.0,Tstd:0.0,Bpos:9385.8,Bstd:13269.1,StrandBias:10.0,Multiplicity:1.00
0.060	0.706	0.101	0.133
0.684	0.108	0.099	0.109
0.103	0.075	0.786	0.036
0.853	0.075	0.015	0.057
0.602	0.100	0.243	0.055
0.134	0.743	0.050	0.073
0.118	0.018	0.792	0.072
0.057	0.848	0.038	0.057
>CTTTCSCG	13-CTTTCSCG	5.843831	-0.005226	0	T:4.0(1.02%),B:1802.1(2.77%),P:1e0	Tpos:23.3,Tstd:12.5,Bpos:7754.5,Bstd:15258.7,StrandBias:1.0,Multiplicity:1.00
0.035	0.708	0.024	0.233
0.089	0.186	0.197	0.528
0.139	0.162	0.175	0.524
0.071	0.234	0.261	0.435
0.046	0.607	0.270	0.077
0.098	0.429	0.456	0.017
0.123	0.635	0.152	0.090
0.105	0.241	0.586	0.068
>AGCGSSGA	14-AGCGSSGA	7.291875	-0.004535	0	T:2.0(0.51%),B:1247.9(1.92%),P:1e0	Tpos:24.0,Tstd:2.0,Bpos:3223.5,Bstd:10634.1,StrandBias:10.0,Multiplicity:1.00
0.615	0.211	0.067	0.107
0.080	0.127	0.619	0.174
0.126	0.724	0.087	0.063
0.061	0.122	0.810	0.007
0.022	0.460	0.482	0.036
0.052	0.509	0.427	0.012
0.185	0.079	0.688	0.048
0.623	0.168	0.023	0.186
>AGCCSSCR	15-AGCCSSCR	7.093776	-0.001294	0	T:3.0(0.77%),B:1800.6(2.77%),P:1e0	Tpos:25.7,Tstd:15.6,Bpos:2277.7,Bstd:9872.8,StrandBias:-10.0,Multiplicity:1.00
0.792	0.064	0.143	0.001
0.001	0.001	0.997	0.001
0.198	0.633	0.082	0.087
0.049	0.514	0.342	0.095
0.001	0.455	0.454	0.090
0.094	0.434	0.471	0.001
0.001	0.791	0.207	0.001
0.377	0.027	0.422	0.173
>GCGCGGRM	16-GCGCGGRM	6.397703	-0.000541	0	T:2.0(0.51%),B:1634.5(2.51%),P:1e0	Tpos:19.5,Tstd:11.5,Bpos:3320.3,Bstd:12759.7,StrandBias:0.0,Multiplicity:1.00
0.001	0.301	0.478	0.220
0.272	0.459	0.268	0.001
0.118	0.117	0.610	0.155
0.258	0.632	0.109	0.001
0.001	0.076	0.890	0.033
0.298	0.001	0.700	0.001
0.397	0.181	0.421	0.001
0.413	0.322	0.194	0.071
>HHTCYGCG	17-HHTCYGCG	6.340941	-0.000471	0	T:3.0(0.77%),B:1995.8(3.07%),P:1e0	Tpos:21.3,Tstd:9.0,Bpos:9769.2,Bstd:20350.8,StrandBias:1.0,Multiplicity:1.00
0.224	0.304	0.131	0.341
0.277	0.292	0.090	0.341
0.094	0.082	0.044	0.780
0.001	0.544	0.154	0.301
0.144	0.334	0.104	0.419
0.001	0.258	0.550	0.191
0.022	0.976	0.001	0.001
0.056	0.001	0.875	0.068
>GCTCGGGA	18-GCTCGGGA	8.777523	-0.000366	0	T:2.0(0.51%),B:1704.4(2.62%),P:1e0	Tpos:32.0,Tstd:3.0,Bpos:7119.0,Bstd:19421.4,StrandBias:0.0,Multiplicity:1.00
0.100	0.104	0.679	0.117
0.082	0.739	0.133	0.046
0.062	0.086	0.139	0.713
0.098	0.794	0.071	0.037
0.016	0.137	0.756	0.091
0.116	0.101	0.673	0.110
0.062	0.045	0.878	0.015
0.780	0.073	0.090	0.057
>CCGCTCGC	19-CCGCTCGC	8.792961	-0.000057	0	T:2.0(0.51%),B:2032.0(3.12%),P:1e0	Tpos:25.0,Tstd:2.0,Bpos:2414.8,Bstd:9277.6,StrandBias:0.0,Multiplicity:1.00
0.108	0.733	0.079	0.080
0.054	0.705	0.153	0.088
0.062	0.103	0.778	0.057
0.021	0.825	0.069	0.085
0.056	0.101	0.110	0.733
0.090	0.744	0.107	0.059
0.090	0.098	0.738	0.074
0.070	0.753	0.116	0.061
>GAGCGGGC	20-GAGCGGGC	8.789049	-0.000047	0	T:3.0(0.77%),B:2428.8(3.73%),P:1e0	Tpos:16.7,Tstd:3.9,Bpos:3332.6,Bstd:12420.3,StrandBias:1.0,Multiplicity:1.00
0.082	0.119	0.738	0.061
0.736	0.100	0.116	0.048
0.049	0.055	0.832	0.064
0.094	0.771	0.077	0.058
0.080	0.130	0.703	0.087
0.103	0.109	0.734	0.054
0.070	0.092	0.765	0.073
0.075	0.728	0.119	0.078
>CCGCGCTC	21-CCGCGCTC	8.782432	-0.000010	0	T:3.0(0.77%),B:2715.7(4.17%),P:1e0	Tpos:22.0,Tstd:17.0,Bpos:1669.0,Bstd:6994.6,StrandBias:0.0,Multiplicity:1.00
0.103	0.738	0.112	0.047
0.074	0.795	0.077	0.054
0.051	0.114	0.749	0.086
0.065	0.803	0.075	0.057
0.089	0.135	0.693	0.083
0.024	0.808	0.092	0.076
0.069	0.127	0.131	0.673
0.072	0.748	0.100	0.080
>AGCCGCAG	22-AGCCGCAG	8.305533	-0.000009	0	T:5.0(1.28%),B:3383.1(5.20%),P:1e0	Tpos:27.0,Tstd:10.9,Bpos:7436.3,Bstd:17201.0,StrandBias:0.6,Multiplicity:1.00
0.997	0.001	0.001	0.001
0.125	0.087	0.737	0.051
0.001	0.869	0.001	0.129
0.073	0.925	0.001	0.001
0.117	0.001	0.819	0.063
0.109	0.889	0.001	0.001
0.997	0.001	0.001	0.001
0.153	0.001	0.702	0.144
>STTCCCGG	23-STTCCCGG	6.204127	-0.000008	0	T:3.0(0.77%),B:2756.8(4.24%),P:1e0	Tpos:23.7,Tstd:2.4,Bpos:7353.6,Bstd:16714.6,StrandBias:1.0,Multiplicity:1.00
0.129	0.390	0.265	0.216
0.074	0.337	0.091	0.498
0.048	0.243	0.145	0.564
0.043	0.653	0.190	0.114
0.058	0.542	0.306	0.094
0.078	0.612	0.215	0.095
0.049	0.240	0.597	0.114
0.108	0.307	0.533	0.052
>RMSNGCSS	24-RMSNGCSS	6.030166	-0.000004	0	T:1.0(0.26%),B:2059.6(3.17%),P:1e0	Tpos:36.5,Tstd:1.7,Bpos:2657.3,Bstd:11423.2,StrandBias:0.0,Multiplicity:1.00
0.387	0.052	0.401	0.160
0.485	0.506	0.008	0.001
0.132	0.361	0.506	0.001
0.251	0.310	0.253	0.186
0.001	0.001	0.938	0.060
0.017	0.942	0.029	0.012
0.018	0.371	0.453	0.158
0.010	0.498	0.378	0.113
>BSGCGGCG	25-BSGCGGCG	4.980374	-0.000000	0	T:60.0(15.35%),B:27624.9(42.46%),P:1e0	Tpos:18.7,Tstd:12.7,Bpos:3022.0,Bstd:12335.4,StrandBias:-0.7,Multiplicity:1.18
0.121	0.331	0.302	0.246
0.124	0.402	0.474	0.001
0.001	0.001	0.617	0.381
0.062	0.873	0.001	0.064
0.114	0.247	0.466	0.173
0.001	0.167	0.831	0.001
0.001	0.474	0.242	0.283
0.185	0.135	0.427	0.253
