# universalmotif version 1.16.0

---
name: motif_refined_ja_50
alphabet: DNA
type: PPM
icscore: 12.9399999999999995026201
nsites: 261
pseudocount: 0.3333333333333333148296
bkg:
  A: 0.3246883316991175383315
  AA: 0.119177630958273716999
  AC: 0.0520059399098086738711
  AG: 0.0580365310648853216513
  AT: 0.095696794620925215713
  C: 0.175335107624784047875
  CA: 0.0629853294290914633713
  CC: 0.0314809775223847260195
  CG: 0.0224865332098840402242
  CT: 0.0580253601743860522588
  G: 0.1754490358126721827325
  GA: 0.0628000240690447381064
  GC: 0.0287694550680030296241
  GG: 0.0317464504495438559761
  GT: 0.0518798684313169083948
  T: 0.324527524863426231061
  TA: 0.0799398311430721680848
  TC: 0.0628390752492774817828
  TG: 0.0628948358287444303505
  TT: 0.1192353628713581775722
consensus: TAACTCAGCCGT
strand: +-
motif:
- 1.494e-01 1.111e-01 8.046e-02 6.590e-01
- 9.310e-01 1.149e-02 7.663e-03 4.981e-02
- 7.126e-01 2.299e-02 1.034e-01 1.609e-01
- 1.341e-01 7.280e-01 1.226e-01 1.533e-02
- 8.046e-02 2.299e-02 7.280e-02 8.238e-01
- 3.448e-02 9.272e-01 3.831e-03 3.448e-02
- 8.544e-01 1.303e-01 1.533e-02 0.000e+00
- 4.598e-02 0.000e+00 9.310e-01 2.299e-02
- 6.897e-02 7.280e-01 7.663e-03 1.954e-01
- 7.663e-03 9.234e-01 1.533e-02 5.364e-02
- 1.877e-01 7.663e-02 6.935e-01 4.215e-02
- 8.046e-02 1.456e-01 6.130e-02 7.126e-01

