# universalmotif version 1.16.0

---
name: motif_refined_ja_25
alphabet: DNA
type: PPM
icscore: 13.2400000000000002131628
nsites: 135
pseudocount: 0.3333333333333333148296
bkg:
  A: 0.3246883316991175383315
  AA: 0.119177630958273716999
  AC: 0.0520059399098086738711
  AG: 0.0580365310648853216513
  AT: 0.095696794620925215713
  C: 0.175335107624784047875
  CA: 0.0629853294290914633713
  CC: 0.0314809775223847260195
  CG: 0.0224865332098840402242
  CT: 0.0580253601743860522588
  G: 0.1754490358126721827325
  GA: 0.0628000240690447381064
  GC: 0.0287694550680030296241
  GG: 0.0317464504495438559761
  GT: 0.0518798684313169083948
  T: 0.324527524863426231061
  TA: 0.0799398311430721680848
  TC: 0.0628390752492774817828
  TG: 0.0628948358287444303505
  TT: 0.1192353628713581775722
consensus: AACCTACTATCA
strand: +-
motif:
- 8.222e-01 1.481e-01 7.407e-03 2.222e-02
- 8.889e-01 3.704e-02 0.000e+00 7.407e-02
- 6.667e-02 8.000e-01 8.148e-02 5.185e-02
- 1.185e-01 7.926e-01 7.407e-03 8.148e-02
- 8.148e-02 1.111e-01 0.000e+00 8.074e-01
- 7.704e-01 6.667e-02 8.889e-02 7.407e-02
- 5.926e-02 7.630e-01 2.963e-02 1.481e-01
- 8.148e-02 7.407e-03 0.000e+00 9.111e-01
- 6.815e-01 1.407e-01 5.926e-02 1.185e-01
- 4.444e-02 8.889e-02 9.630e-02 7.704e-01
- 4.444e-02 8.963e-01 4.444e-02 1.481e-02
- 8.889e-01 0.000e+00 0.000e+00 1.111e-01

