# universalmotif version 1.16.0

---
name: motif_refined_ja_raw
alphabet: DNA
type: PPM
icscore: 17.4400000000000012789769
nsites: 347
pseudocount: 0.3333333333333333148296
bkg:
  A: 0.3246883316991175383315
  AA: 0.119177630958273716999
  AC: 0.0520059399098086738711
  AG: 0.0580365310648853216513
  AT: 0.095696794620925215713
  C: 0.175335107624784047875
  CA: 0.0629853294290914633713
  CC: 0.0314809775223847260195
  CG: 0.0224865332098840402242
  CT: 0.0580253601743860522588
  G: 0.1754490358126721827325
  GA: 0.0628000240690447381064
  GC: 0.0287694550680030296241
  GG: 0.0317464504495438559761
  GT: 0.0518798684313169083948
  T: 0.324527524863426231061
  TA: 0.0799398311430721680848
  TC: 0.0628390752492774817828
  TG: 0.0628948358287444303505
  TT: 0.1192353628713581775722
consensus: ACYAWCMAAGCT
strand: +-
motif:
- 9.424e-01 2.017e-02 2.594e-02 1.153e-02
- 2.882e-03 9.798e-01 1.153e-02 5.764e-03
- 1.412e-01 4.726e-01 8.646e-03 3.775e-01
- 9.741e-01 1.441e-02 5.764e-03 5.764e-03
- 6.888e-01 1.153e-02 1.153e-02 2.882e-01
- 1.729e-02 9.597e-01 1.441e-02 8.646e-03
- 4.150e-01 5.620e-01 1.729e-02 5.764e-03
- 9.798e-01 2.882e-03 1.441e-02 2.882e-03
- 9.798e-01 8.646e-03 8.646e-03 2.882e-03
- 1.153e-02 2.363e-01 7.435e-01 8.646e-03
- 1.729e-02 9.741e-01 2.882e-03 5.764e-03
- 2.882e-03 2.305e-02 2.882e-03 9.712e-01

