# universalmotif version 1.16.0

---
name: motif_refined_ja_100
alphabet: DNA
type: PPM
icscore: 10.7100000000000008526513
nsites: 7453
pseudocount: 0.3333333333333333148296
bkg:
  A: 0.3246883316991175383315
  AA: 0.119177630958273716999
  AC: 0.0520059399098086738711
  AG: 0.0580365310648853216513
  AT: 0.095696794620925215713
  C: 0.175335107624784047875
  CA: 0.0629853294290914633713
  CC: 0.0314809775223847260195
  CG: 0.0224865332098840402242
  CT: 0.0580253601743860522588
  G: 0.1754490358126721827325
  GA: 0.0628000240690447381064
  GC: 0.0287694550680030296241
  GG: 0.0317464504495438559761
  GT: 0.0518798684313169083948
  T: 0.324527524863426231061
  TA: 0.0799398311430721680848
  TC: 0.0628390752492774817828
  TG: 0.0628948358287444303505
  TT: 0.1192353628713581775722
consensus: ACWAAMMAARMT
strand: +-
motif:
- 8.495e-01 5.005e-02 2.294e-02 7.755e-02
- 2.476e-01 5.944e-01 6.829e-02 8.976e-02
- 3.566e-01 1.327e-01 3.099e-02 4.797e-01
- 8.508e-01 7.648e-02 2.858e-02 4.414e-02
- 9.074e-01 1.570e-02 1.986e-02 5.702e-02
- 2.675e-01 5.733e-01 5.622e-02 1.029e-01
- 3.061e-01 6.012e-01 5.367e-02 3.904e-02
- 9.724e-01 1.382e-02 3.086e-03 1.073e-02
- 9.530e-01 7.245e-03 6.306e-03 3.341e-02
- 3.663e-01 7.393e-02 4.147e-01 1.450e-01
- 2.556e-01 5.645e-01 4.763e-02 1.323e-01
- 1.754e-01 6.937e-02 1.489e-02 7.404e-01

