>DTTWRAAWTTTD	4-DTTWRAAWTTTD,BestGuess:AT2G20110/MA1380.1/Jaspar(0.770)	3.679961	-1431.845440	0	T:18494.0(96.06%),B:44683.3(81.94%),P:1e-621
0.311	0.170	0.190	0.329
0.288	0.028	0.070	0.614
0.255	0.041	0.172	0.532
0.303	0.025	0.226	0.447
0.356	0.081	0.358	0.204
0.575	0.001	0.423	0.001
0.498	0.162	0.338	0.001
0.344	0.135	0.181	0.340
0.239	0.095	0.130	0.536
0.153	0.076	0.038	0.733
0.192	0.016	0.188	0.604
0.281	0.138	0.260	0.321
