>NDDDSDWTDCWD	24-NDDDSDWTDCWD,BestGuess:Oct4:Sox17(POU,Homeobox,HMG)/F9-Sox17-ChIP-Seq(GSE44553)/Homer(0.553)	-7.310646	0.000000	0	T:19252.0(100.00%),B:54533.4(100.00%),P:1e0
0.256	0.263	0.241	0.240
0.369	0.001	0.253	0.378
0.296	0.001	0.305	0.398
0.283	0.001	0.345	0.371
0.177	0.447	0.376	0.001
0.275	0.001	0.304	0.421
0.341	0.001	0.252	0.406
0.206	0.002	0.318	0.474
0.277	0.001	0.382	0.339
0.001	0.599	0.399	0.001
0.451	0.001	0.001	0.547
0.312	0.032	0.308	0.348
