>TTTCATCGAACA	1-TTTCATCGAACA	11.418618	-336.051915	0	T:86.0(27.92%),B:69.0(0.16%),P:1e-145	Tpos:48.6,Tstd:23.9,Bpos:204.3,Bstd:233.1,StrandBias:0.7,Multiplicity:1.00
0.231	0.001	0.001	0.767
0.067	0.001	0.001	0.931
0.001	0.134	0.001	0.864
0.001	0.804	0.058	0.137
0.580	0.135	0.226	0.059
0.001	0.067	0.001	0.931
0.001	0.997	0.001	0.001
0.165	0.001	0.833	0.001
0.997	0.001	0.001	0.001
0.931	0.001	0.067	0.001
0.001	0.997	0.001	0.001
0.997	0.001	0.001	0.001
>YTCTCTSAGGCA	2-YTCTCTSAGGCA	11.195155	-158.279737	0	T:43.0(13.96%),B:44.1(0.10%),P:1e-68	Tpos:46.5,Tstd:23.1,Bpos:172.1,Bstd:265.4,StrandBias:0.8,Multiplicity:1.00
0.001	0.504	0.001	0.494
0.001	0.001	0.001	0.997
0.001	0.955	0.043	0.001
0.173	0.001	0.208	0.618
0.087	0.543	0.087	0.283
0.174	0.001	0.001	0.824
0.043	0.426	0.323	0.208
0.997	0.001	0.001	0.001
0.001	0.172	0.826	0.001
0.192	0.001	0.806	0.001
0.001	0.997	0.001	0.001
0.997	0.001	0.001	0.001
>CYTTGCGTGCAT	3-CYTTGCGTGCAT	8.589281	-78.437908	0	T:39.0(12.66%),B:305.1(0.71%),P:1e-34	Tpos:52.9,Tstd:22.9,Bpos:172.6,Bstd:231.0,StrandBias:0.7,Multiplicity:1.00
0.153	0.615	0.231	0.001
0.001	0.536	0.075	0.388
0.001	0.001	0.001	0.997
0.001	0.001	0.304	0.694
0.153	0.232	0.614	0.001
0.001	0.768	0.001	0.230
0.001	0.151	0.847	0.001
0.303	0.001	0.075	0.621
0.001	0.001	0.997	0.001
0.001	0.997	0.001	0.001
0.769	0.001	0.151	0.079
0.152	0.078	0.002	0.768
>TCCYTATTAGAA	4-TCCYTATTAGAA	12.920967	-67.208511	0	T:16.0(5.19%),B:7.4(0.02%),P:1e-29	Tpos:25.6,Tstd:17.6,Bpos:604.5,Bstd:429.6,StrandBias:0.0,Multiplicity:1.00
0.001	0.001	0.001	0.997
0.001	0.577	0.001	0.421
0.001	0.997	0.001	0.001
0.001	0.485	0.001	0.513
0.001	0.001	0.001	0.997
0.913	0.001	0.085	0.001
0.001	0.001	0.001	0.997
0.001	0.001	0.001	0.997
0.997	0.001	0.001	0.001
0.006	0.001	0.992	0.001
0.997	0.001	0.001	0.001
0.997	0.001	0.001	0.001
>GCTTTGAGAATC	5-GCTTTGAGAATC	13.665404	-48.817284	0	T:12.0(3.90%),B:7.1(0.02%),P:1e-21	Tpos:55.2,Tstd:26.2,Bpos:655.8,Bstd:409.7,StrandBias:0.5,Multiplicity:1.00
0.001	0.001	0.715	0.283
0.001	0.997	0.001	0.001
0.001	0.326	0.001	0.672
0.001	0.001	0.001	0.997
0.326	0.001	0.001	0.672
0.001	0.001	0.997	0.001
0.997	0.001	0.001	0.001
0.001	0.001	0.997	0.001
0.997	0.001	0.001	0.001
0.997	0.001	0.001	0.001
0.001	0.001	0.388	0.610
0.001	0.672	0.326	0.001
>TGTABGCVAAGT	6-TGTABGCVAAGT	13.022979	-48.817284	0	T:12.0(3.90%),B:7.6(0.02%),P:1e-21	Tpos:55.4,Tstd:26.6,Bpos:252.3,Bstd:286.9,StrandBias:-1.6,Multiplicity:1.00
0.001	0.001	0.001	0.997
0.001	0.001	0.997	0.001
0.001	0.005	0.001	0.993
0.997	0.001	0.001	0.001
0.001	0.313	0.366	0.319
0.006	0.347	0.646	0.001
0.313	0.685	0.001	0.001
0.373	0.313	0.313	0.001
0.997	0.001	0.001	0.001
0.997	0.001	0.001	0.001
0.001	0.001	0.997	0.001
0.001	0.001	0.001	0.997
>CTTAGGCTTATA	7-CTTAGGCTTATA	12.612946	-45.552889	0	T:12.0(3.90%),B:11.9(0.03%),P:1e-19	Tpos:40.0,Tstd:24.7,Bpos:361.1,Bstd:300.3,StrandBias:1.0,Multiplicity:1.00
0.001	0.997	0.001	0.001
0.001	0.001	0.001	0.997
0.001	0.001	0.001	0.997
0.664	0.001	0.001	0.334
0.001	0.377	0.621	0.001
0.001	0.001	0.997	0.001
0.001	0.997	0.001	0.001
0.001	0.366	0.001	0.632
0.001	0.001	0.001	0.997
0.600	0.001	0.001	0.398
0.001	0.001	0.001	0.997
0.997	0.001	0.001	0.001
>CACATGACATCA	8-CACATGACATCA	13.807417	-44.866054	0	T:12.0(3.90%),B:12.3(0.03%),P:1e-19	Tpos:58.9,Tstd:31.4,Bpos:344.4,Bstd:318.8,StrandBias:2.3,Multiplicity:1.00
0.091	0.907	0.001	0.001
0.997	0.001	0.001	0.001
0.001	0.997	0.001	0.001
0.809	0.001	0.084	0.106
0.001	0.001	0.001	0.997
0.001	0.091	0.907	0.001
0.997	0.001	0.001	0.001
0.001	0.907	0.091	0.001
0.997	0.001	0.001	0.001
0.001	0.001	0.001	0.997
0.001	0.997	0.001	0.001
0.997	0.001	0.001	0.001
>ACAAAACCAAAG	9-ACAAAACCAAAG	12.402777	-40.046044	0	T:12.0(3.90%),B:21.7(0.05%),P:1e-17	Tpos:38.2,Tstd:20.2,Bpos:335.1,Bstd:384.7,StrandBias:1.0,Multiplicity:1.00
0.997	0.001	0.001	0.001
0.001	0.997	0.001	0.001
0.997	0.001	0.001	0.001
0.997	0.001	0.001	0.001
0.997	0.001	0.001	0.001
0.785	0.001	0.199	0.015
0.001	0.997	0.001	0.001
0.001	0.997	0.001	0.001
0.997	0.001	0.001	0.001
0.997	0.001	0.001	0.001
0.997	0.001	0.001	0.001
0.001	0.001	0.997	0.001
>TCGAATATGACT	10-TCGAATATGACT	14.235796	-37.085164	0	T:9.0(2.92%),B:5.3(0.01%),P:1e-16	Tpos:61.4,Tstd:27.9,Bpos:613.7,Bstd:391.0,StrandBias:-1.8,Multiplicity:1.00
0.001	0.152	0.001	0.846
0.001	0.997	0.001	0.001
0.273	0.001	0.725	0.001
0.997	0.001	0.001	0.001
0.997	0.001	0.001	0.001
0.001	0.001	0.001	0.997
0.997	0.001	0.001	0.001
0.001	0.001	0.001	0.997
0.001	0.001	0.997	0.001
0.997	0.001	0.001	0.001
0.001	0.997	0.001	0.001
0.152	0.001	0.001	0.846
>AGATTGGTTAGT	11-AGATTGGTTAGT	9.604533	-31.710681	0	T:8.0(2.60%),B:6.0(0.01%),P:1e-13	Tpos:56.2,Tstd:25.3,Bpos:788.3,Bstd:434.6,StrandBias:0.7,Multiplicity:1.00
0.997	0.001	0.001	0.001
0.001	0.001	0.997	0.001
0.839	0.073	0.087	0.001
0.001	0.001	0.001	0.997
0.072	0.001	0.001	0.926
0.001	0.001	0.997	0.001
0.001	0.001	0.997	0.001
0.001	0.001	0.001	0.997
0.001	0.001	0.001	0.997
0.997	0.001	0.001	0.001
0.001	0.001	0.853	0.145
0.001	0.001	0.001	0.997
>GGTTGCGGTTTA	12-GGTTGCGGTTTA	14.735573	-30.954699	0	T:8.0(2.60%),B:7.1(0.02%),P:1e-13	Tpos:47.8,Tstd:21.1,Bpos:312.4,Bstd:330.8,StrandBias:2.8,Multiplicity:1.00
0.191	0.001	0.807	0.001
0.191	0.001	0.807	0.001
0.001	0.001	0.001	0.997
0.001	0.001	0.001	0.997
0.001	0.001	0.997	0.001
0.001	0.997	0.001	0.001
0.001	0.001	0.997	0.001
0.001	0.001	0.997	0.001
0.001	0.001	0.001	0.997
0.001	0.001	0.001	0.997
0.001	0.001	0.001	0.997
0.997	0.001	0.001	0.001
>TTGTTTCTTGGA	13-TTGTTTCTTGGA	12.441318	-28.990556	0	T:10.0(3.25%),B:31.4(0.07%),P:1e-12	Tpos:43.0,Tstd:31.1,Bpos:234.4,Bstd:281.5,StrandBias:-0.6,Multiplicity:1.00
0.001	0.166	0.001	0.832
0.001	0.001	0.109	0.889
0.001	0.001	0.997	0.001
0.001	0.001	0.001	0.997
0.001	0.001	0.001	0.997
0.145	0.001	0.132	0.722
0.001	0.997	0.001	0.001
0.145	0.001	0.167	0.687
0.001	0.001	0.001	0.997
0.001	0.001	0.997	0.001
0.001	0.001	0.997	0.001
0.997	0.001	0.001	0.001
>GTGTATATGAAS	14-GTGTATATGAAS	10.586295	-27.769542	0	T:14.0(4.55%),B:119.4(0.28%),P:1e-12	Tpos:53.9,Tstd:25.4,Bpos:242.8,Bstd:279.4,StrandBias:-0.8,Multiplicity:1.00
0.263	0.001	0.735	0.001
0.157	0.155	0.142	0.546
0.007	0.007	0.985	0.001
0.134	0.001	0.001	0.864
0.978	0.007	0.001	0.014
0.001	0.001	0.309	0.689
0.864	0.001	0.134	0.001
0.164	0.001	0.289	0.546
0.001	0.001	0.997	0.001
0.731	0.134	0.134	0.001
0.992	0.001	0.001	0.006
0.001	0.452	0.546	0.001
>TATGCGAAATGT	15-TATGCGAAATGT	11.016306	-25.069140	0	T:11.0(3.57%),B:69.3(0.16%),P:1e-10	Tpos:56.1,Tstd:21.4,Bpos:304.9,Bstd:366.9,StrandBias:-0.8,Multiplicity:1.00
0.001	0.001	0.001	0.997
0.849	0.149	0.001	0.001
0.001	0.001	0.172	0.826
0.001	0.172	0.671	0.156
0.001	0.514	0.329	0.156
0.001	0.001	0.849	0.149
0.997	0.001	0.001	0.001
0.997	0.001	0.001	0.001
0.997	0.001	0.001	0.001
0.001	0.001	0.001	0.997
0.001	0.150	0.671	0.178
0.001	0.172	0.172	0.655
>CKCASTAGGWAC	16-CKCASTAGGWAC	11.964982	-23.635533	0	T:6.0(1.95%),B:5.9(0.01%),P:1e-10	Tpos:46.5,Tstd:28.4,Bpos:95.5,Bstd:134.6,StrandBias:-2.3,Multiplicity:1.00
0.001	0.997	0.001	0.001
0.001	0.001	0.499	0.499
0.001	0.997	0.001	0.001
0.832	0.001	0.001	0.166
0.001	0.499	0.499	0.001
0.001	0.166	0.001	0.832
0.832	0.001	0.166	0.001
0.001	0.001	0.997	0.001
0.001	0.332	0.666	0.001
0.499	0.001	0.001	0.499
0.997	0.001	0.001	0.001
0.001	0.997	0.001	0.001
>TGAGTAACGATC	17-TGAGTAACGATC	12.202631	-23.130880	0	T:7.0(2.27%),B:14.8(0.03%),P:1e-10	Tpos:59.4,Tstd:24.6,Bpos:180.0,Bstd:215.1,StrandBias:0.4,Multiplicity:1.00
0.161	0.001	0.001	0.837
0.001	0.001	0.997	0.001
0.837	0.001	0.161	0.001
0.161	0.001	0.515	0.323
0.001	0.161	0.001	0.837
0.837	0.161	0.001	0.001
0.645	0.001	0.353	0.001
0.001	0.837	0.161	0.001
0.161	0.001	0.837	0.001
0.997	0.001	0.001	0.001
0.001	0.001	0.001	0.997
0.001	0.997	0.001	0.001
>AATCATTGCATT	18-AATCATTGCATT	14.258855	-19.963236	0	T:5.0(1.62%),B:4.1(0.01%),P:1e-8	Tpos:41.0,Tstd:24.2,Bpos:434.4,Bstd:350.8,StrandBias:-0.6,Multiplicity:1.00
0.997	0.001	0.001	0.001
0.997	0.001	0.001	0.001
0.001	0.001	0.001	0.997
0.001	0.997	0.001	0.001
0.794	0.001	0.001	0.204
0.001	0.001	0.001	0.997
0.205	0.205	0.001	0.589
0.001	0.001	0.997	0.001
0.001	0.794	0.001	0.204
0.997	0.001	0.001	0.001
0.001	0.001	0.001	0.997
0.001	0.001	0.001	0.997
>TTCCAAGTGTGG	19-TTCCAAGTGTGG	14.187874	-18.142439	0	T:5.0(1.62%),B:7.5(0.02%),P:1e-7	Tpos:54.6,Tstd:23.6,Bpos:272.3,Bstd:358.4,StrandBias:0.6,Multiplicity:1.00
0.001	0.177	0.001	0.821
0.001	0.001	0.001	0.997
0.001	0.997	0.001	0.001
0.204	0.794	0.001	0.001
0.997	0.001	0.001	0.001
0.997	0.001	0.001	0.001
0.204	0.001	0.794	0.001
0.001	0.001	0.001	0.997
0.001	0.001	0.997	0.001
0.001	0.001	0.001	0.997
0.204	0.001	0.794	0.001
0.001	0.001	0.997	0.001
>RGRAAGGGGTGW	20-RGRAAGGGGTGW	9.341664	-16.115754	0	T:5.0(1.62%),B:12.1(0.03%),P:1e-6	Tpos:68.8,Tstd:15.9,Bpos:219.2,Bstd:109.9,StrandBias:10.0,Multiplicity:1.00
0.456	0.001	0.456	0.087
0.001	0.001	0.970	0.028
0.456	0.001	0.542	0.001
0.997	0.001	0.001	0.001
0.997	0.001	0.001	0.001
0.001	0.001	0.997	0.001
0.001	0.001	0.997	0.001
0.028	0.001	0.970	0.001
0.001	0.001	0.997	0.001
0.001	0.001	0.001	0.997
0.001	0.001	0.997	0.001
0.456	0.001	0.001	0.542
>CACAAACACTTG	21-CACAAACACTTG	12.357623	-15.984747	0	T:6.0(1.95%),B:27.8(0.06%),P:1e-6	Tpos:58.9,Tstd:21.3,Bpos:212.7,Bstd:231.1,StrandBias:0.4,Multiplicity:1.17
0.221	0.557	0.001	0.221
0.997	0.001	0.001	0.001
0.001	0.997	0.001	0.001
0.997	0.001	0.001	0.001
0.997	0.001	0.001	0.001
0.997	0.001	0.001	0.001
0.254	0.744	0.001	0.001
0.524	0.254	0.221	0.001
0.001	0.997	0.001	0.001
0.001	0.254	0.221	0.524
0.001	0.001	0.001	0.997
0.001	0.001	0.744	0.254
