>TCGAACASYT	1-TCGAACASYT	8.838315	-224.444931	0	T:86.0(27.92%),B:362.5(0.84%),P:1e-97	Tpos:53.1,Tstd:24.4,Bpos:221.5,Bstd:555.9,StrandBias:0.5,Multiplicity:1.00
0.032	0.180	0.001	0.787
0.001	0.931	0.021	0.047
0.073	0.021	0.867	0.039
0.966	0.001	0.001	0.032
0.850	0.075	0.074	0.001
0.001	0.851	0.097	0.051
0.949	0.025	0.001	0.025
0.110	0.474	0.328	0.088
0.071	0.434	0.057	0.438
0.063	0.035	0.001	0.901
>TTCGRCGAAA	2-TTCGRCGAAA	9.774000	-150.361397	0	T:53.0(17.21%),B:163.9(0.38%),P:1e-65	Tpos:47.5,Tstd:25.5,Bpos:176.1,Bstd:187.4,StrandBias:-0.1,Multiplicity:1.00
0.001	0.001	0.001	0.997
0.001	0.225	0.001	0.773
0.156	0.708	0.005	0.131
0.117	0.001	0.881	0.001
0.447	0.002	0.311	0.239
0.001	0.740	0.004	0.255
0.264	0.001	0.734	0.001
0.843	0.001	0.001	0.155
0.821	0.001	0.001	0.177
0.602	0.396	0.001	0.001
>CKTTSAGGCA	3-CKTTSAGGCA	5.965301	-103.535477	0	T:42.0(13.64%),B:197.3(0.46%),P:1e-44	Tpos:46.9,Tstd:24.6,Bpos:147.8,Bstd:173.5,StrandBias:0.7,Multiplicity:1.00
0.001	0.997	0.001	0.001
0.001	0.001	0.466	0.532
0.002	0.210	0.189	0.599
0.008	0.001	0.001	0.990
0.001	0.511	0.487	0.001
0.997	0.001	0.001	0.001
0.001	0.172	0.826	0.001
0.001	0.001	0.997	0.001
0.001	0.997	0.001	0.001
0.997	0.001	0.001	0.001
>ACGCATTTCG	4-ACGCATTTCG	7.968143	-100.501849	0	T:46.0(14.94%),B:298.0(0.69%),P:1e-43	Tpos:56.3,Tstd:27.9,Bpos:213.5,Bstd:301.0,StrandBias:0.5,Multiplicity:1.00
0.866	0.132	0.001	0.001
0.001	0.871	0.127	0.001
0.128	0.088	0.783	0.001
0.001	0.997	0.001	0.001
0.997	0.001	0.001	0.001
0.001	0.001	0.001	0.997
0.227	0.001	0.001	0.771
0.001	0.001	0.001	0.997
0.001	0.997	0.001	0.001
0.143	0.001	0.855	0.001
>TCCTTGTTAG	5-TCCTTGTTAG	10.296193	-49.928189	0	T:13.0(4.22%),B:11.2(0.03%),P:1e-21	Tpos:27.0,Tstd:19.2,Bpos:363.3,Bstd:354.6,StrandBias:-0.2,Multiplicity:1.00
0.100	0.100	0.100	0.700
0.100	0.700	0.100	0.100
0.100	0.700	0.100	0.100
0.100	0.100	0.100	0.700
0.100	0.100	0.100	0.700
0.100	0.100	0.700	0.100
0.100	0.100	0.100	0.700
0.100	0.100	0.100	0.700
0.700	0.100	0.100	0.100
0.100	0.100	0.700	0.100
>TTATGCACGC	6-TTATGCACGC	7.868577	-40.587177	0	T:26.0(8.44%),B:340.5(0.79%),P:1e-17	Tpos:52.4,Tstd:19.6,Bpos:231.1,Bstd:443.0,StrandBias:0.0,Multiplicity:1.00
0.064	0.089	0.001	0.846
0.106	0.111	0.302	0.480
0.796	0.064	0.045	0.095
0.001	0.120	0.001	0.878
0.045	0.106	0.813	0.036
0.042	0.920	0.001	0.037
0.815	0.094	0.045	0.046
0.035	0.963	0.001	0.001
0.168	0.042	0.789	0.001
0.082	0.711	0.168	0.039
>TTTGAGAAGC	7-TTTGAGAAGC	11.288988	-30.337547	0	T:12.0(3.90%),B:56.0(0.13%),P:1e-13	Tpos:57.2,Tstd:22.1,Bpos:303.4,Bstd:379.6,StrandBias:1.0,Multiplicity:1.00
0.001	0.001	0.001	0.997
0.086	0.001	0.001	0.912
0.001	0.001	0.001	0.997
0.001	0.001	0.997	0.001
0.997	0.001	0.001	0.001
0.001	0.001	0.997	0.001
0.997	0.001	0.001	0.001
0.997	0.001	0.001	0.001
0.001	0.090	0.908	0.001
0.001	0.997	0.001	0.001
>ACACTTGGTG	8-ACACTTGGTG	7.642273	-29.443612	0	T:14.0(4.55%),B:104.4(0.24%),P:1e-12	Tpos:41.5,Tstd:28.2,Bpos:170.3,Bstd:185.3,StrandBias:0.7,Multiplicity:1.00
0.997	0.001	0.001	0.001
0.001	0.997	0.001	0.001
0.997	0.001	0.001	0.001
0.001	0.970	0.028	0.001
0.095	0.001	0.001	0.903
0.001	0.043	0.001	0.955
0.001	0.001	0.975	0.023
0.001	0.001	0.997	0.001
0.001	0.001	0.001	0.997
0.001	0.001	0.997	0.001
>TACACCATGA	9-TACACCATGA	13.727203	-28.011194	0	T:8.0(2.60%),B:12.1(0.03%),P:1e-12	Tpos:52.1,Tstd:26.6,Bpos:270.0,Bstd:269.0,StrandBias:0.7,Multiplicity:1.00
0.001	0.001	0.001	0.997
0.997	0.001	0.001	0.001
0.001	0.997	0.001	0.001
0.997	0.001	0.001	0.001
0.001	0.997	0.001	0.001
0.001	0.997	0.001	0.001
0.997	0.001	0.001	0.001
0.001	0.001	0.001	0.997
0.101	0.001	0.897	0.001
0.997	0.001	0.001	0.001
>CAAAGACTCA	10-CAAAGACTCA	11.091593	-27.406667	0	T:12.0(3.90%),B:74.7(0.17%),P:1e-11	Tpos:45.9,Tstd:18.0,Bpos:320.0,Bstd:365.9,StrandBias:2.3,Multiplicity:1.00
0.001	0.997	0.001	0.001
0.997	0.001	0.001	0.001
0.997	0.001	0.001	0.001
0.997	0.001	0.001	0.001
0.001	0.001	0.997	0.001
0.917	0.001	0.081	0.001
0.001	0.997	0.001	0.001
0.001	0.001	0.081	0.917
0.001	0.922	0.001	0.076
0.997	0.001	0.001	0.001
>TTGCGGCTTA	11-TTGCGGCTTA	10.773709	-25.812216	0	T:12.0(3.90%),B:86.7(0.20%),P:1e-11	Tpos:42.4,Tstd:25.4,Bpos:213.0,Bstd:283.7,StrandBias:0.5,Multiplicity:1.00
0.001	0.001	0.001	0.997
0.001	0.001	0.001	0.997
0.326	0.001	0.672	0.001
0.291	0.707	0.001	0.001
0.001	0.001	0.997	0.001
0.001	0.001	0.997	0.001
0.001	0.576	0.001	0.422
0.001	0.001	0.001	0.997
0.001	0.001	0.399	0.599
0.716	0.282	0.001	0.001
>AATATGACTT	12-AATATGACTT	11.640862	-25.180371	0	T:9.0(2.92%),B:32.3(0.07%),P:1e-10	Tpos:64.9,Tstd:26.1,Bpos:395.6,Bstd:358.9,StrandBias:-1.8,Multiplicity:1.00
0.997	0.001	0.001	0.001
0.997	0.001	0.001	0.001
0.001	0.001	0.001	0.997
0.997	0.001	0.001	0.001
0.001	0.001	0.001	0.997
0.001	0.001	0.997	0.001
0.876	0.122	0.001	0.001
0.001	0.910	0.088	0.001
0.001	0.001	0.001	0.997
0.001	0.001	0.001	0.997
>GACACAAAGC	13-GACACAAAGC	10.296193	-24.408425	0	T:7.0(2.27%),B:11.6(0.03%),P:1e-10	Tpos:41.6,Tstd:17.6,Bpos:252.2,Bstd:216.3,StrandBias:1.3,Multiplicity:1.00
0.100	0.100	0.700	0.100
0.700	0.100	0.100	0.100
0.100	0.700	0.100	0.100
0.700	0.100	0.100	0.100
0.100	0.700	0.100	0.100
0.700	0.100	0.100	0.100
0.700	0.100	0.100	0.100
0.700	0.100	0.100	0.100
0.100	0.100	0.700	0.100
0.100	0.700	0.100	0.100
>ACATGAYRTC	14-ACATGAYRTC	11.886041	-23.954972	0	T:7.0(2.27%),B:12.9(0.03%),P:1e-10	Tpos:63.7,Tstd:32.8,Bpos:376.4,Bstd:326.6,StrandBias:10.0,Multiplicity:1.00
0.997	0.001	0.001	0.001
0.001	0.997	0.001	0.001
0.586	0.001	0.001	0.412
0.001	0.001	0.001	0.997
0.001	0.056	0.942	0.001
0.997	0.001	0.001	0.001
0.020	0.482	0.048	0.450
0.530	0.036	0.433	0.001
0.001	0.001	0.001	0.997
0.001	0.997	0.001	0.001
>AGCCTAAGAA	15-AGCCTAAGAA	6.490141	-23.790509	0	T:14.0(4.55%),B:164.9(0.38%),P:1e-10	Tpos:36.8,Tstd:23.6,Bpos:225.9,Bstd:289.8,StrandBias:-0.4,Multiplicity:1.00
0.853	0.001	0.145	0.001
0.001	0.001	0.997	0.001
0.001	0.997	0.001	0.001
0.001	0.752	0.246	0.001
0.001	0.001	0.001	0.997
0.997	0.001	0.001	0.001
0.997	0.001	0.001	0.001
0.001	0.001	0.997	0.001
0.888	0.110	0.001	0.001
0.997	0.001	0.001	0.001
>ATACTCAATC	16-ATACTCAATC	11.465867	-23.268935	0	T:9.0(2.92%),B:41.1(0.10%),P:1e-10	Tpos:56.8,Tstd:23.6,Bpos:360.6,Bstd:371.0,StrandBias:1.0,Multiplicity:1.00
0.871	0.001	0.127	0.001
0.001	0.001	0.001	0.997
0.997	0.001	0.001	0.001
0.001	0.997	0.001	0.001
0.001	0.001	0.001	0.997
0.001	0.997	0.001	0.001
0.891	0.107	0.001	0.001
0.997	0.001	0.001	0.001
0.001	0.001	0.001	0.997
0.001	0.997	0.001	0.001
>TCCAAGAAAC	17-TCCAAGAAAC	10.175325	-22.424370	0	T:17.0(5.52%),B:302.7(0.70%),P:1e-9	Tpos:49.4,Tstd:32.6,Bpos:269.7,Bstd:724.0,StrandBias:0.9,Multiplicity:1.00
0.112	0.001	0.001	0.886
0.052	0.946	0.001	0.001
0.001	0.997	0.001	0.001
0.997	0.001	0.001	0.001
0.859	0.081	0.001	0.059
0.001	0.001	0.997	0.001
0.779	0.069	0.068	0.084
0.865	0.074	0.060	0.001
0.997	0.001	0.001	0.001
0.001	0.950	0.001	0.048
>GGACTTTGGS	18-GGACTTTGGS	9.093990	-21.871582	0	T:9.0(2.92%),B:49.4(0.11%),P:1e-9	Tpos:54.8,Tstd:23.1,Bpos:159.3,Bstd:262.7,StrandBias:1.0,Multiplicity:1.00
0.001	0.348	0.650	0.001
0.001	0.001	0.997	0.001
0.997	0.001	0.001	0.001
0.001	0.997	0.001	0.001
0.001	0.001	0.001	0.997
0.001	0.001	0.001	0.997
0.001	0.001	0.001	0.997
0.001	0.001	0.997	0.001
0.001	0.027	0.971	0.001
0.001	0.494	0.504	0.001
>TTGGTTAGTG	19-TTGGTTAGTG	7.911852	-21.691398	0	T:30.0(9.74%),B:1065.6(2.47%),P:1e-9	Tpos:54.3,Tstd:24.8,Bpos:254.4,Bstd:421.5,StrandBias:-0.3,Multiplicity:1.00
0.001	0.001	0.001	0.997
0.051	0.002	0.143	0.804
0.001	0.083	0.867	0.049
0.001	0.002	0.886	0.111
0.001	0.001	0.082	0.916
0.111	0.001	0.250	0.638
0.737	0.120	0.142	0.001
0.034	0.146	0.715	0.105
0.049	0.213	0.001	0.737
0.101	0.169	0.729	0.001
>CTGGGTATTT	20-CTGGGTATTT	10.407133	-19.271452	0	T:9.0(2.92%),B:68.8(0.16%),P:1e-8	Tpos:49.4,Tstd:25.8,Bpos:168.0,Bstd:186.3,StrandBias:0.3,Multiplicity:1.00
0.001	0.997	0.001	0.001
0.001	0.001	0.001	0.997
0.001	0.001	0.997	0.001
0.001	0.001	0.997	0.001
0.001	0.001	0.918	0.080
0.082	0.001	0.001	0.916
0.896	0.102	0.001	0.001
0.135	0.135	0.001	0.729
0.115	0.001	0.135	0.749
0.001	0.107	0.001	0.891
>CCACACTTGG	21-CCACACTTGG	11.007314	-18.384063	0	T:9.0(2.92%),B:76.5(0.18%),P:1e-7	Tpos:53.9,Tstd:23.6,Bpos:233.5,Bstd:308.8,StrandBias:0.3,Multiplicity:1.00
0.001	0.788	0.210	0.001
0.001	0.788	0.001	0.210
0.997	0.001	0.001	0.001
0.001	0.997	0.001	0.001
0.997	0.001	0.001	0.001
0.001	0.853	0.001	0.145
0.001	0.001	0.001	0.997
0.001	0.001	0.001	0.997
0.001	0.001	0.848	0.150
0.130	0.001	0.868	0.001
>ARATGCACGS	22-ARATGCACGS	8.455894	-14.761393	0	T:12.0(3.90%),B:246.8(0.57%),P:1e-6	Tpos:48.0,Tstd:26.6,Bpos:220.6,Bstd:376.0,StrandBias:0.3,Multiplicity:1.00
0.842	0.001	0.156	0.001
0.453	0.109	0.425	0.012
0.650	0.001	0.348	0.001
0.266	0.151	0.149	0.434
0.001	0.399	0.599	0.001
0.001	0.997	0.001	0.001
0.757	0.001	0.001	0.241
0.094	0.904	0.001	0.001
0.230	0.001	0.768	0.001
0.001	0.425	0.573	0.001
>TTCAATTGCG	23-TTCAATTGCG	8.532576	-13.261949	0	T:9.0(2.92%),B:145.1(0.34%),P:1e-5	Tpos:51.2,Tstd:24.7,Bpos:298.6,Bstd:395.4,StrandBias:1.0,Multiplicity:1.00
0.033	0.001	0.001	0.965
0.001	0.001	0.001	0.997
0.001	0.731	0.001	0.267
0.997	0.001	0.001	0.001
0.997	0.001	0.001	0.001
0.001	0.001	0.001	0.997
0.001	0.001	0.001	0.997
0.205	0.001	0.712	0.082
0.001	0.997	0.001	0.001
0.001	0.001	0.997	0.001
>TTTCATCGAACA	1-TTTCATCGAACA	11.418618	-336.051915	0	T:86.0(27.92%),B:69.0(0.16%),P:1e-145	Tpos:48.6,Tstd:23.9,Bpos:204.3,Bstd:233.1,StrandBias:0.7,Multiplicity:1.00
0.231	0.001	0.001	0.767
0.067	0.001	0.001	0.931
0.001	0.134	0.001	0.864
0.001	0.804	0.058	0.137
0.580	0.135	0.226	0.059
0.001	0.067	0.001	0.931
0.001	0.997	0.001	0.001
0.165	0.001	0.833	0.001
0.997	0.001	0.001	0.001
0.931	0.001	0.067	0.001
0.001	0.997	0.001	0.001
0.997	0.001	0.001	0.001
>YTCTCTSAGGCA	2-YTCTCTSAGGCA	11.195155	-158.279737	0	T:43.0(13.96%),B:44.1(0.10%),P:1e-68	Tpos:46.5,Tstd:23.1,Bpos:172.1,Bstd:265.4,StrandBias:0.8,Multiplicity:1.00
0.001	0.504	0.001	0.494
0.001	0.001	0.001	0.997
0.001	0.955	0.043	0.001
0.173	0.001	0.208	0.618
0.087	0.543	0.087	0.283
0.174	0.001	0.001	0.824
0.043	0.426	0.323	0.208
0.997	0.001	0.001	0.001
0.001	0.172	0.826	0.001
0.192	0.001	0.806	0.001
0.001	0.997	0.001	0.001
0.997	0.001	0.001	0.001
>CYTTGCGTGCAT	3-CYTTGCGTGCAT	8.589281	-78.437908	0	T:39.0(12.66%),B:305.1(0.71%),P:1e-34	Tpos:52.9,Tstd:22.9,Bpos:172.6,Bstd:231.0,StrandBias:0.7,Multiplicity:1.00
0.153	0.615	0.231	0.001
0.001	0.536	0.075	0.388
0.001	0.001	0.001	0.997
0.001	0.001	0.304	0.694
0.153	0.232	0.614	0.001
0.001	0.768	0.001	0.230
0.001	0.151	0.847	0.001
0.303	0.001	0.075	0.621
0.001	0.001	0.997	0.001
0.001	0.997	0.001	0.001
0.769	0.001	0.151	0.079
0.152	0.078	0.002	0.768
>TCCYTATTAGAA	4-TCCYTATTAGAA	12.920967	-67.208511	0	T:16.0(5.19%),B:7.4(0.02%),P:1e-29	Tpos:25.6,Tstd:17.6,Bpos:604.5,Bstd:429.6,StrandBias:0.0,Multiplicity:1.00
0.001	0.001	0.001	0.997
0.001	0.577	0.001	0.421
0.001	0.997	0.001	0.001
0.001	0.485	0.001	0.513
0.001	0.001	0.001	0.997
0.913	0.001	0.085	0.001
0.001	0.001	0.001	0.997
0.001	0.001	0.001	0.997
0.997	0.001	0.001	0.001
0.006	0.001	0.992	0.001
0.997	0.001	0.001	0.001
0.997	0.001	0.001	0.001
>GCTTTGAGAATC	5-GCTTTGAGAATC	13.665404	-48.817284	0	T:12.0(3.90%),B:7.1(0.02%),P:1e-21	Tpos:55.2,Tstd:26.2,Bpos:655.8,Bstd:409.7,StrandBias:0.5,Multiplicity:1.00
0.001	0.001	0.715	0.283
0.001	0.997	0.001	0.001
0.001	0.326	0.001	0.672
0.001	0.001	0.001	0.997
0.326	0.001	0.001	0.672
0.001	0.001	0.997	0.001
0.997	0.001	0.001	0.001
0.001	0.001	0.997	0.001
0.997	0.001	0.001	0.001
0.997	0.001	0.001	0.001
0.001	0.001	0.388	0.610
0.001	0.672	0.326	0.001
>TGTABGCVAAGT	6-TGTABGCVAAGT	13.022979	-48.817284	0	T:12.0(3.90%),B:7.6(0.02%),P:1e-21	Tpos:55.4,Tstd:26.6,Bpos:252.3,Bstd:286.9,StrandBias:-1.6,Multiplicity:1.00
0.001	0.001	0.001	0.997
0.001	0.001	0.997	0.001
0.001	0.005	0.001	0.993
0.997	0.001	0.001	0.001
0.001	0.313	0.366	0.319
0.006	0.347	0.646	0.001
0.313	0.685	0.001	0.001
0.373	0.313	0.313	0.001
0.997	0.001	0.001	0.001
0.997	0.001	0.001	0.001
0.001	0.001	0.997	0.001
0.001	0.001	0.001	0.997
>CTTAGGCTTATA	7-CTTAGGCTTATA	12.612946	-45.552889	0	T:12.0(3.90%),B:11.9(0.03%),P:1e-19	Tpos:40.0,Tstd:24.7,Bpos:361.1,Bstd:300.3,StrandBias:1.0,Multiplicity:1.00
0.001	0.997	0.001	0.001
0.001	0.001	0.001	0.997
0.001	0.001	0.001	0.997
0.664	0.001	0.001	0.334
0.001	0.377	0.621	0.001
0.001	0.001	0.997	0.001
0.001	0.997	0.001	0.001
0.001	0.366	0.001	0.632
0.001	0.001	0.001	0.997
0.600	0.001	0.001	0.398
0.001	0.001	0.001	0.997
0.997	0.001	0.001	0.001
>CACATGACATCA	8-CACATGACATCA	13.807417	-44.866054	0	T:12.0(3.90%),B:12.3(0.03%),P:1e-19	Tpos:58.9,Tstd:31.4,Bpos:344.4,Bstd:318.8,StrandBias:2.3,Multiplicity:1.00
0.091	0.907	0.001	0.001
0.997	0.001	0.001	0.001
0.001	0.997	0.001	0.001
0.809	0.001	0.084	0.106
0.001	0.001	0.001	0.997
0.001	0.091	0.907	0.001
0.997	0.001	0.001	0.001
0.001	0.907	0.091	0.001
0.997	0.001	0.001	0.001
0.001	0.001	0.001	0.997
0.001	0.997	0.001	0.001
0.997	0.001	0.001	0.001
>ACAAAACCAAAG	9-ACAAAACCAAAG	12.402777	-40.046044	0	T:12.0(3.90%),B:21.7(0.05%),P:1e-17	Tpos:38.2,Tstd:20.2,Bpos:335.1,Bstd:384.7,StrandBias:1.0,Multiplicity:1.00
0.997	0.001	0.001	0.001
0.001	0.997	0.001	0.001
0.997	0.001	0.001	0.001
0.997	0.001	0.001	0.001
0.997	0.001	0.001	0.001
0.785	0.001	0.199	0.015
0.001	0.997	0.001	0.001
0.001	0.997	0.001	0.001
0.997	0.001	0.001	0.001
0.997	0.001	0.001	0.001
0.997	0.001	0.001	0.001
0.001	0.001	0.997	0.001
>TCGAATATGACT	10-TCGAATATGACT	14.235796	-37.085164	0	T:9.0(2.92%),B:5.3(0.01%),P:1e-16	Tpos:61.4,Tstd:27.9,Bpos:613.7,Bstd:391.0,StrandBias:-1.8,Multiplicity:1.00
0.001	0.152	0.001	0.846
0.001	0.997	0.001	0.001
0.273	0.001	0.725	0.001
0.997	0.001	0.001	0.001
0.997	0.001	0.001	0.001
0.001	0.001	0.001	0.997
0.997	0.001	0.001	0.001
0.001	0.001	0.001	0.997
0.001	0.001	0.997	0.001
0.997	0.001	0.001	0.001
0.001	0.997	0.001	0.001
0.152	0.001	0.001	0.846
>AGATTGGTTAGT	11-AGATTGGTTAGT	9.604533	-31.710681	0	T:8.0(2.60%),B:6.0(0.01%),P:1e-13	Tpos:56.2,Tstd:25.3,Bpos:788.3,Bstd:434.6,StrandBias:0.7,Multiplicity:1.00
0.997	0.001	0.001	0.001
0.001	0.001	0.997	0.001
0.839	0.073	0.087	0.001
0.001	0.001	0.001	0.997
0.072	0.001	0.001	0.926
0.001	0.001	0.997	0.001
0.001	0.001	0.997	0.001
0.001	0.001	0.001	0.997
0.001	0.001	0.001	0.997
0.997	0.001	0.001	0.001
0.001	0.001	0.853	0.145
0.001	0.001	0.001	0.997
>GGTTGCGGTTTA	12-GGTTGCGGTTTA	14.735573	-30.954699	0	T:8.0(2.60%),B:7.1(0.02%),P:1e-13	Tpos:47.8,Tstd:21.1,Bpos:312.4,Bstd:330.8,StrandBias:2.8,Multiplicity:1.00
0.191	0.001	0.807	0.001
0.191	0.001	0.807	0.001
0.001	0.001	0.001	0.997
0.001	0.001	0.001	0.997
0.001	0.001	0.997	0.001
0.001	0.997	0.001	0.001
0.001	0.001	0.997	0.001
0.001	0.001	0.997	0.001
0.001	0.001	0.001	0.997
0.001	0.001	0.001	0.997
0.001	0.001	0.001	0.997
0.997	0.001	0.001	0.001
>TTGTTTCTTGGA	13-TTGTTTCTTGGA	12.441318	-28.990556	0	T:10.0(3.25%),B:31.4(0.07%),P:1e-12	Tpos:43.0,Tstd:31.1,Bpos:234.4,Bstd:281.5,StrandBias:-0.6,Multiplicity:1.00
0.001	0.166	0.001	0.832
0.001	0.001	0.109	0.889
0.001	0.001	0.997	0.001
0.001	0.001	0.001	0.997
0.001	0.001	0.001	0.997
0.145	0.001	0.132	0.722
0.001	0.997	0.001	0.001
0.145	0.001	0.167	0.687
0.001	0.001	0.001	0.997
0.001	0.001	0.997	0.001
0.001	0.001	0.997	0.001
0.997	0.001	0.001	0.001
>GTGTATATGAAS	14-GTGTATATGAAS	10.586295	-27.769542	0	T:14.0(4.55%),B:119.4(0.28%),P:1e-12	Tpos:53.9,Tstd:25.4,Bpos:242.8,Bstd:279.4,StrandBias:-0.8,Multiplicity:1.00
0.263	0.001	0.735	0.001
0.157	0.155	0.142	0.546
0.007	0.007	0.985	0.001
0.134	0.001	0.001	0.864
0.978	0.007	0.001	0.014
0.001	0.001	0.309	0.689
0.864	0.001	0.134	0.001
0.164	0.001	0.289	0.546
0.001	0.001	0.997	0.001
0.731	0.134	0.134	0.001
0.992	0.001	0.001	0.006
0.001	0.452	0.546	0.001
>TATGCGAAATGT	15-TATGCGAAATGT	11.016306	-25.069140	0	T:11.0(3.57%),B:69.3(0.16%),P:1e-10	Tpos:56.1,Tstd:21.4,Bpos:304.9,Bstd:366.9,StrandBias:-0.8,Multiplicity:1.00
0.001	0.001	0.001	0.997
0.849	0.149	0.001	0.001
0.001	0.001	0.172	0.826
0.001	0.172	0.671	0.156
0.001	0.514	0.329	0.156
0.001	0.001	0.849	0.149
0.997	0.001	0.001	0.001
0.997	0.001	0.001	0.001
0.997	0.001	0.001	0.001
0.001	0.001	0.001	0.997
0.001	0.150	0.671	0.178
0.001	0.172	0.172	0.655
>CKCASTAGGWAC	16-CKCASTAGGWAC	11.964982	-23.635533	0	T:6.0(1.95%),B:5.9(0.01%),P:1e-10	Tpos:46.5,Tstd:28.4,Bpos:95.5,Bstd:134.6,StrandBias:-2.3,Multiplicity:1.00
0.001	0.997	0.001	0.001
0.001	0.001	0.499	0.499
0.001	0.997	0.001	0.001
0.832	0.001	0.001	0.166
0.001	0.499	0.499	0.001
0.001	0.166	0.001	0.832
0.832	0.001	0.166	0.001
0.001	0.001	0.997	0.001
0.001	0.332	0.666	0.001
0.499	0.001	0.001	0.499
0.997	0.001	0.001	0.001
0.001	0.997	0.001	0.001
>TGAGTAACGATC	17-TGAGTAACGATC	12.202631	-23.130880	0	T:7.0(2.27%),B:14.8(0.03%),P:1e-10	Tpos:59.4,Tstd:24.6,Bpos:180.0,Bstd:215.1,StrandBias:0.4,Multiplicity:1.00
0.161	0.001	0.001	0.837
0.001	0.001	0.997	0.001
0.837	0.001	0.161	0.001
0.161	0.001	0.515	0.323
0.001	0.161	0.001	0.837
0.837	0.161	0.001	0.001
0.645	0.001	0.353	0.001
0.001	0.837	0.161	0.001
0.161	0.001	0.837	0.001
0.997	0.001	0.001	0.001
0.001	0.001	0.001	0.997
0.001	0.997	0.001	0.001
>AATCATTGCATT	18-AATCATTGCATT	14.258855	-19.963236	0	T:5.0(1.62%),B:4.1(0.01%),P:1e-8	Tpos:41.0,Tstd:24.2,Bpos:434.4,Bstd:350.8,StrandBias:-0.6,Multiplicity:1.00
0.997	0.001	0.001	0.001
0.997	0.001	0.001	0.001
0.001	0.001	0.001	0.997
0.001	0.997	0.001	0.001
0.794	0.001	0.001	0.204
0.001	0.001	0.001	0.997
0.205	0.205	0.001	0.589
0.001	0.001	0.997	0.001
0.001	0.794	0.001	0.204
0.997	0.001	0.001	0.001
0.001	0.001	0.001	0.997
0.001	0.001	0.001	0.997
>TTCCAAGTGTGG	19-TTCCAAGTGTGG	14.187874	-18.142439	0	T:5.0(1.62%),B:7.5(0.02%),P:1e-7	Tpos:54.6,Tstd:23.6,Bpos:272.3,Bstd:358.4,StrandBias:0.6,Multiplicity:1.00
0.001	0.177	0.001	0.821
0.001	0.001	0.001	0.997
0.001	0.997	0.001	0.001
0.204	0.794	0.001	0.001
0.997	0.001	0.001	0.001
0.997	0.001	0.001	0.001
0.204	0.001	0.794	0.001
0.001	0.001	0.001	0.997
0.001	0.001	0.997	0.001
0.001	0.001	0.001	0.997
0.204	0.001	0.794	0.001
0.001	0.001	0.997	0.001
>RGRAAGGGGTGW	20-RGRAAGGGGTGW	9.341664	-16.115754	0	T:5.0(1.62%),B:12.1(0.03%),P:1e-6	Tpos:68.8,Tstd:15.9,Bpos:219.2,Bstd:109.9,StrandBias:10.0,Multiplicity:1.00
0.456	0.001	0.456	0.087
0.001	0.001	0.970	0.028
0.456	0.001	0.542	0.001
0.997	0.001	0.001	0.001
0.997	0.001	0.001	0.001
0.001	0.001	0.997	0.001
0.001	0.001	0.997	0.001
0.028	0.001	0.970	0.001
0.001	0.001	0.997	0.001
0.001	0.001	0.001	0.997
0.001	0.001	0.997	0.001
0.456	0.001	0.001	0.542
>CACAAACACTTG	21-CACAAACACTTG	12.357623	-15.984747	0	T:6.0(1.95%),B:27.8(0.06%),P:1e-6	Tpos:58.9,Tstd:21.3,Bpos:212.7,Bstd:231.1,StrandBias:0.4,Multiplicity:1.17
0.221	0.557	0.001	0.221
0.997	0.001	0.001	0.001
0.001	0.997	0.001	0.001
0.997	0.001	0.001	0.001
0.997	0.001	0.001	0.001
0.997	0.001	0.001	0.001
0.254	0.744	0.001	0.001
0.524	0.254	0.221	0.001
0.001	0.997	0.001	0.001
0.001	0.254	0.221	0.524
0.001	0.001	0.001	0.997
0.001	0.001	0.744	0.254
>GTCGAACA	1-GTCGAACA	9.936119	-184.187366	0	T:80.0(25.97%),B:472.2(1.10%),P:1e-79	Tpos:50.2,Tstd:24.5,Bpos:216.0,Bstd:422.6,StrandBias:0.7,Multiplicity:1.00
0.322	0.001	0.676	0.001
0.001	0.001	0.001	0.997
0.001	0.997	0.001	0.001
0.001	0.001	0.997	0.001
0.997	0.001	0.001	0.001
0.997	0.001	0.001	0.001
0.001	0.997	0.001	0.001
0.997	0.001	0.001	0.001
>AAATGCCT	2-AAATGCCT	7.965663	-91.402363	0	T:51.0(16.56%),B:513.4(1.19%),P:1e-39	Tpos:49.7,Tstd:24.2,Bpos:207.2,Bstd:307.0,StrandBias:-0.2,Multiplicity:1.00
0.948	0.001	0.050	0.001
0.997	0.001	0.001	0.001
0.997	0.001	0.001	0.001
0.001	0.001	0.001	0.997
0.001	0.001	0.997	0.001
0.001	0.997	0.001	0.001
0.001	0.895	0.103	0.001
0.001	0.001	0.001	0.997
>GACATTTC	3-GACATTTC	7.406788	-61.085599	0	T:53.0(17.21%),B:1106.1(2.57%),P:1e-26	Tpos:49.9,Tstd:26.2,Bpos:225.6,Bstd:475.7,StrandBias:0.1,Multiplicity:1.09
0.001	0.124	0.874	0.001
0.783	0.001	0.215	0.001
0.001	0.997	0.001	0.001
0.997	0.001	0.001	0.001
0.001	0.001	0.041	0.957
0.001	0.001	0.001	0.997
0.001	0.001	0.001	0.997
0.001	0.997	0.001	0.001
>ATGCACGC	4-ATGCACGC	6.446624	-30.879464	0	T:38.0(12.34%),B:1194.5(2.77%),P:1e-13	Tpos:55.7,Tstd:20.4,Bpos:206.7,Bstd:375.6,StrandBias:-0.2,Multiplicity:1.00
0.774	0.043	0.157	0.026
0.069	0.078	0.001	0.852
0.031	0.025	0.921	0.023
0.001	0.976	0.022	0.001
0.910	0.037	0.001	0.052
0.001	0.997	0.001	0.001
0.105	0.001	0.893	0.001
0.015	0.840	0.086	0.059
>ACACTTGG	5-ACACTTGG	9.084861	-24.573650	0	T:24.0(7.79%),B:590.4(1.37%),P:1e-10	Tpos:48.8,Tstd:28.9,Bpos:217.3,Bstd:282.9,StrandBias:0.2,Multiplicity:1.06
0.997	0.001	0.001	0.001
0.001	0.997	0.001	0.001
0.997	0.001	0.001	0.001
0.001	0.836	0.001	0.162
0.001	0.001	0.095	0.903
0.001	0.001	0.064	0.934
0.001	0.001	0.997	0.001
0.001	0.001	0.997	0.001
>CCTTGTTA	6-CCTTGTTA	8.236954	-22.642434	0	T:14.0(4.55%),B:180.8(0.42%),P:1e-9	Tpos:29.0,Tstd:19.9,Bpos:268.4,Bstd:714.0,StrandBias:0.0,Multiplicity:1.00
0.100	0.700	0.100	0.100
0.100	0.700	0.100	0.100
0.100	0.100	0.100	0.700
0.100	0.100	0.100	0.700
0.100	0.100	0.700	0.100
0.100	0.100	0.100	0.700
0.100	0.100	0.100	0.700
0.700	0.100	0.100	0.100
>TTACGGYT	7-TTACGGYT	8.162592	-15.690156	0	T:23.0(7.47%),B:875.1(2.03%),P:1e-6	Tpos:43.0,Tstd:29.3,Bpos:225.2,Bstd:322.3,StrandBias:0.6,Multiplicity:1.09
0.001	0.001	0.001	0.997
0.001	0.001	0.001	0.997
0.802	0.001	0.196	0.001
0.001	0.997	0.001	0.001
0.001	0.001	0.997	0.001
0.001	0.261	0.737	0.001
0.001	0.562	0.001	0.436
0.001	0.138	0.001	0.860
>AWGWCATA	8-AWGWCATA	6.017235	-14.018523	0	T:28.0(9.09%),B:1356.7(3.15%),P:1e-6	Tpos:51.6,Tstd:30.9,Bpos:273.3,Bstd:326.0,StrandBias:1.1,Multiplicity:1.00
0.534	0.072	0.135	0.259
0.452	0.176	0.019	0.353
0.001	0.143	0.587	0.269
0.405	0.033	0.247	0.314
0.001	0.997	0.001	0.001
0.678	0.320	0.001	0.001
0.001	0.342	0.110	0.547
0.484	0.281	0.235	0.001
>ACTCATAC	9-ACTCATAC	6.666444	-13.371702	0	T:38.0(12.34%),B:2282.9(5.29%),P:1e-5	Tpos:55.0,Tstd:24.2,Bpos:300.0,Bstd:411.1,StrandBias:0.4,Multiplicity:1.05
0.854	0.011	0.001	0.134
0.085	0.569	0.213	0.133
0.092	0.068	0.071	0.769
0.049	0.698	0.020	0.233
0.793	0.033	0.087	0.087
0.244	0.001	0.031	0.724
0.853	0.001	0.019	0.127
0.020	0.751	0.056	0.173
>TCTGGGTA	10-TCTGGGTA	7.029600	-13.204791	0	T:27.0(8.77%),B:1333.4(3.09%),P:1e-5	Tpos:55.1,Tstd:30.2,Bpos:229.7,Bstd:385.3,StrandBias:0.3,Multiplicity:1.00
0.045	0.001	0.047	0.907
0.025	0.874	0.032	0.069
0.001	0.001	0.038	0.960
0.043	0.001	0.882	0.074
0.001	0.001	0.997	0.001
0.001	0.001	0.997	0.001
0.001	0.326	0.026	0.647
0.819	0.025	0.042	0.114
>TCCGTGTG	11-TCCGTGTG	6.031632	-13.021478	0	T:32.0(10.39%),B:1773.8(4.11%),P:1e-5	Tpos:49.3,Tstd:25.2,Bpos:203.9,Bstd:494.4,StrandBias:1.4,Multiplicity:1.00
0.118	0.211	0.165	0.506
0.001	0.860	0.138	0.001
0.019	0.943	0.001	0.037
0.067	0.121	0.790	0.022
0.150	0.082	0.143	0.625
0.103	0.124	0.721	0.052
0.047	0.225	0.087	0.641
0.107	0.025	0.867	0.001
>GCTTTGAG	12-GCTTTGAG	11.015922	-12.873520	0	T:12.0(3.90%),B:297.5(0.69%),P:1e-5	Tpos:53.7,Tstd:24.9,Bpos:199.4,Bstd:336.9,StrandBias:1.6,Multiplicity:1.00
0.001	0.001	0.997	0.001
0.001	0.997	0.001	0.001
0.001	0.050	0.001	0.948
0.001	0.001	0.001	0.997
0.001	0.001	0.001	0.997
0.001	0.001	0.997	0.001
0.997	0.001	0.001	0.001
0.001	0.001	0.997	0.001
>GGTTRGTG	13-GGTTRGTG	8.659732	-11.261510	0	T:8.0(2.60%),B:142.9(0.33%),P:1e-4	Tpos:52.2,Tstd:26.5,Bpos:299.8,Bstd:435.4,StrandBias:0.0,Multiplicity:1.00
0.001	0.001	0.997	0.001
0.001	0.001	0.997	0.001
0.001	0.036	0.317	0.646
0.001	0.095	0.281	0.623
0.542	0.001	0.456	0.001
0.001	0.001	0.997	0.001
0.001	0.353	0.001	0.645
0.174	0.001	0.631	0.194
>MGCCTAAG	14-MGCCTAAG	8.716390	-11.128659	0	T:18.0(5.84%),B:763.5(1.77%),P:1e-4	Tpos:44.4,Tstd:21.5,Bpos:222.2,Bstd:349.9,StrandBias:-0.1,Multiplicity:1.50
0.570	0.428	0.001	0.001
0.001	0.001	0.997	0.001
0.001	0.737	0.001	0.261
0.001	0.997	0.001	0.001
0.225	0.001	0.001	0.773
0.997	0.001	0.001	0.001
0.997	0.001	0.001	0.001
0.001	0.001	0.997	0.001
>AAGGGGTG	15-AAGGGGTG	8.616165	-11.109099	0	T:6.0(1.95%),B:68.1(0.16%),P:1e-4	Tpos:56.2,Tstd:23.0,Bpos:240.6,Bstd:354.5,StrandBias:1.0,Multiplicity:1.00
0.632	0.056	0.180	0.132
0.614	0.051	0.281	0.054
0.090	0.001	0.856	0.053
0.001	0.001	0.997	0.001
0.001	0.001	0.834	0.164
0.059	0.051	0.889	0.001
0.001	0.045	0.169	0.785
0.164	0.128	0.437	0.271
>CGTGAGRT	16-CGTGAGRT	6.679784	-9.804004	0	T:33.0(10.71%),B:2188.3(5.07%),P:1e-4	Tpos:46.8,Tstd:30.4,Bpos:232.8,Bstd:318.0,StrandBias:1.0,Multiplicity:1.00
0.079	0.908	0.001	0.012
0.192	0.001	0.806	0.001
0.001	0.001	0.001	0.997
0.409	0.001	0.567	0.023
0.800	0.001	0.161	0.038
0.001	0.385	0.613	0.001
0.467	0.142	0.357	0.035
0.094	0.009	0.040	0.857
>ACCATGAA	17-ACCATGAA	8.236954	-6.981968	0	T:9.0(2.92%),B:339.9(0.79%),P:1e-3	Tpos:56.0,Tstd:26.7,Bpos:218.1,Bstd:269.8,StrandBias:1.8,Multiplicity:1.00
0.700	0.100	0.100	0.100
0.100	0.700	0.100	0.100
0.100	0.700	0.100	0.100
0.700	0.100	0.100	0.100
0.100	0.100	0.100	0.700
0.100	0.100	0.700	0.100
0.700	0.100	0.100	0.100
0.700	0.100	0.100	0.100
>AAGCAAGA	18-AAGCAAGA	8.236954	-6.663525	0	T:12.0(3.90%),B:586.0(1.36%),P:1e-2	Tpos:65.2,Tstd:25.9,Bpos:197.3,Bstd:264.1,StrandBias:0.5,Multiplicity:1.00
0.700	0.100	0.100	0.100
0.700	0.100	0.100	0.100
0.100	0.100	0.700	0.100
0.100	0.700	0.100	0.100
0.700	0.100	0.100	0.100
0.700	0.100	0.100	0.100
0.100	0.100	0.700	0.100
0.700	0.100	0.100	0.100
>TTCTTATA	19-TTCTTATA	8.535593	-6.193821	0	T:17.0(5.52%),B:1064.4(2.47%),P:1e-2	Tpos:48.4,Tstd:24.9,Bpos:348.1,Bstd:377.9,StrandBias:0.0,Multiplicity:1.12
0.065	0.001	0.001	0.933
0.001	0.001	0.001	0.997
0.001	0.997	0.001	0.001
0.001	0.104	0.001	0.894
0.124	0.062	0.001	0.813
0.997	0.001	0.001	0.001
0.001	0.001	0.001	0.997
0.997	0.001	0.001	0.001
