>GTCGAACA	1-GTCGAACA	9.936119	-184.187366	0	T:80.0(25.97%),B:472.2(1.10%),P:1e-79	Tpos:50.2,Tstd:24.5,Bpos:216.0,Bstd:422.6,StrandBias:0.7,Multiplicity:1.00
0.322	0.001	0.676	0.001
0.001	0.001	0.001	0.997
0.001	0.997	0.001	0.001
0.001	0.001	0.997	0.001
0.997	0.001	0.001	0.001
0.997	0.001	0.001	0.001
0.001	0.997	0.001	0.001
0.997	0.001	0.001	0.001
>AAATGCCT	2-AAATGCCT	7.965663	-91.402363	0	T:51.0(16.56%),B:513.4(1.19%),P:1e-39	Tpos:49.7,Tstd:24.2,Bpos:207.2,Bstd:307.0,StrandBias:-0.2,Multiplicity:1.00
0.948	0.001	0.050	0.001
0.997	0.001	0.001	0.001
0.997	0.001	0.001	0.001
0.001	0.001	0.001	0.997
0.001	0.001	0.997	0.001
0.001	0.997	0.001	0.001
0.001	0.895	0.103	0.001
0.001	0.001	0.001	0.997
>GACATTTC	3-GACATTTC	7.406788	-61.085599	0	T:53.0(17.21%),B:1106.1(2.57%),P:1e-26	Tpos:49.9,Tstd:26.2,Bpos:225.6,Bstd:475.7,StrandBias:0.1,Multiplicity:1.09
0.001	0.124	0.874	0.001
0.783	0.001	0.215	0.001
0.001	0.997	0.001	0.001
0.997	0.001	0.001	0.001
0.001	0.001	0.041	0.957
0.001	0.001	0.001	0.997
0.001	0.001	0.001	0.997
0.001	0.997	0.001	0.001
>ATGCACGC	4-ATGCACGC	6.446624	-30.879464	0	T:38.0(12.34%),B:1194.5(2.77%),P:1e-13	Tpos:55.7,Tstd:20.4,Bpos:206.7,Bstd:375.6,StrandBias:-0.2,Multiplicity:1.00
0.774	0.043	0.157	0.026
0.069	0.078	0.001	0.852
0.031	0.025	0.921	0.023
0.001	0.976	0.022	0.001
0.910	0.037	0.001	0.052
0.001	0.997	0.001	0.001
0.105	0.001	0.893	0.001
0.015	0.840	0.086	0.059
>ACACTTGG	5-ACACTTGG	9.084861	-24.573650	0	T:24.0(7.79%),B:590.4(1.37%),P:1e-10	Tpos:48.8,Tstd:28.9,Bpos:217.3,Bstd:282.9,StrandBias:0.2,Multiplicity:1.06
0.997	0.001	0.001	0.001
0.001	0.997	0.001	0.001
0.997	0.001	0.001	0.001
0.001	0.836	0.001	0.162
0.001	0.001	0.095	0.903
0.001	0.001	0.064	0.934
0.001	0.001	0.997	0.001
0.001	0.001	0.997	0.001
>CCTTGTTA	6-CCTTGTTA	8.236954	-22.642434	0	T:14.0(4.55%),B:180.8(0.42%),P:1e-9	Tpos:29.0,Tstd:19.9,Bpos:268.4,Bstd:714.0,StrandBias:0.0,Multiplicity:1.00
0.100	0.700	0.100	0.100
0.100	0.700	0.100	0.100
0.100	0.100	0.100	0.700
0.100	0.100	0.100	0.700
0.100	0.100	0.700	0.100
0.100	0.100	0.100	0.700
0.100	0.100	0.100	0.700
0.700	0.100	0.100	0.100
>TTACGGYT	7-TTACGGYT	8.162592	-15.690156	0	T:23.0(7.47%),B:875.1(2.03%),P:1e-6	Tpos:43.0,Tstd:29.3,Bpos:225.2,Bstd:322.3,StrandBias:0.6,Multiplicity:1.09
0.001	0.001	0.001	0.997
0.001	0.001	0.001	0.997
0.802	0.001	0.196	0.001
0.001	0.997	0.001	0.001
0.001	0.001	0.997	0.001
0.001	0.261	0.737	0.001
0.001	0.562	0.001	0.436
0.001	0.138	0.001	0.860
>AWGWCATA	8-AWGWCATA	6.017235	-14.018523	0	T:28.0(9.09%),B:1356.7(3.15%),P:1e-6	Tpos:51.6,Tstd:30.9,Bpos:273.3,Bstd:326.0,StrandBias:1.1,Multiplicity:1.00
0.534	0.072	0.135	0.259
0.452	0.176	0.019	0.353
0.001	0.143	0.587	0.269
0.405	0.033	0.247	0.314
0.001	0.997	0.001	0.001
0.678	0.320	0.001	0.001
0.001	0.342	0.110	0.547
0.484	0.281	0.235	0.001
>ACTCATAC	9-ACTCATAC	6.666444	-13.371702	0	T:38.0(12.34%),B:2282.9(5.29%),P:1e-5	Tpos:55.0,Tstd:24.2,Bpos:300.0,Bstd:411.1,StrandBias:0.4,Multiplicity:1.05
0.854	0.011	0.001	0.134
0.085	0.569	0.213	0.133
0.092	0.068	0.071	0.769
0.049	0.698	0.020	0.233
0.793	0.033	0.087	0.087
0.244	0.001	0.031	0.724
0.853	0.001	0.019	0.127
0.020	0.751	0.056	0.173
>TCTGGGTA	10-TCTGGGTA	7.029600	-13.204791	0	T:27.0(8.77%),B:1333.4(3.09%),P:1e-5	Tpos:55.1,Tstd:30.2,Bpos:229.7,Bstd:385.3,StrandBias:0.3,Multiplicity:1.00
0.045	0.001	0.047	0.907
0.025	0.874	0.032	0.069
0.001	0.001	0.038	0.960
0.043	0.001	0.882	0.074
0.001	0.001	0.997	0.001
0.001	0.001	0.997	0.001
0.001	0.326	0.026	0.647
0.819	0.025	0.042	0.114
>TCCGTGTG	11-TCCGTGTG	6.031632	-13.021478	0	T:32.0(10.39%),B:1773.8(4.11%),P:1e-5	Tpos:49.3,Tstd:25.2,Bpos:203.9,Bstd:494.4,StrandBias:1.4,Multiplicity:1.00
0.118	0.211	0.165	0.506
0.001	0.860	0.138	0.001
0.019	0.943	0.001	0.037
0.067	0.121	0.790	0.022
0.150	0.082	0.143	0.625
0.103	0.124	0.721	0.052
0.047	0.225	0.087	0.641
0.107	0.025	0.867	0.001
>GCTTTGAG	12-GCTTTGAG	11.015922	-12.873520	0	T:12.0(3.90%),B:297.5(0.69%),P:1e-5	Tpos:53.7,Tstd:24.9,Bpos:199.4,Bstd:336.9,StrandBias:1.6,Multiplicity:1.00
0.001	0.001	0.997	0.001
0.001	0.997	0.001	0.001
0.001	0.050	0.001	0.948
0.001	0.001	0.001	0.997
0.001	0.001	0.001	0.997
0.001	0.001	0.997	0.001
0.997	0.001	0.001	0.001
0.001	0.001	0.997	0.001
>GGTTRGTG	13-GGTTRGTG	8.659732	-11.261510	0	T:8.0(2.60%),B:142.9(0.33%),P:1e-4	Tpos:52.2,Tstd:26.5,Bpos:299.8,Bstd:435.4,StrandBias:0.0,Multiplicity:1.00
0.001	0.001	0.997	0.001
0.001	0.001	0.997	0.001
0.001	0.036	0.317	0.646
0.001	0.095	0.281	0.623
0.542	0.001	0.456	0.001
0.001	0.001	0.997	0.001
0.001	0.353	0.001	0.645
0.174	0.001	0.631	0.194
>MGCCTAAG	14-MGCCTAAG	8.716390	-11.128659	0	T:18.0(5.84%),B:763.5(1.77%),P:1e-4	Tpos:44.4,Tstd:21.5,Bpos:222.2,Bstd:349.9,StrandBias:-0.1,Multiplicity:1.50
0.570	0.428	0.001	0.001
0.001	0.001	0.997	0.001
0.001	0.737	0.001	0.261
0.001	0.997	0.001	0.001
0.225	0.001	0.001	0.773
0.997	0.001	0.001	0.001
0.997	0.001	0.001	0.001
0.001	0.001	0.997	0.001
>AAGGGGTG	15-AAGGGGTG	8.616165	-11.109099	0	T:6.0(1.95%),B:68.1(0.16%),P:1e-4	Tpos:56.2,Tstd:23.0,Bpos:240.6,Bstd:354.5,StrandBias:1.0,Multiplicity:1.00
0.632	0.056	0.180	0.132
0.614	0.051	0.281	0.054
0.090	0.001	0.856	0.053
0.001	0.001	0.997	0.001
0.001	0.001	0.834	0.164
0.059	0.051	0.889	0.001
0.001	0.045	0.169	0.785
0.164	0.128	0.437	0.271
>CGTGAGRT	16-CGTGAGRT	6.679784	-9.804004	0	T:33.0(10.71%),B:2188.3(5.07%),P:1e-4	Tpos:46.8,Tstd:30.4,Bpos:232.8,Bstd:318.0,StrandBias:1.0,Multiplicity:1.00
0.079	0.908	0.001	0.012
0.192	0.001	0.806	0.001
0.001	0.001	0.001	0.997
0.409	0.001	0.567	0.023
0.800	0.001	0.161	0.038
0.001	0.385	0.613	0.001
0.467	0.142	0.357	0.035
0.094	0.009	0.040	0.857
>ACCATGAA	17-ACCATGAA	8.236954	-6.981968	0	T:9.0(2.92%),B:339.9(0.79%),P:1e-3	Tpos:56.0,Tstd:26.7,Bpos:218.1,Bstd:269.8,StrandBias:1.8,Multiplicity:1.00
0.700	0.100	0.100	0.100
0.100	0.700	0.100	0.100
0.100	0.700	0.100	0.100
0.700	0.100	0.100	0.100
0.100	0.100	0.100	0.700
0.100	0.100	0.700	0.100
0.700	0.100	0.100	0.100
0.700	0.100	0.100	0.100
>AAGCAAGA	18-AAGCAAGA	8.236954	-6.663525	0	T:12.0(3.90%),B:586.0(1.36%),P:1e-2	Tpos:65.2,Tstd:25.9,Bpos:197.3,Bstd:264.1,StrandBias:0.5,Multiplicity:1.00
0.700	0.100	0.100	0.100
0.700	0.100	0.100	0.100
0.100	0.100	0.700	0.100
0.100	0.700	0.100	0.100
0.700	0.100	0.100	0.100
0.700	0.100	0.100	0.100
0.100	0.100	0.700	0.100
0.700	0.100	0.100	0.100
>TTCTTATA	19-TTCTTATA	8.535593	-6.193821	0	T:17.0(5.52%),B:1064.4(2.47%),P:1e-2	Tpos:48.4,Tstd:24.9,Bpos:348.1,Bstd:377.9,StrandBias:0.0,Multiplicity:1.12
0.065	0.001	0.001	0.933
0.001	0.001	0.001	0.997
0.001	0.997	0.001	0.001
0.001	0.104	0.001	0.894
0.124	0.062	0.001	0.813
0.997	0.001	0.001	0.001
0.001	0.001	0.001	0.997
0.997	0.001	0.001	0.001
