>TCGAACASYT	1-TCGAACASYT	8.838315	-224.444931	0	T:86.0(27.92%),B:362.5(0.84%),P:1e-97	Tpos:53.1,Tstd:24.4,Bpos:221.5,Bstd:555.9,StrandBias:0.5,Multiplicity:1.00
0.032	0.180	0.001	0.787
0.001	0.931	0.021	0.047
0.073	0.021	0.867	0.039
0.966	0.001	0.001	0.032
0.850	0.075	0.074	0.001
0.001	0.851	0.097	0.051
0.949	0.025	0.001	0.025
0.110	0.474	0.328	0.088
0.071	0.434	0.057	0.438
0.063	0.035	0.001	0.901
>TTCGRCGAAA	2-TTCGRCGAAA	9.774000	-150.361397	0	T:53.0(17.21%),B:163.9(0.38%),P:1e-65	Tpos:47.5,Tstd:25.5,Bpos:176.1,Bstd:187.4,StrandBias:-0.1,Multiplicity:1.00
0.001	0.001	0.001	0.997
0.001	0.225	0.001	0.773
0.156	0.708	0.005	0.131
0.117	0.001	0.881	0.001
0.447	0.002	0.311	0.239
0.001	0.740	0.004	0.255
0.264	0.001	0.734	0.001
0.843	0.001	0.001	0.155
0.821	0.001	0.001	0.177
0.602	0.396	0.001	0.001
>CKTTSAGGCA	3-CKTTSAGGCA	5.965301	-103.535477	0	T:42.0(13.64%),B:197.3(0.46%),P:1e-44	Tpos:46.9,Tstd:24.6,Bpos:147.8,Bstd:173.5,StrandBias:0.7,Multiplicity:1.00
0.001	0.997	0.001	0.001
0.001	0.001	0.466	0.532
0.002	0.210	0.189	0.599
0.008	0.001	0.001	0.990
0.001	0.511	0.487	0.001
0.997	0.001	0.001	0.001
0.001	0.172	0.826	0.001
0.001	0.001	0.997	0.001
0.001	0.997	0.001	0.001
0.997	0.001	0.001	0.001
>ACGCATTTCG	4-ACGCATTTCG	7.968143	-100.501849	0	T:46.0(14.94%),B:298.0(0.69%),P:1e-43	Tpos:56.3,Tstd:27.9,Bpos:213.5,Bstd:301.0,StrandBias:0.5,Multiplicity:1.00
0.866	0.132	0.001	0.001
0.001	0.871	0.127	0.001
0.128	0.088	0.783	0.001
0.001	0.997	0.001	0.001
0.997	0.001	0.001	0.001
0.001	0.001	0.001	0.997
0.227	0.001	0.001	0.771
0.001	0.001	0.001	0.997
0.001	0.997	0.001	0.001
0.143	0.001	0.855	0.001
>TCCTTGTTAG	5-TCCTTGTTAG	10.296193	-49.928189	0	T:13.0(4.22%),B:11.2(0.03%),P:1e-21	Tpos:27.0,Tstd:19.2,Bpos:363.3,Bstd:354.6,StrandBias:-0.2,Multiplicity:1.00
0.100	0.100	0.100	0.700
0.100	0.700	0.100	0.100
0.100	0.700	0.100	0.100
0.100	0.100	0.100	0.700
0.100	0.100	0.100	0.700
0.100	0.100	0.700	0.100
0.100	0.100	0.100	0.700
0.100	0.100	0.100	0.700
0.700	0.100	0.100	0.100
0.100	0.100	0.700	0.100
>TTATGCACGC	6-TTATGCACGC	7.868577	-40.587177	0	T:26.0(8.44%),B:340.5(0.79%),P:1e-17	Tpos:52.4,Tstd:19.6,Bpos:231.1,Bstd:443.0,StrandBias:0.0,Multiplicity:1.00
0.064	0.089	0.001	0.846
0.106	0.111	0.302	0.480
0.796	0.064	0.045	0.095
0.001	0.120	0.001	0.878
0.045	0.106	0.813	0.036
0.042	0.920	0.001	0.037
0.815	0.094	0.045	0.046
0.035	0.963	0.001	0.001
0.168	0.042	0.789	0.001
0.082	0.711	0.168	0.039
>TTTGAGAAGC	7-TTTGAGAAGC	11.288988	-30.337547	0	T:12.0(3.90%),B:56.0(0.13%),P:1e-13	Tpos:57.2,Tstd:22.1,Bpos:303.4,Bstd:379.6,StrandBias:1.0,Multiplicity:1.00
0.001	0.001	0.001	0.997
0.086	0.001	0.001	0.912
0.001	0.001	0.001	0.997
0.001	0.001	0.997	0.001
0.997	0.001	0.001	0.001
0.001	0.001	0.997	0.001
0.997	0.001	0.001	0.001
0.997	0.001	0.001	0.001
0.001	0.090	0.908	0.001
0.001	0.997	0.001	0.001
>ACACTTGGTG	8-ACACTTGGTG	7.642273	-29.443612	0	T:14.0(4.55%),B:104.4(0.24%),P:1e-12	Tpos:41.5,Tstd:28.2,Bpos:170.3,Bstd:185.3,StrandBias:0.7,Multiplicity:1.00
0.997	0.001	0.001	0.001
0.001	0.997	0.001	0.001
0.997	0.001	0.001	0.001
0.001	0.970	0.028	0.001
0.095	0.001	0.001	0.903
0.001	0.043	0.001	0.955
0.001	0.001	0.975	0.023
0.001	0.001	0.997	0.001
0.001	0.001	0.001	0.997
0.001	0.001	0.997	0.001
>TACACCATGA	9-TACACCATGA	13.727203	-28.011194	0	T:8.0(2.60%),B:12.1(0.03%),P:1e-12	Tpos:52.1,Tstd:26.6,Bpos:270.0,Bstd:269.0,StrandBias:0.7,Multiplicity:1.00
0.001	0.001	0.001	0.997
0.997	0.001	0.001	0.001
0.001	0.997	0.001	0.001
0.997	0.001	0.001	0.001
0.001	0.997	0.001	0.001
0.001	0.997	0.001	0.001
0.997	0.001	0.001	0.001
0.001	0.001	0.001	0.997
0.101	0.001	0.897	0.001
0.997	0.001	0.001	0.001
>CAAAGACTCA	10-CAAAGACTCA	11.091593	-27.406667	0	T:12.0(3.90%),B:74.7(0.17%),P:1e-11	Tpos:45.9,Tstd:18.0,Bpos:320.0,Bstd:365.9,StrandBias:2.3,Multiplicity:1.00
0.001	0.997	0.001	0.001
0.997	0.001	0.001	0.001
0.997	0.001	0.001	0.001
0.997	0.001	0.001	0.001
0.001	0.001	0.997	0.001
0.917	0.001	0.081	0.001
0.001	0.997	0.001	0.001
0.001	0.001	0.081	0.917
0.001	0.922	0.001	0.076
0.997	0.001	0.001	0.001
>TTGCGGCTTA	11-TTGCGGCTTA	10.773709	-25.812216	0	T:12.0(3.90%),B:86.7(0.20%),P:1e-11	Tpos:42.4,Tstd:25.4,Bpos:213.0,Bstd:283.7,StrandBias:0.5,Multiplicity:1.00
0.001	0.001	0.001	0.997
0.001	0.001	0.001	0.997
0.326	0.001	0.672	0.001
0.291	0.707	0.001	0.001
0.001	0.001	0.997	0.001
0.001	0.001	0.997	0.001
0.001	0.576	0.001	0.422
0.001	0.001	0.001	0.997
0.001	0.001	0.399	0.599
0.716	0.282	0.001	0.001
>AATATGACTT	12-AATATGACTT	11.640862	-25.180371	0	T:9.0(2.92%),B:32.3(0.07%),P:1e-10	Tpos:64.9,Tstd:26.1,Bpos:395.6,Bstd:358.9,StrandBias:-1.8,Multiplicity:1.00
0.997	0.001	0.001	0.001
0.997	0.001	0.001	0.001
0.001	0.001	0.001	0.997
0.997	0.001	0.001	0.001
0.001	0.001	0.001	0.997
0.001	0.001	0.997	0.001
0.876	0.122	0.001	0.001
0.001	0.910	0.088	0.001
0.001	0.001	0.001	0.997
0.001	0.001	0.001	0.997
>GACACAAAGC	13-GACACAAAGC	10.296193	-24.408425	0	T:7.0(2.27%),B:11.6(0.03%),P:1e-10	Tpos:41.6,Tstd:17.6,Bpos:252.2,Bstd:216.3,StrandBias:1.3,Multiplicity:1.00
0.100	0.100	0.700	0.100
0.700	0.100	0.100	0.100
0.100	0.700	0.100	0.100
0.700	0.100	0.100	0.100
0.100	0.700	0.100	0.100
0.700	0.100	0.100	0.100
0.700	0.100	0.100	0.100
0.700	0.100	0.100	0.100
0.100	0.100	0.700	0.100
0.100	0.700	0.100	0.100
>ACATGAYRTC	14-ACATGAYRTC	11.886041	-23.954972	0	T:7.0(2.27%),B:12.9(0.03%),P:1e-10	Tpos:63.7,Tstd:32.8,Bpos:376.4,Bstd:326.6,StrandBias:10.0,Multiplicity:1.00
0.997	0.001	0.001	0.001
0.001	0.997	0.001	0.001
0.586	0.001	0.001	0.412
0.001	0.001	0.001	0.997
0.001	0.056	0.942	0.001
0.997	0.001	0.001	0.001
0.020	0.482	0.048	0.450
0.530	0.036	0.433	0.001
0.001	0.001	0.001	0.997
0.001	0.997	0.001	0.001
>AGCCTAAGAA	15-AGCCTAAGAA	6.490141	-23.790509	0	T:14.0(4.55%),B:164.9(0.38%),P:1e-10	Tpos:36.8,Tstd:23.6,Bpos:225.9,Bstd:289.8,StrandBias:-0.4,Multiplicity:1.00
0.853	0.001	0.145	0.001
0.001	0.001	0.997	0.001
0.001	0.997	0.001	0.001
0.001	0.752	0.246	0.001
0.001	0.001	0.001	0.997
0.997	0.001	0.001	0.001
0.997	0.001	0.001	0.001
0.001	0.001	0.997	0.001
0.888	0.110	0.001	0.001
0.997	0.001	0.001	0.001
>ATACTCAATC	16-ATACTCAATC	11.465867	-23.268935	0	T:9.0(2.92%),B:41.1(0.10%),P:1e-10	Tpos:56.8,Tstd:23.6,Bpos:360.6,Bstd:371.0,StrandBias:1.0,Multiplicity:1.00
0.871	0.001	0.127	0.001
0.001	0.001	0.001	0.997
0.997	0.001	0.001	0.001
0.001	0.997	0.001	0.001
0.001	0.001	0.001	0.997
0.001	0.997	0.001	0.001
0.891	0.107	0.001	0.001
0.997	0.001	0.001	0.001
0.001	0.001	0.001	0.997
0.001	0.997	0.001	0.001
>TCCAAGAAAC	17-TCCAAGAAAC	10.175325	-22.424370	0	T:17.0(5.52%),B:302.7(0.70%),P:1e-9	Tpos:49.4,Tstd:32.6,Bpos:269.7,Bstd:724.0,StrandBias:0.9,Multiplicity:1.00
0.112	0.001	0.001	0.886
0.052	0.946	0.001	0.001
0.001	0.997	0.001	0.001
0.997	0.001	0.001	0.001
0.859	0.081	0.001	0.059
0.001	0.001	0.997	0.001
0.779	0.069	0.068	0.084
0.865	0.074	0.060	0.001
0.997	0.001	0.001	0.001
0.001	0.950	0.001	0.048
>GGACTTTGGS	18-GGACTTTGGS	9.093990	-21.871582	0	T:9.0(2.92%),B:49.4(0.11%),P:1e-9	Tpos:54.8,Tstd:23.1,Bpos:159.3,Bstd:262.7,StrandBias:1.0,Multiplicity:1.00
0.001	0.348	0.650	0.001
0.001	0.001	0.997	0.001
0.997	0.001	0.001	0.001
0.001	0.997	0.001	0.001
0.001	0.001	0.001	0.997
0.001	0.001	0.001	0.997
0.001	0.001	0.001	0.997
0.001	0.001	0.997	0.001
0.001	0.027	0.971	0.001
0.001	0.494	0.504	0.001
>TTGGTTAGTG	19-TTGGTTAGTG	7.911852	-21.691398	0	T:30.0(9.74%),B:1065.6(2.47%),P:1e-9	Tpos:54.3,Tstd:24.8,Bpos:254.4,Bstd:421.5,StrandBias:-0.3,Multiplicity:1.00
0.001	0.001	0.001	0.997
0.051	0.002	0.143	0.804
0.001	0.083	0.867	0.049
0.001	0.002	0.886	0.111
0.001	0.001	0.082	0.916
0.111	0.001	0.250	0.638
0.737	0.120	0.142	0.001
0.034	0.146	0.715	0.105
0.049	0.213	0.001	0.737
0.101	0.169	0.729	0.001
>CTGGGTATTT	20-CTGGGTATTT	10.407133	-19.271452	0	T:9.0(2.92%),B:68.8(0.16%),P:1e-8	Tpos:49.4,Tstd:25.8,Bpos:168.0,Bstd:186.3,StrandBias:0.3,Multiplicity:1.00
0.001	0.997	0.001	0.001
0.001	0.001	0.001	0.997
0.001	0.001	0.997	0.001
0.001	0.001	0.997	0.001
0.001	0.001	0.918	0.080
0.082	0.001	0.001	0.916
0.896	0.102	0.001	0.001
0.135	0.135	0.001	0.729
0.115	0.001	0.135	0.749
0.001	0.107	0.001	0.891
>CCACACTTGG	21-CCACACTTGG	11.007314	-18.384063	0	T:9.0(2.92%),B:76.5(0.18%),P:1e-7	Tpos:53.9,Tstd:23.6,Bpos:233.5,Bstd:308.8,StrandBias:0.3,Multiplicity:1.00
0.001	0.788	0.210	0.001
0.001	0.788	0.001	0.210
0.997	0.001	0.001	0.001
0.001	0.997	0.001	0.001
0.997	0.001	0.001	0.001
0.001	0.853	0.001	0.145
0.001	0.001	0.001	0.997
0.001	0.001	0.001	0.997
0.001	0.001	0.848	0.150
0.130	0.001	0.868	0.001
>ARATGCACGS	22-ARATGCACGS	8.455894	-14.761393	0	T:12.0(3.90%),B:246.8(0.57%),P:1e-6	Tpos:48.0,Tstd:26.6,Bpos:220.6,Bstd:376.0,StrandBias:0.3,Multiplicity:1.00
0.842	0.001	0.156	0.001
0.453	0.109	0.425	0.012
0.650	0.001	0.348	0.001
0.266	0.151	0.149	0.434
0.001	0.399	0.599	0.001
0.001	0.997	0.001	0.001
0.757	0.001	0.001	0.241
0.094	0.904	0.001	0.001
0.230	0.001	0.768	0.001
0.001	0.425	0.573	0.001
>TTCAATTGCG	23-TTCAATTGCG	8.532576	-13.261949	0	T:9.0(2.92%),B:145.1(0.34%),P:1e-5	Tpos:51.2,Tstd:24.7,Bpos:298.6,Bstd:395.4,StrandBias:1.0,Multiplicity:1.00
0.033	0.001	0.001	0.965
0.001	0.001	0.001	0.997
0.001	0.731	0.001	0.267
0.997	0.001	0.001	0.001
0.997	0.001	0.001	0.001
0.001	0.001	0.001	0.997
0.001	0.001	0.001	0.997
0.205	0.001	0.712	0.082
0.001	0.997	0.001	0.001
0.001	0.001	0.997	0.001
