>YAAAWWAW	1-YAAAWWAW	4.431024	-62.552476	0	T:14214.0(67.00%),B:33146.2(62.77%),P:1e-27	Tpos:49.8,Tstd:27.8,Bpos:596.0,Bstd:792.7,StrandBias:0.0,Multiplicity:1.68
0.001	0.471	0.001	0.527
0.688	0.001	0.001	0.310
0.610	0.001	0.001	0.388
0.886	0.001	0.001	0.112
0.566	0.001	0.001	0.432
0.457	0.001	0.001	0.541
0.583	0.001	0.001	0.415
0.384	0.001	0.210	0.405
>NKTTGACT	2-NKTTGACT	8.207169	-42.641578	0	T:719.0(3.39%),B:1170.3(2.22%),P:1e-18	Tpos:51.2,Tstd:26.1,Bpos:416.1,Bstd:715.6,StrandBias:-0.1,Multiplicity:1.06
0.272	0.293	0.162	0.273
0.110	0.009	0.508	0.373
0.022	0.097	0.001	0.880
0.039	0.033	0.106	0.822
0.030	0.005	0.951	0.014
0.944	0.008	0.038	0.010
0.056	0.942	0.001	0.001
0.137	0.174	0.027	0.662
>AAGTCAAM	3-AAGTCAAM	8.333425	-34.813017	0	T:1161.0(5.47%),B:2166.9(4.10%),P:1e-15	Tpos:48.6,Tstd:27.4,Bpos:473.5,Bstd:756.6,StrandBias:-0.2,Multiplicity:1.02
0.773	0.001	0.078	0.148
0.799	0.027	0.173	0.001
0.001	0.001	0.997	0.001
0.001	0.001	0.001	0.997
0.001	0.997	0.001	0.001
0.997	0.001	0.001	0.001
0.997	0.001	0.001	0.001
0.453	0.545	0.001	0.001
>GHCACGTG	4-GHCACGTG	7.912280	-20.541432	0	T:424.0(2.00%),B:729.1(1.38%),P:1e-8	Tpos:49.4,Tstd:27.5,Bpos:353.3,Bstd:633.1,StrandBias:0.2,Multiplicity:1.05
0.126	0.204	0.437	0.233
0.334	0.310	0.135	0.220
0.014	0.874	0.043	0.069
0.871	0.007	0.121	0.001
0.001	0.915	0.033	0.051
0.060	0.026	0.902	0.012
0.001	0.101	0.001	0.897
0.095	0.096	0.769	0.040
>GAGAGAGA	5-GAGAGAGA	8.236954	-3.908529	0	T:920.0(4.34%),B:2113.9(4.00%),P:1e-1	Tpos:51.1,Tstd:28.4,Bpos:275.4,Bstd:513.7,StrandBias:0.1,Multiplicity:1.02
0.100	0.100	0.700	0.100
0.700	0.100	0.100	0.100
0.100	0.100	0.700	0.100
0.700	0.100	0.100	0.100
0.100	0.100	0.700	0.100
0.700	0.100	0.100	0.100
0.100	0.100	0.700	0.100
0.700	0.100	0.100	0.100
>CTCWCTCT	6-CTCWCTCT	7.685745	-1.340011	0	T:989.0(4.66%),B:2403.4(4.55%),P:1e0	Tpos:49.1,Tstd:26.7,Bpos:243.9,Bstd:475.7,StrandBias:0.1,Multiplicity:1.15
0.031	0.582	0.150	0.237
0.313	0.060	0.049	0.578
0.001	0.887	0.001	0.111
0.531	0.019	0.001	0.449
0.001	0.829	0.054	0.116
0.333	0.001	0.001	0.665
0.079	0.860	0.001	0.060
0.250	0.092	0.135	0.523
>CAAGTCAA	7-CAAGTCAA	9.922076	-0.923294	0	T:259.0(1.22%),B:631.4(1.20%),P:1e0	Tpos:47.8,Tstd:26.9,Bpos:394.9,Bstd:604.3,StrandBias:-0.1,Multiplicity:1.03
0.011	0.752	0.131	0.106
0.597	0.001	0.133	0.269
0.703	0.104	0.192	0.001
0.001	0.001	0.997	0.001
0.001	0.001	0.001	0.997
0.001	0.997	0.001	0.001
0.997	0.001	0.001	0.001
0.997	0.001	0.001	0.001
>GTCAAMRD	8-GTCAAMRD	3.938179	-0.051707	0	T:6940.0(32.71%),B:17605.4(33.34%),P:1e0	Tpos:50.3,Tstd:27.2,Bpos:411.2,Bstd:681.1,StrandBias:0.0,Multiplicity:1.19
0.001	0.001	0.997	0.001
0.001	0.001	0.001	0.997
0.001	0.997	0.001	0.001
0.964	0.034	0.001	0.001
0.880	0.001	0.118	0.001
0.463	0.437	0.001	0.099
0.383	0.156	0.254	0.207
0.216	0.187	0.258	0.339
>ACAAAWWT	9-ACAAAWWT	3.915998	-0.000276	0	T:11920.0(56.19%),B:30405.0(57.57%),P:1e0	Tpos:50.0,Tstd:27.6,Bpos:563.5,Bstd:765.8,StrandBias:0.0,Multiplicity:1.45
0.997	0.001	0.001	0.001
0.001	0.997	0.001	0.001
0.753	0.001	0.001	0.245
0.735	0.001	0.001	0.263
0.646	0.001	0.001	0.352
0.506	0.001	0.001	0.492
0.524	0.001	0.048	0.427
0.248	0.001	0.140	0.611
>AAAAAAAT	10-AAAAAAAT	6.959352	-0.000105	0	T:6625.0(31.23%),B:17232.1(32.63%),P:1e0	Tpos:50.8,Tstd:29.7,Bpos:530.7,Bstd:780.6,StrandBias:-0.0,Multiplicity:1.04
0.997	0.001	0.001	0.001
0.727	0.001	0.001	0.271
0.576	0.001	0.001	0.422
0.841	0.001	0.001	0.157
0.627	0.001	0.001	0.371
0.640	0.001	0.001	0.358
0.706	0.001	0.001	0.292
0.338	0.001	0.001	0.660
>TGACVWAT	11-TGACVWAT	8.077451	-0.000095	0	T:41.0(0.19%),B:185.3(0.35%),P:1e0	Tpos:42.4,Tstd:28.7,Bpos:454.5,Bstd:668.0,StrandBias:0.8,Multiplicity:1.00
0.001	0.001	0.001	0.997
0.001	0.001	0.997	0.001
0.997	0.001	0.001	0.001
0.001	0.997	0.001	0.001
0.266	0.324	0.282	0.128
0.319	0.199	0.088	0.393
0.448	0.116	0.214	0.221
0.075	0.038	0.015	0.872
>TGACNWAK	12-TGACNWAK	7.398492	-0.000052	0	T:136.0(0.64%),B:485.2(0.92%),P:1e0	Tpos:51.1,Tstd:30.4,Bpos:484.1,Bstd:698.5,StrandBias:0.6,Multiplicity:1.00
0.001	0.001	0.001	0.997
0.001	0.001	0.997	0.001
0.997	0.001	0.001	0.001
0.001	0.997	0.001	0.001
0.188	0.305	0.251	0.256
0.387	0.205	0.090	0.318
0.449	0.099	0.298	0.153
0.001	0.196	0.327	0.476
>WTWWGTCA	13-WTWWGTCA	7.941322	-0.000010	0	T:143.0(0.67%),B:522.7(0.99%),P:1e0	Tpos:49.2,Tstd:26.5,Bpos:516.3,Bstd:794.0,StrandBias:-0.5,Multiplicity:1.02
0.516	0.008	0.001	0.475
0.202	0.199	0.043	0.556
0.391	0.041	0.179	0.389
0.387	0.198	0.078	0.337
0.001	0.001	0.997	0.001
0.001	0.001	0.001	0.997
0.001	0.997	0.001	0.001
0.997	0.001	0.001	0.001
>TGACNTNR	14-TGACNTNR	6.907870	-0.000009	0	T:154.0(0.73%),B:556.2(1.05%),P:1e0	Tpos:51.6,Tstd:31.1,Bpos:357.1,Bstd:593.4,StrandBias:-0.1,Multiplicity:1.01
0.039	0.001	0.001	0.959
0.001	0.029	0.969	0.001
0.985	0.001	0.001	0.013
0.001	0.997	0.001	0.001
0.223	0.182	0.273	0.322
0.226	0.127	0.130	0.517
0.254	0.219	0.287	0.240
0.350	0.158	0.314	0.178
>ATAAAAAW	15-ATAAAAAW	8.383066	-0.000000	0	T:1302.0(6.14%),B:5476.0(10.37%),P:1e0	Tpos:49.8,Tstd:32.6,Bpos:531.4,Bstd:679.6,StrandBias:-1.2,Multiplicity:1.00
0.928	0.001	0.001	0.070
0.141	0.001	0.001	0.857
0.659	0.001	0.001	0.339
0.857	0.001	0.001	0.141
0.678	0.001	0.001	0.320
0.816	0.001	0.001	0.182
0.594	0.001	0.001	0.404
0.452	0.001	0.001	0.546
>WHWWAGTC	16-WHWWAGTC	5.118897	-0.000000	0	T:5097.0(24.03%),B:15594.3(29.53%),P:1e0	Tpos:50.5,Tstd:27.4,Bpos:412.4,Bstd:676.8,StrandBias:0.1,Multiplicity:1.11
0.434	0.158	0.117	0.291
0.306	0.223	0.110	0.361
0.401	0.111	0.130	0.358
0.415	0.066	0.131	0.388
0.503	0.217	0.279	0.001
0.001	0.001	0.997	0.001
0.350	0.001	0.001	0.648
0.001	0.965	0.033	0.001
>TGACAAAW	17-TGACAAAW	4.441431	-0.000000	0	T:9112.0(42.95%),B:24099.6(45.63%),P:1e0	Tpos:50.2,Tstd:27.8,Bpos:400.2,Bstd:660.6,StrandBias:-0.0,Multiplicity:1.16
0.001	0.001	0.001	0.997
0.001	0.001	0.997	0.001
0.997	0.001	0.001	0.001
0.001	0.997	0.001	0.001
0.460	0.194	0.156	0.189
0.465	0.161	0.058	0.315
0.477	0.110	0.141	0.272
0.405	0.080	0.088	0.427
>ATAAAAWW	18-ATAAAAWW	8.058808	-0.000000	0	T:937.0(4.42%),B:4646.4(8.80%),P:1e0	Tpos:48.6,Tstd:23.7,Bpos:472.6,Bstd:697.2,StrandBias:-0.6,Multiplicity:1.00
0.906	0.001	0.001	0.092
0.225	0.001	0.001	0.773
0.672	0.001	0.001	0.326
0.836	0.001	0.001	0.162
0.687	0.001	0.001	0.311
0.701	0.001	0.001	0.297
0.523	0.001	0.001	0.475
0.462	0.001	0.001	0.536
>TAATAATW	19-TAATAATW	8.537555	-0.000000	0	T:411.0(1.94%),B:2106.2(3.99%),P:1e0	Tpos:49.7,Tstd:28.2,Bpos:567.2,Bstd:863.1,StrandBias:0.0,Multiplicity:1.00
0.375	0.001	0.001	0.623
0.627	0.001	0.001	0.371
0.997	0.001	0.001	0.001
0.076	0.001	0.001	0.922
0.599	0.001	0.001	0.399
0.997	0.001	0.001	0.001
0.309	0.001	0.001	0.689
0.527	0.001	0.001	0.471
>TGACNWAW	20-TGACNWAW	6.953953	-0.000000	0	T:394.0(1.86%),B:1677.3(3.18%),P:1e0	Tpos:48.8,Tstd:25.7,Bpos:437.5,Bstd:648.4,StrandBias:-0.5,Multiplicity:1.00
0.001	0.001	0.001	0.997
0.001	0.001	0.997	0.001
0.997	0.001	0.001	0.001
0.001	0.997	0.001	0.001
0.286	0.224	0.209	0.281
0.320	0.263	0.001	0.416
0.401	0.191	0.247	0.161
0.339	0.134	0.112	0.415
>AHDDGTCA	21-AHDDGTCA	7.608197	-0.000000	0	T:134.0(0.63%),B:663.7(1.26%),P:1e0	Tpos:49.9,Tstd:25.9,Bpos:574.7,Bstd:766.1,StrandBias:-0.1,Multiplicity:1.01
0.621	0.109	0.016	0.254
0.240	0.231	0.157	0.372
0.370	0.050	0.244	0.337
0.279	0.124	0.232	0.364
0.001	0.001	0.997	0.001
0.001	0.001	0.001	0.997
0.001	0.997	0.001	0.001
0.997	0.001	0.001	0.001
>WAAAAAAW	22-WAAAAAAW	4.810606	-0.000000	0	T:3095.0(14.59%),B:10445.5(19.78%),P:1e0	Tpos:49.7,Tstd:30.3,Bpos:525.6,Bstd:831.4,StrandBias:-0.3,Multiplicity:1.00
0.392	0.148	0.099	0.361
0.461	0.123	0.147	0.269
0.543	0.103	0.092	0.262
0.532	0.121	0.027	0.320
0.532	0.160	0.059	0.249
0.490	0.108	0.103	0.300
0.489	0.117	0.089	0.306
0.450	0.101	0.080	0.369
>WTGTCBHW	23-WTGTCBHW	3.578931	-0.000000	0	T:9557.0(45.05%),B:26005.5(49.24%),P:1e0	Tpos:50.7,Tstd:28.2,Bpos:325.8,Bstd:591.1,StrandBias:-0.0,Multiplicity:1.10
0.519	0.001	0.006	0.474
0.001	0.001	0.001	0.997
0.001	0.001	0.997	0.001
0.139	0.001	0.001	0.859
0.001	0.997	0.001	0.001
0.001	0.282	0.287	0.430
0.329	0.229	0.127	0.316
0.381	0.081	0.125	0.413
>GACAWWWW	24-GACAWWWW	4.931491	-0.000000	0	T:8433.0(39.75%),B:24041.4(45.52%),P:1e0	Tpos:49.7,Tstd:27.9,Bpos:416.9,Bstd:676.7,StrandBias:-0.1,Multiplicity:1.12
0.001	0.001	0.997	0.001
0.575	0.001	0.001	0.423
0.001	0.997	0.001	0.001
0.654	0.067	0.060	0.219
0.351	0.212	0.031	0.407
0.356	0.120	0.162	0.362
0.381	0.107	0.109	0.403
0.317	0.135	0.186	0.362
>WTTTTTWW	25-WTTTTTWW	4.804532	-0.000000	0	T:5256.0(24.77%),B:14698.8(27.83%),P:1e0	Tpos:48.5,Tstd:28.5,Bpos:472.3,Bstd:706.6,StrandBias:-0.4,Multiplicity:1.00
0.353	0.072	0.084	0.492
0.266	0.085	0.103	0.546
0.265	0.078	0.094	0.563
0.201	0.082	0.178	0.539
0.310	0.039	0.129	0.522
0.273	0.087	0.152	0.489
0.317	0.111	0.131	0.442
0.457	0.071	0.130	0.341
