>CACTCGACCG	1-CACTCGACCG	9.706339	-41.299824	0	T:90.0(0.42%),B:49.7(0.09%),P:1e-17	Tpos:50.1,Tstd:27.0,Bpos:251.3,Bstd:345.7,StrandBias:-0.2,Multiplicity:1.23
0.001	0.912	0.001	0.086
0.984	0.001	0.014	0.001
0.001	0.997	0.001	0.001
0.032	0.001	0.001	0.966
0.001	0.997	0.001	0.001
0.015	0.046	0.930	0.009
0.938	0.015	0.046	0.001
0.001	0.926	0.001	0.072
0.008	0.990	0.001	0.001
0.124	0.067	0.568	0.241
>HHARGTCAAC	2-HHARGTCAAC	8.221432	-38.116605	0	T:717.0(3.38%),B:1198.0(2.27%),P:1e-16	Tpos:50.0,Tstd:26.5,Bpos:475.7,Bstd:741.5,StrandBias:-0.1,Multiplicity:1.05
0.295	0.209	0.156	0.341
0.301	0.255	0.143	0.300
0.398	0.133	0.222	0.247
0.453	0.089	0.332	0.126
0.001	0.001	0.997	0.001
0.001	0.001	0.001	0.997
0.001	0.997	0.001	0.001
0.892	0.100	0.001	0.007
0.856	0.011	0.127	0.006
0.295	0.525	0.074	0.106
>NGTTGACTTD	3-NGTTGACTTD	7.532384	-27.302488	0	T:527.0(2.48%),B:889.7(1.68%),P:1e-11	Tpos:49.7,Tstd:26.1,Bpos:405.9,Bstd:756.0,StrandBias:0.4,Multiplicity:1.00
0.330	0.233	0.210	0.227
0.200	0.088	0.472	0.240
0.001	0.146	0.001	0.852
0.102	0.001	0.271	0.626
0.053	0.001	0.877	0.069
0.985	0.005	0.009	0.001
0.108	0.823	0.001	0.068
0.115	0.253	0.106	0.526
0.245	0.218	0.120	0.417
0.323	0.134	0.234	0.310
>NBHCACGTGD	4-NBHCACGTGD	7.788256	-24.390915	0	T:327.0(1.54%),B:506.5(0.96%),P:1e-10	Tpos:48.9,Tstd:27.7,Bpos:338.3,Bstd:594.8,StrandBias:0.1,Multiplicity:1.02
0.252	0.218	0.216	0.314
0.033	0.264	0.412	0.291
0.337	0.303	0.093	0.267
0.047	0.819	0.069	0.065
0.705	0.018	0.233	0.044
0.050	0.826	0.034	0.090
0.116	0.024	0.779	0.081
0.042	0.078	0.023	0.857
0.073	0.080	0.772	0.075
0.277	0.052	0.336	0.335
>AGAGAGAGAG	5-AGAGAGAGAG	8.845871	-17.654108	0	T:587.0(2.77%),B:1102.7(2.09%),P:1e-7	Tpos:48.3,Tstd:26.2,Bpos:224.8,Bstd:436.6,StrandBias:-0.2,Multiplicity:1.09
0.540	0.033	0.177	0.250
0.205	0.061	0.639	0.095
0.692	0.001	0.001	0.306
0.057	0.090	0.852	0.001
0.670	0.001	0.001	0.328
0.085	0.001	0.913	0.001
0.606	0.001	0.001	0.392
0.172	0.186	0.615	0.027
0.527	0.001	0.185	0.287
0.271	0.166	0.510	0.053
>GAGAGAGAGA	6-GAGAGAGAGA	9.624581	-15.021742	0	T:520.0(2.45%),B:985.9(1.87%),P:1e-6	Tpos:52.8,Tstd:26.9,Bpos:278.4,Bstd:578.7,StrandBias:0.1,Multiplicity:1.02
0.262	0.051	0.612	0.075
0.722	0.027	0.101	0.150
0.175	0.052	0.701	0.072
0.732	0.006	0.001	0.261
0.140	0.091	0.742	0.027
0.870	0.004	0.001	0.125
0.148	0.061	0.777	0.014
0.709	0.001	0.006	0.284
0.069	0.146	0.682	0.103
0.613	0.060	0.109	0.218
>AGTCAAHDNK	7-AGTCAAHDNK	9.229751	-14.425103	0	T:144.0(0.68%),B:208.4(0.39%),P:1e-6	Tpos:54.2,Tstd:25.7,Bpos:395.0,Bstd:724.3,StrandBias:0.1,Multiplicity:1.00
0.839	0.001	0.159	0.001
0.001	0.001	0.997	0.001
0.001	0.001	0.001	0.997
0.001	0.997	0.001	0.001
0.997	0.001	0.001	0.001
0.997	0.001	0.001	0.001
0.306	0.414	0.001	0.279
0.264	0.120	0.288	0.328
0.168	0.228	0.304	0.299
0.184	0.164	0.272	0.380
>TCTCWCTCTC	8-TCTCWCTCTC	7.895307	-13.587447	0	T:508.0(2.39%),B:975.2(1.85%),P:1e-5	Tpos:56.1,Tstd:26.8,Bpos:275.9,Bstd:542.0,StrandBias:-0.4,Multiplicity:1.01
0.254	0.226	0.079	0.441
0.110	0.476	0.227	0.187
0.354	0.062	0.019	0.565
0.016	0.727	0.041	0.216
0.448	0.001	0.001	0.550
0.001	0.749	0.091	0.159
0.389	0.001	0.001	0.609
0.027	0.667	0.119	0.187
0.345	0.072	0.012	0.571
0.167	0.496	0.084	0.253
>GAGAGAGAGA	9-GAGAGAGAGA	12.871994	-12.972628	0	T:389.0(1.83%),B:723.9(1.37%),P:1e-5	Tpos:49.7,Tstd:26.6,Bpos:292.8,Bstd:565.5,StrandBias:0.2,Multiplicity:1.00
0.157	0.062	0.709	0.072
0.951	0.001	0.010	0.038
0.026	0.003	0.949	0.022
0.962	0.001	0.001	0.036
0.016	0.001	0.972	0.011
0.957	0.001	0.001	0.041
0.019	0.001	0.965	0.015
0.931	0.001	0.006	0.062
0.163	0.014	0.809	0.014
0.892	0.027	0.048	0.033
>GAGAGAGAGA	10-GAGAGAGAGA	9.388329	-12.207125	0	T:476.0(2.24%),B:921.8(1.75%),P:1e-5	Tpos:60.0,Tstd:29.4,Bpos:267.2,Bstd:741.2,StrandBias:-0.3,Multiplicity:1.00
0.255	0.056	0.606	0.083
0.601	0.022	0.112	0.265
0.115	0.023	0.825	0.037
0.663	0.001	0.001	0.335
0.035	0.019	0.945	0.001
0.632	0.001	0.001	0.366
0.082	0.030	0.870	0.018
0.677	0.001	0.037	0.285
0.164	0.145	0.609	0.082
0.494	0.062	0.177	0.267
>AGTCAACNAH	11-AGTCAACNAH	9.516102	-11.642927	0	T:437.0(2.06%),B:842.2(1.59%),P:1e-5	Tpos:52.4,Tstd:27.1,Bpos:450.6,Bstd:717.6,StrandBias:0.2,Multiplicity:1.01
0.900	0.001	0.086	0.013
0.001	0.001	0.997	0.001
0.001	0.001	0.001	0.997
0.001	0.997	0.001	0.001
0.997	0.001	0.001	0.001
0.997	0.001	0.001	0.001
0.418	0.580	0.001	0.001
0.249	0.197	0.207	0.347
0.434	0.217	0.109	0.241
0.349	0.233	0.111	0.307
>AGAGAGAGAG	12-AGAGAGAGAG	8.747741	-11.019482	0	T:713.0(3.36%),B:1468.6(2.78%),P:1e-4	Tpos:55.2,Tstd:22.9,Bpos:375.7,Bstd:617.4,StrandBias:-1.4,Multiplicity:1.00
0.569	0.023	0.121	0.287
0.195	0.068	0.665	0.072
0.781	0.001	0.002	0.216
0.112	0.079	0.777	0.032
0.796	0.001	0.001	0.202
0.097	0.015	0.872	0.016
0.653	0.001	0.001	0.345
0.159	0.131	0.647	0.063
0.584	0.036	0.141	0.239
0.226	0.118	0.573	0.083
>GAGAGAGAGA	13-GAGAGAGAGA	9.079515	-10.953488	0	T:683.0(3.22%),B:1401.4(2.65%),P:1e-4	Tpos:48.8,Tstd:27.8,Bpos:381.5,Bstd:629.7,StrandBias:0.2,Multiplicity:1.00
0.296	0.075	0.543	0.086
0.577	0.009	0.129	0.285
0.157	0.054	0.788	0.001
0.753	0.001	0.001	0.245
0.090	0.046	0.863	0.001
0.725	0.001	0.001	0.273
0.107	0.030	0.848	0.015
0.654	0.025	0.001	0.320
0.111	0.093	0.719	0.077
0.670	0.040	0.150	0.140
>TGGGNCCCAC	14-TGGGNCCCAC	8.288590	-10.739304	0	T:56.0(0.26%),B:64.5(0.12%),P:1e-4	Tpos:47.7,Tstd:27.4,Bpos:590.7,Bstd:851.4,StrandBias:0.0,Multiplicity:1.02
0.138	0.136	0.092	0.634
0.229	0.001	0.627	0.143
0.161	0.066	0.759	0.014
0.147	0.012	0.813	0.028
0.193	0.303	0.286	0.219
0.011	0.867	0.001	0.121
0.159	0.726	0.001	0.114
0.178	0.574	0.111	0.137
0.909	0.001	0.001	0.089
0.075	0.531	0.039	0.355
>GAGAGAGAGA	15-GAGAGAGAGA	11.026652	-10.324495	0	T:432.0(2.04%),B:847.1(1.60%),P:1e-4	Tpos:44.0,Tstd:25.1,Bpos:314.1,Bstd:682.3,StrandBias:-0.7,Multiplicity:1.00
0.011	0.109	0.755	0.125
0.883	0.012	0.011	0.094
0.080	0.006	0.875	0.039
0.981	0.005	0.006	0.008
0.036	0.005	0.940	0.019
0.961	0.003	0.020	0.016
0.047	0.001	0.921	0.031
0.959	0.020	0.017	0.004
0.177	0.034	0.676	0.113
0.591	0.154	0.190	0.065
>AGAGAGAGAG	16-AGAGAGAGAG	9.541936	-9.968562	0	T:524.0(2.47%),B:1057.0(2.00%),P:1e-4	Tpos:42.2,Tstd:31.6,Bpos:252.7,Bstd:524.7,StrandBias:0.2,Multiplicity:1.04
0.534	0.017	0.217	0.232
0.193	0.045	0.704	0.058
0.722	0.001	0.011	0.266
0.050	0.099	0.821	0.030
0.791	0.001	0.001	0.207
0.093	0.006	0.879	0.022
0.706	0.001	0.001	0.292
0.134	0.142	0.697	0.027
0.604	0.027	0.051	0.318
0.135	0.127	0.710	0.028
>AGAGAGAGAG	17-AGAGAGAGAG	8.769254	-9.014042	0	T:565.0(2.66%),B:1164.3(2.20%),P:1e-3	Tpos:51.8,Tstd:23.6,Bpos:340.8,Bstd:616.1,StrandBias:0.8,Multiplicity:1.00
0.445	0.054	0.211	0.289
0.326	0.076	0.499	0.100
0.527	0.097	0.096	0.280
0.078	0.039	0.698	0.185
0.614	0.133	0.041	0.212
0.071	0.015	0.893	0.021
0.644	0.013	0.016	0.327
0.061	0.065	0.849	0.025
0.588	0.015	0.018	0.379
0.067	0.082	0.802	0.049
>TCTCTCTCTC	18-TCTCTCTCTC	9.602575	-8.394923	0	T:614.0(2.89%),B:1286.6(2.44%),P:1e-3	Tpos:50.6,Tstd:25.2,Bpos:275.9,Bstd:478.2,StrandBias:-0.2,Multiplicity:1.04
0.188	0.103	0.053	0.656
0.100	0.614	0.104	0.182
0.139	0.010	0.004	0.847
0.001	0.781	0.011	0.207
0.059	0.040	0.003	0.898
0.018	0.698	0.003	0.281
0.115	0.049	0.001	0.835
0.026	0.662	0.052	0.260
0.134	0.125	0.031	0.710
0.142	0.535	0.056	0.267
>NTCCACGTSA	19-NTCCACGTSA	8.087191	-7.633831	0	T:454.0(2.14%),B:934.2(1.77%),P:1e-3	Tpos:51.3,Tstd:26.4,Bpos:429.7,Bstd:683.2,StrandBias:-0.1,Multiplicity:1.01
0.271	0.171	0.246	0.312
0.172	0.204	0.195	0.429
0.288	0.440	0.001	0.272
0.107	0.858	0.034	0.001
0.997	0.001	0.001	0.001
0.193	0.805	0.001	0.001
0.001	0.001	0.997	0.001
0.001	0.001	0.001	0.997
0.001	0.452	0.546	0.001
0.475	0.001	0.281	0.243
>GAGAGAGAGA	20-GAGAGAGAGA	8.520573	-6.338439	0	T:834.0(3.93%),B:1839.1(3.48%),P:1e-2	Tpos:53.3,Tstd:25.6,Bpos:312.0,Bstd:570.6,StrandBias:-0.4,Multiplicity:1.04
0.273	0.081	0.547	0.099
0.629	0.012	0.130	0.229
0.290	0.057	0.642	0.011
0.728	0.021	0.007	0.244
0.185	0.054	0.760	0.001
0.766	0.012	0.001	0.221
0.134	0.042	0.815	0.009
0.680	0.020	0.039	0.261
0.174	0.192	0.564	0.070
0.530	0.071	0.174	0.225
>NKHCACGTSA	21-NKHCACGTSA	7.819749	-5.347563	0	T:36.0(0.17%),B:49.4(0.09%),P:1e-2	Tpos:50.9,Tstd:21.0,Bpos:471.5,Bstd:733.2,StrandBias:1.0,Multiplicity:1.00
0.296	0.199	0.183	0.322
0.202	0.179	0.362	0.258
0.297	0.267	0.053	0.383
0.195	0.498	0.199	0.109
0.987	0.001	0.011	0.001
0.329	0.611	0.013	0.047
0.103	0.025	0.753	0.119
0.001	0.001	0.001	0.997
0.050	0.436	0.485	0.029
0.529	0.054	0.250	0.167
>TTGACTTNDH	22-TTGACTTNDH	9.379260	-4.671181	0	T:288.0(1.36%),B:604.1(1.14%),P:1e-2	Tpos:49.0,Tstd:24.7,Bpos:436.5,Bstd:678.5,StrandBias:0.2,Multiplicity:1.00
0.001	0.001	0.001	0.997
0.001	0.001	0.001	0.997
0.001	0.001	0.997	0.001
0.997	0.001	0.001	0.001
0.001	0.997	0.001	0.001
0.001	0.066	0.001	0.932
0.247	0.193	0.001	0.559
0.259	0.284	0.294	0.163
0.235	0.190	0.223	0.353
0.352	0.212	0.176	0.259
>NHCAMGTCAA	23-NHCAMGTCAA	8.703430	-2.105536	0	T:14.0(0.07%),B:22.6(0.04%),P:1e0	Tpos:48.3,Tstd:27.4,Bpos:395.3,Bstd:671.1,StrandBias:-1.0,Multiplicity:1.07
0.217	0.220	0.219	0.344
0.393	0.318	0.002	0.288
0.307	0.527	0.054	0.112
0.892	0.001	0.082	0.025
0.395	0.541	0.001	0.063
0.090	0.075	0.708	0.127
0.001	0.001	0.001	0.997
0.117	0.727	0.147	0.009
0.925	0.001	0.033	0.041
0.435	0.198	0.140	0.227
>NKNKAGTCAA	24-NKNKAGTCAA	9.230025	-0.164132	0	T:102.0(0.48%),B:284.6(0.54%),P:1e0	Tpos:52.2,Tstd:26.1,Bpos:540.5,Bstd:811.9,StrandBias:-0.1,Multiplicity:1.00
0.273	0.229	0.248	0.249
0.123	0.189	0.297	0.391
0.249	0.181	0.240	0.330
0.238	0.001	0.435	0.326
0.886	0.001	0.112	0.001
0.001	0.001	0.997	0.001
0.001	0.001	0.001	0.997
0.001	0.997	0.001	0.001
0.997	0.001	0.001	0.001
0.997	0.001	0.001	0.001
>CTCTTTTTCT	25-CTCTTTTTCT	10.830724	-0.019943	0	T:67.0(0.32%),B:219.5(0.42%),P:1e0	Tpos:52.2,Tstd:26.9,Bpos:442.5,Bstd:684.6,StrandBias:-0.4,Multiplicity:1.00
0.064	0.618	0.152	0.166
0.137	0.001	0.071	0.791
0.017	0.729	0.053	0.201
0.031	0.001	0.055	0.913
0.100	0.366	0.001	0.533
0.001	0.125	0.001	0.873
0.001	0.349	0.001	0.649
0.001	0.102	0.033	0.864
0.186	0.622	0.001	0.191
0.036	0.001	0.050	0.913
>HCACTCGACCWC	1-HCACTCGACCWC	10.466511	-51.425766	0	T:102.0(0.48%),B:49.9(0.09%),P:1e-22	Tpos:48.6,Tstd:25.4,Bpos:339.1,Bstd:641.8,StrandBias:-0.1,Multiplicity:1.29
0.252	0.292	0.060	0.396
0.001	0.648	0.001	0.350
0.997	0.001	0.001	0.001
0.001	0.997	0.001	0.001
0.019	0.001	0.038	0.942
0.001	0.980	0.001	0.018
0.154	0.001	0.788	0.057
0.786	0.001	0.212	0.001
0.001	0.739	0.025	0.235
0.001	0.669	0.057	0.273
0.388	0.136	0.215	0.261
0.001	0.748	0.001	0.250
>NHWWAAGTCAAM	2-NHWWAAGTCAAM	9.344672	-33.122566	0	T:997.0(4.70%),B:1829.2(3.46%),P:1e-14	Tpos:49.8,Tstd:25.8,Bpos:490.5,Bstd:744.4,StrandBias:-0.1,Multiplicity:1.06
0.325	0.201	0.176	0.297
0.332	0.224	0.142	0.302
0.416	0.231	0.054	0.300
0.409	0.167	0.147	0.277
0.573	0.001	0.175	0.251
0.992	0.006	0.001	0.001
0.001	0.001	0.997	0.001
0.001	0.001	0.001	0.997
0.001	0.997	0.001	0.001
0.997	0.001	0.001	0.001
0.967	0.007	0.025	0.001
0.391	0.457	0.001	0.150
>GAGAGAGAGAAR	3-GAGAGAGAGAAR	11.628886	-19.011645	0	T:363.0(1.71%),B:616.0(1.17%),P:1e-8	Tpos:53.1,Tstd:25.9,Bpos:308.1,Bstd:545.0,StrandBias:0.8,Multiplicity:1.02
0.223	0.058	0.638	0.081
0.891	0.024	0.033	0.052
0.218	0.025	0.723	0.034
0.933	0.008	0.009	0.050
0.173	0.026	0.786	0.015
0.922	0.010	0.019	0.049
0.206	0.019	0.753	0.022
0.877	0.011	0.019	0.093
0.240	0.076	0.638	0.046
0.787	0.016	0.133	0.064
0.496	0.057	0.337	0.110
0.445	0.015	0.419	0.122
>GTGTCGATCGAC	4-GTGTCGATCGAC	12.217109	-18.857161	0	T:23.0(0.11%),B:5.3(0.01%),P:1e-8	Tpos:53.7,Tstd:24.4,Bpos:959.3,Bstd:585.6,StrandBias:-0.1,Multiplicity:1.39
0.021	0.021	0.937	0.021
0.001	0.001	0.001	0.997
0.020	0.001	0.978	0.001
0.001	0.001	0.001	0.997
0.001	0.938	0.020	0.041
0.061	0.001	0.937	0.001
0.938	0.020	0.041	0.001
0.001	0.041	0.020	0.938
0.020	0.917	0.001	0.062
0.044	0.001	0.954	0.001
0.978	0.001	0.001	0.020
0.001	0.978	0.001	0.020
>GAGAGAGAGAGA	5-GAGAGAGAGAGA	10.783621	-17.786905	0	T:512.0(2.41%),B:939.6(1.78%),P:1e-7	Tpos:51.8,Tstd:25.9,Bpos:293.0,Bstd:544.8,StrandBias:0.3,Multiplicity:1.04
0.203	0.067	0.586	0.144
0.714	0.048	0.122	0.116
0.141	0.041	0.707	0.111
0.855	0.014	0.036	0.095
0.131	0.046	0.769	0.054
0.893	0.005	0.019	0.083
0.134	0.035	0.774	0.057
0.836	0.003	0.050	0.111
0.152	0.056	0.711	0.081
0.799	0.011	0.053	0.137
0.187	0.058	0.664	0.091
0.695	0.029	0.135	0.141
>AGAGAGAGAGAG	6-AGAGAGAGAGAG	11.670117	-17.389004	0	T:320.0(1.51%),B:539.1(1.02%),P:1e-7	Tpos:47.5,Tstd:25.9,Bpos:216.8,Bstd:420.4,StrandBias:-0.2,Multiplicity:1.05
0.687	0.068	0.132	0.113
0.193	0.076	0.639	0.092
0.813	0.007	0.066	0.114
0.187	0.065	0.707	0.041
0.841	0.005	0.040	0.114
0.126	0.030	0.829	0.015
0.852	0.005	0.037	0.106
0.169	0.032	0.741	0.058
0.778	0.009	0.072	0.141
0.178	0.058	0.663	0.101
0.735	0.018	0.124	0.123
0.181	0.088	0.617	0.114
>WGAGAGAGAGAG	7-WGAGAGAGAGAG	10.581497	-14.562771	0	T:497.0(2.34%),B:940.1(1.78%),P:1e-6	Tpos:49.9,Tstd:27.7,Bpos:309.5,Bstd:580.6,StrandBias:-0.0,Multiplicity:1.00
0.492	0.050	0.092	0.365
0.167	0.074	0.622	0.137
0.776	0.024	0.076	0.124
0.163	0.068	0.700	0.069
0.795	0.030	0.049	0.126
0.148	0.061	0.742	0.049
0.859	0.013	0.028	0.100
0.144	0.059	0.735	0.062
0.837	0.013	0.021	0.129
0.146	0.076	0.680	0.098
0.748	0.021	0.100	0.131
0.184	0.082	0.613	0.121
>DNNHCACGTGDN	8-DNNHCACGTGDN	8.567020	-13.019391	0	T:446.0(2.10%),B:847.0(1.60%),P:1e-5	Tpos:49.1,Tstd:26.2,Bpos:406.2,Bstd:649.3,StrandBias:-0.0,Multiplicity:1.03
0.313	0.164	0.192	0.331
0.274	0.207	0.186	0.333
0.270	0.228	0.215	0.287
0.323	0.252	0.152	0.273
0.001	0.934	0.064	0.001
0.946	0.001	0.046	0.007
0.001	0.997	0.001	0.001
0.001	0.001	0.997	0.001
0.001	0.009	0.001	0.989
0.001	0.036	0.962	0.001
0.281	0.107	0.293	0.320
0.256	0.325	0.196	0.224
>AAGTCAAAGTCA	9-AAGTCAAAGTCA	12.132305	-8.245253	0	T:22.0(0.10%),B:17.9(0.03%),P:1e-3	Tpos:51.2,Tstd:28.7,Bpos:128.6,Bstd:83.3,StrandBias:0.5,Multiplicity:1.00
0.801	0.061	0.067	0.071
0.812	0.063	0.020	0.105
0.050	0.034	0.844	0.072
0.054	0.059	0.020	0.867
0.054	0.816	0.078	0.052
0.816	0.057	0.057	0.070
0.878	0.033	0.045	0.044
0.806	0.084	0.030	0.080
0.068	0.054	0.790	0.088
0.057	0.026	0.050	0.867
0.044	0.831	0.055	0.070
0.874	0.020	0.040	0.066
>TTTTCTCTCTCT	10-TTTTCTCTCTCT	11.399282	-7.580435	0	T:157.0(0.74%),B:279.1(0.53%),P:1e-3	Tpos:53.5,Tstd:27.1,Bpos:479.9,Bstd:829.4,StrandBias:0.4,Multiplicity:1.00
0.104	0.119	0.076	0.701
0.085	0.104	0.059	0.752
0.086	0.130	0.087	0.697
0.071	0.077	0.064	0.788
0.076	0.710	0.093	0.121
0.082	0.067	0.049	0.802
0.073	0.743	0.072	0.112
0.084	0.068	0.047	0.801
0.078	0.725	0.080	0.117
0.088	0.066	0.054	0.792
0.082	0.731	0.076	0.111
0.097	0.077	0.068	0.758
>NHCACGTCANNN	11-NHCACGTCANNN	8.264867	-5.477223	0	T:167.0(0.79%),B:321.4(0.61%),P:1e-2	Tpos:51.3,Tstd:27.0,Bpos:390.8,Bstd:638.2,StrandBias:0.1,Multiplicity:1.01
0.234	0.222	0.274	0.270
0.299	0.263	0.125	0.313
0.071	0.811	0.061	0.057
0.791	0.020	0.143	0.046
0.094	0.795	0.035	0.076
0.067	0.043	0.805	0.085
0.032	0.241	0.020	0.707
0.062	0.819	0.060	0.059
0.775	0.024	0.163	0.038
0.247	0.268	0.184	0.301
0.237	0.299	0.190	0.274
0.302	0.193	0.196	0.309
>AARAGAGAGAGA	12-AARAGAGAGAGA	11.976467	-5.253843	0	T:154.0(0.73%),B:295.4(0.56%),P:1e-2	Tpos:52.6,Tstd:30.4,Bpos:177.0,Bstd:341.0,StrandBias:-1.0,Multiplicity:1.00
0.627	0.026	0.236	0.111
0.478	0.097	0.307	0.119
0.440	0.105	0.328	0.126
0.711	0.001	0.147	0.141
0.332	0.047	0.614	0.007
0.903	0.001	0.042	0.054
0.287	0.021	0.676	0.016
0.965	0.007	0.001	0.027
0.276	0.009	0.702	0.013
0.866	0.001	0.021	0.112
0.046	0.018	0.921	0.015
0.777	0.004	0.085	0.134
>TTTTTTTTTTTT	13-TTTTTTTTTTTT	9.899238	-0.000000	0	T:921.0(4.34%),B:4257.1(8.06%),P:1e0	Tpos:52.3,Tstd:30.6,Bpos:549.1,Bstd:843.7,StrandBias:0.0,Multiplicity:1.00
0.161	0.133	0.048	0.658
0.118	0.163	0.043	0.676
0.091	0.119	0.041	0.749
0.043	0.176	0.048	0.733
0.039	0.151	0.041	0.769
0.044	0.140	0.045	0.771
0.035	0.159	0.002	0.804
0.065	0.166	0.019	0.750
0.101	0.122	0.030	0.747
0.127	0.159	0.050	0.664
0.154	0.161	0.033	0.652
0.166	0.142	0.050	0.642
>TTTTTTTTTTTT	14-TTTTTTTTTTTT	8.509190	-0.000000	0	T:939.0(4.43%),B:4410.3(8.35%),P:1e0	Tpos:44.6,Tstd:32.4,Bpos:520.3,Bstd:917.6,StrandBias:-1.0,Multiplicity:1.00
0.200	0.191	0.070	0.539
0.146	0.217	0.072	0.565
0.138	0.186	0.071	0.605
0.115	0.212	0.068	0.605
0.082	0.201	0.064	0.653
0.080	0.187	0.067	0.666
0.080	0.202	0.059	0.659
0.086	0.216	0.054	0.644
0.095	0.182	0.069	0.654
0.164	0.207	0.066	0.563
0.188	0.193	0.069	0.550
0.213	0.193	0.072	0.522
>TTTTTTTTTTTT	15-TTTTTTTTTTTT	9.530501	-0.000000	0	T:785.0(3.70%),B:3749.3(7.10%),P:1e0	Tpos:58.0,Tstd:25.2,Bpos:728.3,Bstd:1028.0,StrandBias:1.6,Multiplicity:1.00
0.178	0.167	0.069	0.586
0.120	0.205	0.065	0.610
0.104	0.162	0.063	0.671
0.078	0.176	0.063	0.683
0.067	0.164	0.049	0.720
0.055	0.160	0.044	0.741
0.061	0.165	0.024	0.750
0.102	0.198	0.038	0.662
0.136	0.144	0.048	0.672
0.151	0.184	0.074	0.591
0.177	0.195	0.062	0.566
0.198	0.181	0.078	0.543
>AAARAAAAARAR	16-AAARAAAAARAR	8.453661	-0.000000	0	T:3357.0(15.82%),B:10463.2(19.81%),P:1e0	Tpos:48.6,Tstd:27.0,Bpos:478.4,Bstd:719.1,StrandBias:0.0,Multiplicity:1.12
0.690	0.006	0.170	0.134
0.574	0.018	0.313	0.095
0.918	0.001	0.002	0.079
0.442	0.038	0.387	0.133
0.760	0.073	0.147	0.020
0.601	0.066	0.297	0.036
0.718	0.042	0.231	0.009
0.595	0.050	0.290	0.065
0.834	0.001	0.048	0.117
0.473	0.087	0.433	0.006
0.839	0.013	0.145	0.003
0.450	0.074	0.416	0.060
>TTTTTTTTTTTT	17-TTTTTTTTTTTT	10.274639	-0.000000	0	T:557.0(2.63%),B:2885.1(5.46%),P:1e0	Tpos:94.0,Tstd:0.0,Bpos:16.0,Bstd:18.9,StrandBias:-10.0,Multiplicity:1.00
0.184	0.163	0.064	0.589
0.142	0.192	0.068	0.598
0.122	0.157	0.061	0.660
0.081	0.187	0.060	0.672
0.083	0.170	0.042	0.705
0.054	0.156	0.048	0.742
0.062	0.172	0.019	0.747
0.087	0.186	0.030	0.697
0.111	0.140	0.052	0.697
0.137	0.185	0.063	0.615
0.168	0.180	0.063	0.589
0.199	0.155	0.068	0.578
>TTTTTTTTTTTT	18-TTTTTTTTTTTT	9.329464	-0.000000	0	T:889.0(4.19%),B:4213.8(7.98%),P:1e0	Tpos:46.0,Tstd:29.7,Bpos:548.2,Bstd:745.1,StrandBias:-0.3,Multiplicity:1.00
0.191	0.147	0.081	0.581
0.146	0.212	0.072	0.570
0.126	0.119	0.068	0.687
0.089	0.194	0.057	0.660
0.088	0.165	0.051	0.696
0.055	0.139	0.061	0.745
0.061	0.160	0.032	0.747
0.099	0.202	0.037	0.662
0.100	0.112	0.054	0.734
0.139	0.187	0.071	0.603
0.161	0.179	0.081	0.579
0.207	0.154	0.101	0.538
>AAAAAAAAAAAA	19-AAAAAAAAAAAA	9.410444	-0.000000	0	T:852.0(4.02%),B:4039.7(7.65%),P:1e0	Tpos:57.8,Tstd:32.6,Bpos:577.1,Bstd:784.6,StrandBias:0.8,Multiplicity:1.00
0.552	0.067	0.177	0.204
0.598	0.057	0.187	0.158
0.646	0.053	0.186	0.115
0.703	0.048	0.161	0.088
0.719	0.017	0.176	0.088
0.782	0.015	0.174	0.029
0.743	0.030	0.174	0.053
0.696	0.044	0.188	0.072
0.660	0.060	0.186	0.094
0.631	0.065	0.176	0.128
0.588	0.070	0.196	0.146
0.562	0.071	0.185	0.182
>AAAAAAAAAAAA	20-AAAAAAAAAAAA	10.169880	-0.000000	0	T:569.0(2.68%),B:2942.9(5.57%),P:1e0	Tpos:60.3,Tstd:31.1,Bpos:668.0,Bstd:740.4,StrandBias:-0.3,Multiplicity:1.00
0.572	0.066	0.169	0.193
0.597	0.067	0.182	0.154
0.642	0.063	0.174	0.121
0.709	0.055	0.140	0.096
0.717	0.017	0.172	0.094
0.750	0.015	0.176	0.059
0.764	0.044	0.145	0.047
0.682	0.049	0.183	0.086
0.645	0.061	0.183	0.111
0.637	0.072	0.161	0.130
0.574	0.079	0.192	0.155
0.561	0.074	0.173	0.192
>TTTTTTTTTTTT	21-TTTTTTTTTTTT	10.292964	-0.000000	0	T:927.0(4.37%),B:4381.8(8.30%),P:1e0	Tpos:38.3,Tstd:19.4,Bpos:545.6,Bstd:808.2,StrandBias:-0.4,Multiplicity:1.00
0.203	0.129	0.073	0.595
0.154	0.180	0.087	0.579
0.130	0.121	0.061	0.688
0.093	0.190	0.059	0.658
0.087	0.105	0.058	0.750
0.053	0.103	0.041	0.803
0.032	0.136	0.011	0.821
0.058	0.115	0.013	0.814
0.070	0.078	0.019	0.833
0.079	0.133	0.066	0.722
0.092	0.113	0.058	0.737
0.116	0.118	0.069	0.697
>TTTTTTTTTTTT	22-TTTTTTTTTTTT	9.754364	-0.000000	0	T:943.0(4.44%),B:4398.1(8.33%),P:1e0	Tpos:53.2,Tstd:25.3,Bpos:603.9,Bstd:812.6,StrandBias:0.8,Multiplicity:1.00
0.140	0.102	0.059	0.699
0.107	0.171	0.060	0.662
0.098	0.114	0.042	0.746
0.056	0.152	0.055	0.737
0.081	0.115	0.032	0.772
0.082	0.134	0.047	0.737
0.116	0.126	0.041	0.717
0.133	0.145	0.043	0.679
0.145	0.113	0.062	0.680
0.177	0.158	0.075	0.590
0.181	0.150	0.085	0.584
0.194	0.147	0.100	0.559
>AAAAAAAAAAAA	23-AAAAAAAAAAAA	10.065212	-0.000000	0	T:858.0(4.04%),B:4058.6(7.69%),P:1e0	Tpos:64.3,Tstd:24.4,Bpos:555.2,Bstd:770.3,StrandBias:-0.4,Multiplicity:1.00
0.602	0.091	0.152	0.155
0.629	0.082	0.148	0.141
0.634	0.069	0.152	0.145
0.683	0.060	0.134	0.123
0.691	0.028	0.157	0.124
0.766	0.032	0.170	0.032
0.788	0.029	0.158	0.025
0.751	0.043	0.163	0.043
0.754	0.031	0.176	0.039
0.678	0.057	0.148	0.117
0.654	0.045	0.169	0.132
0.626	0.085	0.140	0.149
>TTTTTTTTTTTT	24-TTTTTTTTTTTT	9.813013	-0.000000	0	T:816.0(3.85%),B:3939.4(7.46%),P:1e0	Tpos:42.8,Tstd:22.3,Bpos:541.9,Bstd:710.0,StrandBias:2.8,Multiplicity:1.00
0.177	0.175	0.082	0.566
0.162	0.185	0.080	0.573
0.129	0.161	0.067	0.643
0.098	0.179	0.066	0.657
0.088	0.179	0.053	0.680
0.050	0.151	0.033	0.766
0.051	0.165	0.019	0.765
0.087	0.147	0.015	0.751
0.090	0.120	0.037	0.753
0.107	0.163	0.059	0.671
0.136	0.166	0.062	0.636
0.180	0.164	0.064	0.592
>AAAAAAAAAAAA	25-AAAAAAAAAAAA	9.305056	-0.000000	0	T:865.0(4.08%),B:4133.3(7.83%),P:1e0	Tpos:52.5,Tstd:17.5,Bpos:492.8,Bstd:927.7,StrandBias:10.0,Multiplicity:1.00
0.579	0.057	0.173	0.191
0.601	0.050	0.198	0.151
0.667	0.058	0.195	0.080
0.743	0.049	0.143	0.065
0.746	0.017	0.174	0.063
0.742	0.018	0.182	0.058
0.740	0.032	0.172	0.056
0.668	0.052	0.198	0.082
0.640	0.058	0.187	0.115
0.611	0.060	0.178	0.151
0.577	0.070	0.193	0.160
0.555	0.076	0.185	0.184
>YAAAWWAW	1-YAAAWWAW	4.431024	-62.552476	0	T:14214.0(67.00%),B:33146.2(62.77%),P:1e-27	Tpos:49.8,Tstd:27.8,Bpos:596.0,Bstd:792.7,StrandBias:0.0,Multiplicity:1.68
0.001	0.471	0.001	0.527
0.688	0.001	0.001	0.310
0.610	0.001	0.001	0.388
0.886	0.001	0.001	0.112
0.566	0.001	0.001	0.432
0.457	0.001	0.001	0.541
0.583	0.001	0.001	0.415
0.384	0.001	0.210	0.405
>NKTTGACT	2-NKTTGACT	8.207169	-42.641578	0	T:719.0(3.39%),B:1170.3(2.22%),P:1e-18	Tpos:51.2,Tstd:26.1,Bpos:416.1,Bstd:715.6,StrandBias:-0.1,Multiplicity:1.06
0.272	0.293	0.162	0.273
0.110	0.009	0.508	0.373
0.022	0.097	0.001	0.880
0.039	0.033	0.106	0.822
0.030	0.005	0.951	0.014
0.944	0.008	0.038	0.010
0.056	0.942	0.001	0.001
0.137	0.174	0.027	0.662
>AAGTCAAM	3-AAGTCAAM	8.333425	-34.813017	0	T:1161.0(5.47%),B:2166.9(4.10%),P:1e-15	Tpos:48.6,Tstd:27.4,Bpos:473.5,Bstd:756.6,StrandBias:-0.2,Multiplicity:1.02
0.773	0.001	0.078	0.148
0.799	0.027	0.173	0.001
0.001	0.001	0.997	0.001
0.001	0.001	0.001	0.997
0.001	0.997	0.001	0.001
0.997	0.001	0.001	0.001
0.997	0.001	0.001	0.001
0.453	0.545	0.001	0.001
>GHCACGTG	4-GHCACGTG	7.912280	-20.541432	0	T:424.0(2.00%),B:729.1(1.38%),P:1e-8	Tpos:49.4,Tstd:27.5,Bpos:353.3,Bstd:633.1,StrandBias:0.2,Multiplicity:1.05
0.126	0.204	0.437	0.233
0.334	0.310	0.135	0.220
0.014	0.874	0.043	0.069
0.871	0.007	0.121	0.001
0.001	0.915	0.033	0.051
0.060	0.026	0.902	0.012
0.001	0.101	0.001	0.897
0.095	0.096	0.769	0.040
>GAGAGAGA	5-GAGAGAGA	8.236954	-3.908529	0	T:920.0(4.34%),B:2113.9(4.00%),P:1e-1	Tpos:51.1,Tstd:28.4,Bpos:275.4,Bstd:513.7,StrandBias:0.1,Multiplicity:1.02
0.100	0.100	0.700	0.100
0.700	0.100	0.100	0.100
0.100	0.100	0.700	0.100
0.700	0.100	0.100	0.100
0.100	0.100	0.700	0.100
0.700	0.100	0.100	0.100
0.100	0.100	0.700	0.100
0.700	0.100	0.100	0.100
>CTCWCTCT	6-CTCWCTCT	7.685745	-1.340011	0	T:989.0(4.66%),B:2403.4(4.55%),P:1e0	Tpos:49.1,Tstd:26.7,Bpos:243.9,Bstd:475.7,StrandBias:0.1,Multiplicity:1.15
0.031	0.582	0.150	0.237
0.313	0.060	0.049	0.578
0.001	0.887	0.001	0.111
0.531	0.019	0.001	0.449
0.001	0.829	0.054	0.116
0.333	0.001	0.001	0.665
0.079	0.860	0.001	0.060
0.250	0.092	0.135	0.523
>CAAGTCAA	7-CAAGTCAA	9.922076	-0.923294	0	T:259.0(1.22%),B:631.4(1.20%),P:1e0	Tpos:47.8,Tstd:26.9,Bpos:394.9,Bstd:604.3,StrandBias:-0.1,Multiplicity:1.03
0.011	0.752	0.131	0.106
0.597	0.001	0.133	0.269
0.703	0.104	0.192	0.001
0.001	0.001	0.997	0.001
0.001	0.001	0.001	0.997
0.001	0.997	0.001	0.001
0.997	0.001	0.001	0.001
0.997	0.001	0.001	0.001
>GTCAAMRD	8-GTCAAMRD	3.938179	-0.051707	0	T:6940.0(32.71%),B:17605.4(33.34%),P:1e0	Tpos:50.3,Tstd:27.2,Bpos:411.2,Bstd:681.1,StrandBias:0.0,Multiplicity:1.19
0.001	0.001	0.997	0.001
0.001	0.001	0.001	0.997
0.001	0.997	0.001	0.001
0.964	0.034	0.001	0.001
0.880	0.001	0.118	0.001
0.463	0.437	0.001	0.099
0.383	0.156	0.254	0.207
0.216	0.187	0.258	0.339
>ACAAAWWT	9-ACAAAWWT	3.915998	-0.000276	0	T:11920.0(56.19%),B:30405.0(57.57%),P:1e0	Tpos:50.0,Tstd:27.6,Bpos:563.5,Bstd:765.8,StrandBias:0.0,Multiplicity:1.45
0.997	0.001	0.001	0.001
0.001	0.997	0.001	0.001
0.753	0.001	0.001	0.245
0.735	0.001	0.001	0.263
0.646	0.001	0.001	0.352
0.506	0.001	0.001	0.492
0.524	0.001	0.048	0.427
0.248	0.001	0.140	0.611
>AAAAAAAT	10-AAAAAAAT	6.959352	-0.000105	0	T:6625.0(31.23%),B:17232.1(32.63%),P:1e0	Tpos:50.8,Tstd:29.7,Bpos:530.7,Bstd:780.6,StrandBias:-0.0,Multiplicity:1.04
0.997	0.001	0.001	0.001
0.727	0.001	0.001	0.271
0.576	0.001	0.001	0.422
0.841	0.001	0.001	0.157
0.627	0.001	0.001	0.371
0.640	0.001	0.001	0.358
0.706	0.001	0.001	0.292
0.338	0.001	0.001	0.660
>TGACVWAT	11-TGACVWAT	8.077451	-0.000095	0	T:41.0(0.19%),B:185.3(0.35%),P:1e0	Tpos:42.4,Tstd:28.7,Bpos:454.5,Bstd:668.0,StrandBias:0.8,Multiplicity:1.00
0.001	0.001	0.001	0.997
0.001	0.001	0.997	0.001
0.997	0.001	0.001	0.001
0.001	0.997	0.001	0.001
0.266	0.324	0.282	0.128
0.319	0.199	0.088	0.393
0.448	0.116	0.214	0.221
0.075	0.038	0.015	0.872
>TGACNWAK	12-TGACNWAK	7.398492	-0.000052	0	T:136.0(0.64%),B:485.2(0.92%),P:1e0	Tpos:51.1,Tstd:30.4,Bpos:484.1,Bstd:698.5,StrandBias:0.6,Multiplicity:1.00
0.001	0.001	0.001	0.997
0.001	0.001	0.997	0.001
0.997	0.001	0.001	0.001
0.001	0.997	0.001	0.001
0.188	0.305	0.251	0.256
0.387	0.205	0.090	0.318
0.449	0.099	0.298	0.153
0.001	0.196	0.327	0.476
>WTWWGTCA	13-WTWWGTCA	7.941322	-0.000010	0	T:143.0(0.67%),B:522.7(0.99%),P:1e0	Tpos:49.2,Tstd:26.5,Bpos:516.3,Bstd:794.0,StrandBias:-0.5,Multiplicity:1.02
0.516	0.008	0.001	0.475
0.202	0.199	0.043	0.556
0.391	0.041	0.179	0.389
0.387	0.198	0.078	0.337
0.001	0.001	0.997	0.001
0.001	0.001	0.001	0.997
0.001	0.997	0.001	0.001
0.997	0.001	0.001	0.001
>TGACNTNR	14-TGACNTNR	6.907870	-0.000009	0	T:154.0(0.73%),B:556.2(1.05%),P:1e0	Tpos:51.6,Tstd:31.1,Bpos:357.1,Bstd:593.4,StrandBias:-0.1,Multiplicity:1.01
0.039	0.001	0.001	0.959
0.001	0.029	0.969	0.001
0.985	0.001	0.001	0.013
0.001	0.997	0.001	0.001
0.223	0.182	0.273	0.322
0.226	0.127	0.130	0.517
0.254	0.219	0.287	0.240
0.350	0.158	0.314	0.178
>ATAAAAAW	15-ATAAAAAW	8.383066	-0.000000	0	T:1302.0(6.14%),B:5476.0(10.37%),P:1e0	Tpos:49.8,Tstd:32.6,Bpos:531.4,Bstd:679.6,StrandBias:-1.2,Multiplicity:1.00
0.928	0.001	0.001	0.070
0.141	0.001	0.001	0.857
0.659	0.001	0.001	0.339
0.857	0.001	0.001	0.141
0.678	0.001	0.001	0.320
0.816	0.001	0.001	0.182
0.594	0.001	0.001	0.404
0.452	0.001	0.001	0.546
>WHWWAGTC	16-WHWWAGTC	5.118897	-0.000000	0	T:5097.0(24.03%),B:15594.3(29.53%),P:1e0	Tpos:50.5,Tstd:27.4,Bpos:412.4,Bstd:676.8,StrandBias:0.1,Multiplicity:1.11
0.434	0.158	0.117	0.291
0.306	0.223	0.110	0.361
0.401	0.111	0.130	0.358
0.415	0.066	0.131	0.388
0.503	0.217	0.279	0.001
0.001	0.001	0.997	0.001
0.350	0.001	0.001	0.648
0.001	0.965	0.033	0.001
>TGACAAAW	17-TGACAAAW	4.441431	-0.000000	0	T:9112.0(42.95%),B:24099.6(45.63%),P:1e0	Tpos:50.2,Tstd:27.8,Bpos:400.2,Bstd:660.6,StrandBias:-0.0,Multiplicity:1.16
0.001	0.001	0.001	0.997
0.001	0.001	0.997	0.001
0.997	0.001	0.001	0.001
0.001	0.997	0.001	0.001
0.460	0.194	0.156	0.189
0.465	0.161	0.058	0.315
0.477	0.110	0.141	0.272
0.405	0.080	0.088	0.427
>ATAAAAWW	18-ATAAAAWW	8.058808	-0.000000	0	T:937.0(4.42%),B:4646.4(8.80%),P:1e0	Tpos:48.6,Tstd:23.7,Bpos:472.6,Bstd:697.2,StrandBias:-0.6,Multiplicity:1.00
0.906	0.001	0.001	0.092
0.225	0.001	0.001	0.773
0.672	0.001	0.001	0.326
0.836	0.001	0.001	0.162
0.687	0.001	0.001	0.311
0.701	0.001	0.001	0.297
0.523	0.001	0.001	0.475
0.462	0.001	0.001	0.536
>TAATAATW	19-TAATAATW	8.537555	-0.000000	0	T:411.0(1.94%),B:2106.2(3.99%),P:1e0	Tpos:49.7,Tstd:28.2,Bpos:567.2,Bstd:863.1,StrandBias:0.0,Multiplicity:1.00
0.375	0.001	0.001	0.623
0.627	0.001	0.001	0.371
0.997	0.001	0.001	0.001
0.076	0.001	0.001	0.922
0.599	0.001	0.001	0.399
0.997	0.001	0.001	0.001
0.309	0.001	0.001	0.689
0.527	0.001	0.001	0.471
>TGACNWAW	20-TGACNWAW	6.953953	-0.000000	0	T:394.0(1.86%),B:1677.3(3.18%),P:1e0	Tpos:48.8,Tstd:25.7,Bpos:437.5,Bstd:648.4,StrandBias:-0.5,Multiplicity:1.00
0.001	0.001	0.001	0.997
0.001	0.001	0.997	0.001
0.997	0.001	0.001	0.001
0.001	0.997	0.001	0.001
0.286	0.224	0.209	0.281
0.320	0.263	0.001	0.416
0.401	0.191	0.247	0.161
0.339	0.134	0.112	0.415
>AHDDGTCA	21-AHDDGTCA	7.608197	-0.000000	0	T:134.0(0.63%),B:663.7(1.26%),P:1e0	Tpos:49.9,Tstd:25.9,Bpos:574.7,Bstd:766.1,StrandBias:-0.1,Multiplicity:1.01
0.621	0.109	0.016	0.254
0.240	0.231	0.157	0.372
0.370	0.050	0.244	0.337
0.279	0.124	0.232	0.364
0.001	0.001	0.997	0.001
0.001	0.001	0.001	0.997
0.001	0.997	0.001	0.001
0.997	0.001	0.001	0.001
>WAAAAAAW	22-WAAAAAAW	4.810606	-0.000000	0	T:3095.0(14.59%),B:10445.5(19.78%),P:1e0	Tpos:49.7,Tstd:30.3,Bpos:525.6,Bstd:831.4,StrandBias:-0.3,Multiplicity:1.00
0.392	0.148	0.099	0.361
0.461	0.123	0.147	0.269
0.543	0.103	0.092	0.262
0.532	0.121	0.027	0.320
0.532	0.160	0.059	0.249
0.490	0.108	0.103	0.300
0.489	0.117	0.089	0.306
0.450	0.101	0.080	0.369
>WTGTCBHW	23-WTGTCBHW	3.578931	-0.000000	0	T:9557.0(45.05%),B:26005.5(49.24%),P:1e0	Tpos:50.7,Tstd:28.2,Bpos:325.8,Bstd:591.1,StrandBias:-0.0,Multiplicity:1.10
0.519	0.001	0.006	0.474
0.001	0.001	0.001	0.997
0.001	0.001	0.997	0.001
0.139	0.001	0.001	0.859
0.001	0.997	0.001	0.001
0.001	0.282	0.287	0.430
0.329	0.229	0.127	0.316
0.381	0.081	0.125	0.413
>GACAWWWW	24-GACAWWWW	4.931491	-0.000000	0	T:8433.0(39.75%),B:24041.4(45.52%),P:1e0	Tpos:49.7,Tstd:27.9,Bpos:416.9,Bstd:676.7,StrandBias:-0.1,Multiplicity:1.12
0.001	0.001	0.997	0.001
0.575	0.001	0.001	0.423
0.001	0.997	0.001	0.001
0.654	0.067	0.060	0.219
0.351	0.212	0.031	0.407
0.356	0.120	0.162	0.362
0.381	0.107	0.109	0.403
0.317	0.135	0.186	0.362
>WTTTTTWW	25-WTTTTTWW	4.804532	-0.000000	0	T:5256.0(24.77%),B:14698.8(27.83%),P:1e0	Tpos:48.5,Tstd:28.5,Bpos:472.3,Bstd:706.6,StrandBias:-0.4,Multiplicity:1.00
0.353	0.072	0.084	0.492
0.266	0.085	0.103	0.546
0.265	0.078	0.094	0.563
0.201	0.082	0.178	0.539
0.310	0.039	0.129	0.522
0.273	0.087	0.152	0.489
0.317	0.111	0.131	0.442
0.457	0.071	0.130	0.341
