>HCACTCGACCWC	1-HCACTCGACCWC	10.466511	-51.425766	0	T:102.0(0.48%),B:49.9(0.09%),P:1e-22	Tpos:48.6,Tstd:25.4,Bpos:339.1,Bstd:641.8,StrandBias:-0.1,Multiplicity:1.29
0.252	0.292	0.060	0.396
0.001	0.648	0.001	0.350
0.997	0.001	0.001	0.001
0.001	0.997	0.001	0.001
0.019	0.001	0.038	0.942
0.001	0.980	0.001	0.018
0.154	0.001	0.788	0.057
0.786	0.001	0.212	0.001
0.001	0.739	0.025	0.235
0.001	0.669	0.057	0.273
0.388	0.136	0.215	0.261
0.001	0.748	0.001	0.250
>NHWWAAGTCAAM	2-NHWWAAGTCAAM	9.344672	-33.122566	0	T:997.0(4.70%),B:1829.2(3.46%),P:1e-14	Tpos:49.8,Tstd:25.8,Bpos:490.5,Bstd:744.4,StrandBias:-0.1,Multiplicity:1.06
0.325	0.201	0.176	0.297
0.332	0.224	0.142	0.302
0.416	0.231	0.054	0.300
0.409	0.167	0.147	0.277
0.573	0.001	0.175	0.251
0.992	0.006	0.001	0.001
0.001	0.001	0.997	0.001
0.001	0.001	0.001	0.997
0.001	0.997	0.001	0.001
0.997	0.001	0.001	0.001
0.967	0.007	0.025	0.001
0.391	0.457	0.001	0.150
>GAGAGAGAGAAR	3-GAGAGAGAGAAR	11.628886	-19.011645	0	T:363.0(1.71%),B:616.0(1.17%),P:1e-8	Tpos:53.1,Tstd:25.9,Bpos:308.1,Bstd:545.0,StrandBias:0.8,Multiplicity:1.02
0.223	0.058	0.638	0.081
0.891	0.024	0.033	0.052
0.218	0.025	0.723	0.034
0.933	0.008	0.009	0.050
0.173	0.026	0.786	0.015
0.922	0.010	0.019	0.049
0.206	0.019	0.753	0.022
0.877	0.011	0.019	0.093
0.240	0.076	0.638	0.046
0.787	0.016	0.133	0.064
0.496	0.057	0.337	0.110
0.445	0.015	0.419	0.122
>GTGTCGATCGAC	4-GTGTCGATCGAC	12.217109	-18.857161	0	T:23.0(0.11%),B:5.3(0.01%),P:1e-8	Tpos:53.7,Tstd:24.4,Bpos:959.3,Bstd:585.6,StrandBias:-0.1,Multiplicity:1.39
0.021	0.021	0.937	0.021
0.001	0.001	0.001	0.997
0.020	0.001	0.978	0.001
0.001	0.001	0.001	0.997
0.001	0.938	0.020	0.041
0.061	0.001	0.937	0.001
0.938	0.020	0.041	0.001
0.001	0.041	0.020	0.938
0.020	0.917	0.001	0.062
0.044	0.001	0.954	0.001
0.978	0.001	0.001	0.020
0.001	0.978	0.001	0.020
>GAGAGAGAGAGA	5-GAGAGAGAGAGA	10.783621	-17.786905	0	T:512.0(2.41%),B:939.6(1.78%),P:1e-7	Tpos:51.8,Tstd:25.9,Bpos:293.0,Bstd:544.8,StrandBias:0.3,Multiplicity:1.04
0.203	0.067	0.586	0.144
0.714	0.048	0.122	0.116
0.141	0.041	0.707	0.111
0.855	0.014	0.036	0.095
0.131	0.046	0.769	0.054
0.893	0.005	0.019	0.083
0.134	0.035	0.774	0.057
0.836	0.003	0.050	0.111
0.152	0.056	0.711	0.081
0.799	0.011	0.053	0.137
0.187	0.058	0.664	0.091
0.695	0.029	0.135	0.141
>AGAGAGAGAGAG	6-AGAGAGAGAGAG	11.670117	-17.389004	0	T:320.0(1.51%),B:539.1(1.02%),P:1e-7	Tpos:47.5,Tstd:25.9,Bpos:216.8,Bstd:420.4,StrandBias:-0.2,Multiplicity:1.05
0.687	0.068	0.132	0.113
0.193	0.076	0.639	0.092
0.813	0.007	0.066	0.114
0.187	0.065	0.707	0.041
0.841	0.005	0.040	0.114
0.126	0.030	0.829	0.015
0.852	0.005	0.037	0.106
0.169	0.032	0.741	0.058
0.778	0.009	0.072	0.141
0.178	0.058	0.663	0.101
0.735	0.018	0.124	0.123
0.181	0.088	0.617	0.114
>WGAGAGAGAGAG	7-WGAGAGAGAGAG	10.581497	-14.562771	0	T:497.0(2.34%),B:940.1(1.78%),P:1e-6	Tpos:49.9,Tstd:27.7,Bpos:309.5,Bstd:580.6,StrandBias:-0.0,Multiplicity:1.00
0.492	0.050	0.092	0.365
0.167	0.074	0.622	0.137
0.776	0.024	0.076	0.124
0.163	0.068	0.700	0.069
0.795	0.030	0.049	0.126
0.148	0.061	0.742	0.049
0.859	0.013	0.028	0.100
0.144	0.059	0.735	0.062
0.837	0.013	0.021	0.129
0.146	0.076	0.680	0.098
0.748	0.021	0.100	0.131
0.184	0.082	0.613	0.121
>DNNHCACGTGDN	8-DNNHCACGTGDN	8.567020	-13.019391	0	T:446.0(2.10%),B:847.0(1.60%),P:1e-5	Tpos:49.1,Tstd:26.2,Bpos:406.2,Bstd:649.3,StrandBias:-0.0,Multiplicity:1.03
0.313	0.164	0.192	0.331
0.274	0.207	0.186	0.333
0.270	0.228	0.215	0.287
0.323	0.252	0.152	0.273
0.001	0.934	0.064	0.001
0.946	0.001	0.046	0.007
0.001	0.997	0.001	0.001
0.001	0.001	0.997	0.001
0.001	0.009	0.001	0.989
0.001	0.036	0.962	0.001
0.281	0.107	0.293	0.320
0.256	0.325	0.196	0.224
>AAGTCAAAGTCA	9-AAGTCAAAGTCA	12.132305	-8.245253	0	T:22.0(0.10%),B:17.9(0.03%),P:1e-3	Tpos:51.2,Tstd:28.7,Bpos:128.6,Bstd:83.3,StrandBias:0.5,Multiplicity:1.00
0.801	0.061	0.067	0.071
0.812	0.063	0.020	0.105
0.050	0.034	0.844	0.072
0.054	0.059	0.020	0.867
0.054	0.816	0.078	0.052
0.816	0.057	0.057	0.070
0.878	0.033	0.045	0.044
0.806	0.084	0.030	0.080
0.068	0.054	0.790	0.088
0.057	0.026	0.050	0.867
0.044	0.831	0.055	0.070
0.874	0.020	0.040	0.066
>TTTTCTCTCTCT	10-TTTTCTCTCTCT	11.399282	-7.580435	0	T:157.0(0.74%),B:279.1(0.53%),P:1e-3	Tpos:53.5,Tstd:27.1,Bpos:479.9,Bstd:829.4,StrandBias:0.4,Multiplicity:1.00
0.104	0.119	0.076	0.701
0.085	0.104	0.059	0.752
0.086	0.130	0.087	0.697
0.071	0.077	0.064	0.788
0.076	0.710	0.093	0.121
0.082	0.067	0.049	0.802
0.073	0.743	0.072	0.112
0.084	0.068	0.047	0.801
0.078	0.725	0.080	0.117
0.088	0.066	0.054	0.792
0.082	0.731	0.076	0.111
0.097	0.077	0.068	0.758
>NHCACGTCANNN	11-NHCACGTCANNN	8.264867	-5.477223	0	T:167.0(0.79%),B:321.4(0.61%),P:1e-2	Tpos:51.3,Tstd:27.0,Bpos:390.8,Bstd:638.2,StrandBias:0.1,Multiplicity:1.01
0.234	0.222	0.274	0.270
0.299	0.263	0.125	0.313
0.071	0.811	0.061	0.057
0.791	0.020	0.143	0.046
0.094	0.795	0.035	0.076
0.067	0.043	0.805	0.085
0.032	0.241	0.020	0.707
0.062	0.819	0.060	0.059
0.775	0.024	0.163	0.038
0.247	0.268	0.184	0.301
0.237	0.299	0.190	0.274
0.302	0.193	0.196	0.309
>AARAGAGAGAGA	12-AARAGAGAGAGA	11.976467	-5.253843	0	T:154.0(0.73%),B:295.4(0.56%),P:1e-2	Tpos:52.6,Tstd:30.4,Bpos:177.0,Bstd:341.0,StrandBias:-1.0,Multiplicity:1.00
0.627	0.026	0.236	0.111
0.478	0.097	0.307	0.119
0.440	0.105	0.328	0.126
0.711	0.001	0.147	0.141
0.332	0.047	0.614	0.007
0.903	0.001	0.042	0.054
0.287	0.021	0.676	0.016
0.965	0.007	0.001	0.027
0.276	0.009	0.702	0.013
0.866	0.001	0.021	0.112
0.046	0.018	0.921	0.015
0.777	0.004	0.085	0.134
>TTTTTTTTTTTT	13-TTTTTTTTTTTT	9.899238	-0.000000	0	T:921.0(4.34%),B:4257.1(8.06%),P:1e0	Tpos:52.3,Tstd:30.6,Bpos:549.1,Bstd:843.7,StrandBias:0.0,Multiplicity:1.00
0.161	0.133	0.048	0.658
0.118	0.163	0.043	0.676
0.091	0.119	0.041	0.749
0.043	0.176	0.048	0.733
0.039	0.151	0.041	0.769
0.044	0.140	0.045	0.771
0.035	0.159	0.002	0.804
0.065	0.166	0.019	0.750
0.101	0.122	0.030	0.747
0.127	0.159	0.050	0.664
0.154	0.161	0.033	0.652
0.166	0.142	0.050	0.642
>TTTTTTTTTTTT	14-TTTTTTTTTTTT	8.509190	-0.000000	0	T:939.0(4.43%),B:4410.3(8.35%),P:1e0	Tpos:44.6,Tstd:32.4,Bpos:520.3,Bstd:917.6,StrandBias:-1.0,Multiplicity:1.00
0.200	0.191	0.070	0.539
0.146	0.217	0.072	0.565
0.138	0.186	0.071	0.605
0.115	0.212	0.068	0.605
0.082	0.201	0.064	0.653
0.080	0.187	0.067	0.666
0.080	0.202	0.059	0.659
0.086	0.216	0.054	0.644
0.095	0.182	0.069	0.654
0.164	0.207	0.066	0.563
0.188	0.193	0.069	0.550
0.213	0.193	0.072	0.522
>TTTTTTTTTTTT	15-TTTTTTTTTTTT	9.530501	-0.000000	0	T:785.0(3.70%),B:3749.3(7.10%),P:1e0	Tpos:58.0,Tstd:25.2,Bpos:728.3,Bstd:1028.0,StrandBias:1.6,Multiplicity:1.00
0.178	0.167	0.069	0.586
0.120	0.205	0.065	0.610
0.104	0.162	0.063	0.671
0.078	0.176	0.063	0.683
0.067	0.164	0.049	0.720
0.055	0.160	0.044	0.741
0.061	0.165	0.024	0.750
0.102	0.198	0.038	0.662
0.136	0.144	0.048	0.672
0.151	0.184	0.074	0.591
0.177	0.195	0.062	0.566
0.198	0.181	0.078	0.543
>AAARAAAAARAR	16-AAARAAAAARAR	8.453661	-0.000000	0	T:3357.0(15.82%),B:10463.2(19.81%),P:1e0	Tpos:48.6,Tstd:27.0,Bpos:478.4,Bstd:719.1,StrandBias:0.0,Multiplicity:1.12
0.690	0.006	0.170	0.134
0.574	0.018	0.313	0.095
0.918	0.001	0.002	0.079
0.442	0.038	0.387	0.133
0.760	0.073	0.147	0.020
0.601	0.066	0.297	0.036
0.718	0.042	0.231	0.009
0.595	0.050	0.290	0.065
0.834	0.001	0.048	0.117
0.473	0.087	0.433	0.006
0.839	0.013	0.145	0.003
0.450	0.074	0.416	0.060
>TTTTTTTTTTTT	17-TTTTTTTTTTTT	10.274639	-0.000000	0	T:557.0(2.63%),B:2885.1(5.46%),P:1e0	Tpos:94.0,Tstd:0.0,Bpos:16.0,Bstd:18.9,StrandBias:-10.0,Multiplicity:1.00
0.184	0.163	0.064	0.589
0.142	0.192	0.068	0.598
0.122	0.157	0.061	0.660
0.081	0.187	0.060	0.672
0.083	0.170	0.042	0.705
0.054	0.156	0.048	0.742
0.062	0.172	0.019	0.747
0.087	0.186	0.030	0.697
0.111	0.140	0.052	0.697
0.137	0.185	0.063	0.615
0.168	0.180	0.063	0.589
0.199	0.155	0.068	0.578
>TTTTTTTTTTTT	18-TTTTTTTTTTTT	9.329464	-0.000000	0	T:889.0(4.19%),B:4213.8(7.98%),P:1e0	Tpos:46.0,Tstd:29.7,Bpos:548.2,Bstd:745.1,StrandBias:-0.3,Multiplicity:1.00
0.191	0.147	0.081	0.581
0.146	0.212	0.072	0.570
0.126	0.119	0.068	0.687
0.089	0.194	0.057	0.660
0.088	0.165	0.051	0.696
0.055	0.139	0.061	0.745
0.061	0.160	0.032	0.747
0.099	0.202	0.037	0.662
0.100	0.112	0.054	0.734
0.139	0.187	0.071	0.603
0.161	0.179	0.081	0.579
0.207	0.154	0.101	0.538
>AAAAAAAAAAAA	19-AAAAAAAAAAAA	9.410444	-0.000000	0	T:852.0(4.02%),B:4039.7(7.65%),P:1e0	Tpos:57.8,Tstd:32.6,Bpos:577.1,Bstd:784.6,StrandBias:0.8,Multiplicity:1.00
0.552	0.067	0.177	0.204
0.598	0.057	0.187	0.158
0.646	0.053	0.186	0.115
0.703	0.048	0.161	0.088
0.719	0.017	0.176	0.088
0.782	0.015	0.174	0.029
0.743	0.030	0.174	0.053
0.696	0.044	0.188	0.072
0.660	0.060	0.186	0.094
0.631	0.065	0.176	0.128
0.588	0.070	0.196	0.146
0.562	0.071	0.185	0.182
>AAAAAAAAAAAA	20-AAAAAAAAAAAA	10.169880	-0.000000	0	T:569.0(2.68%),B:2942.9(5.57%),P:1e0	Tpos:60.3,Tstd:31.1,Bpos:668.0,Bstd:740.4,StrandBias:-0.3,Multiplicity:1.00
0.572	0.066	0.169	0.193
0.597	0.067	0.182	0.154
0.642	0.063	0.174	0.121
0.709	0.055	0.140	0.096
0.717	0.017	0.172	0.094
0.750	0.015	0.176	0.059
0.764	0.044	0.145	0.047
0.682	0.049	0.183	0.086
0.645	0.061	0.183	0.111
0.637	0.072	0.161	0.130
0.574	0.079	0.192	0.155
0.561	0.074	0.173	0.192
>TTTTTTTTTTTT	21-TTTTTTTTTTTT	10.292964	-0.000000	0	T:927.0(4.37%),B:4381.8(8.30%),P:1e0	Tpos:38.3,Tstd:19.4,Bpos:545.6,Bstd:808.2,StrandBias:-0.4,Multiplicity:1.00
0.203	0.129	0.073	0.595
0.154	0.180	0.087	0.579
0.130	0.121	0.061	0.688
0.093	0.190	0.059	0.658
0.087	0.105	0.058	0.750
0.053	0.103	0.041	0.803
0.032	0.136	0.011	0.821
0.058	0.115	0.013	0.814
0.070	0.078	0.019	0.833
0.079	0.133	0.066	0.722
0.092	0.113	0.058	0.737
0.116	0.118	0.069	0.697
>TTTTTTTTTTTT	22-TTTTTTTTTTTT	9.754364	-0.000000	0	T:943.0(4.44%),B:4398.1(8.33%),P:1e0	Tpos:53.2,Tstd:25.3,Bpos:603.9,Bstd:812.6,StrandBias:0.8,Multiplicity:1.00
0.140	0.102	0.059	0.699
0.107	0.171	0.060	0.662
0.098	0.114	0.042	0.746
0.056	0.152	0.055	0.737
0.081	0.115	0.032	0.772
0.082	0.134	0.047	0.737
0.116	0.126	0.041	0.717
0.133	0.145	0.043	0.679
0.145	0.113	0.062	0.680
0.177	0.158	0.075	0.590
0.181	0.150	0.085	0.584
0.194	0.147	0.100	0.559
>AAAAAAAAAAAA	23-AAAAAAAAAAAA	10.065212	-0.000000	0	T:858.0(4.04%),B:4058.6(7.69%),P:1e0	Tpos:64.3,Tstd:24.4,Bpos:555.2,Bstd:770.3,StrandBias:-0.4,Multiplicity:1.00
0.602	0.091	0.152	0.155
0.629	0.082	0.148	0.141
0.634	0.069	0.152	0.145
0.683	0.060	0.134	0.123
0.691	0.028	0.157	0.124
0.766	0.032	0.170	0.032
0.788	0.029	0.158	0.025
0.751	0.043	0.163	0.043
0.754	0.031	0.176	0.039
0.678	0.057	0.148	0.117
0.654	0.045	0.169	0.132
0.626	0.085	0.140	0.149
>TTTTTTTTTTTT	24-TTTTTTTTTTTT	9.813013	-0.000000	0	T:816.0(3.85%),B:3939.4(7.46%),P:1e0	Tpos:42.8,Tstd:22.3,Bpos:541.9,Bstd:710.0,StrandBias:2.8,Multiplicity:1.00
0.177	0.175	0.082	0.566
0.162	0.185	0.080	0.573
0.129	0.161	0.067	0.643
0.098	0.179	0.066	0.657
0.088	0.179	0.053	0.680
0.050	0.151	0.033	0.766
0.051	0.165	0.019	0.765
0.087	0.147	0.015	0.751
0.090	0.120	0.037	0.753
0.107	0.163	0.059	0.671
0.136	0.166	0.062	0.636
0.180	0.164	0.064	0.592
>AAAAAAAAAAAA	25-AAAAAAAAAAAA	9.305056	-0.000000	0	T:865.0(4.08%),B:4133.3(7.83%),P:1e0	Tpos:52.5,Tstd:17.5,Bpos:492.8,Bstd:927.7,StrandBias:10.0,Multiplicity:1.00
0.579	0.057	0.173	0.191
0.601	0.050	0.198	0.151
0.667	0.058	0.195	0.080
0.743	0.049	0.143	0.065
0.746	0.017	0.174	0.063
0.742	0.018	0.182	0.058
0.740	0.032	0.172	0.056
0.668	0.052	0.198	0.082
0.640	0.058	0.187	0.115
0.611	0.060	0.178	0.151
0.577	0.070	0.193	0.160
0.555	0.076	0.185	0.184
