>CACTCGACCG	1-CACTCGACCG	9.706339	-41.299824	0	T:90.0(0.42%),B:49.7(0.09%),P:1e-17	Tpos:50.1,Tstd:27.0,Bpos:251.3,Bstd:345.7,StrandBias:-0.2,Multiplicity:1.23
0.001	0.912	0.001	0.086
0.984	0.001	0.014	0.001
0.001	0.997	0.001	0.001
0.032	0.001	0.001	0.966
0.001	0.997	0.001	0.001
0.015	0.046	0.930	0.009
0.938	0.015	0.046	0.001
0.001	0.926	0.001	0.072
0.008	0.990	0.001	0.001
0.124	0.067	0.568	0.241
>HHARGTCAAC	2-HHARGTCAAC	8.221432	-38.116605	0	T:717.0(3.38%),B:1198.0(2.27%),P:1e-16	Tpos:50.0,Tstd:26.5,Bpos:475.7,Bstd:741.5,StrandBias:-0.1,Multiplicity:1.05
0.295	0.209	0.156	0.341
0.301	0.255	0.143	0.300
0.398	0.133	0.222	0.247
0.453	0.089	0.332	0.126
0.001	0.001	0.997	0.001
0.001	0.001	0.001	0.997
0.001	0.997	0.001	0.001
0.892	0.100	0.001	0.007
0.856	0.011	0.127	0.006
0.295	0.525	0.074	0.106
>NGTTGACTTD	3-NGTTGACTTD	7.532384	-27.302488	0	T:527.0(2.48%),B:889.7(1.68%),P:1e-11	Tpos:49.7,Tstd:26.1,Bpos:405.9,Bstd:756.0,StrandBias:0.4,Multiplicity:1.00
0.330	0.233	0.210	0.227
0.200	0.088	0.472	0.240
0.001	0.146	0.001	0.852
0.102	0.001	0.271	0.626
0.053	0.001	0.877	0.069
0.985	0.005	0.009	0.001
0.108	0.823	0.001	0.068
0.115	0.253	0.106	0.526
0.245	0.218	0.120	0.417
0.323	0.134	0.234	0.310
>NBHCACGTGD	4-NBHCACGTGD	7.788256	-24.390915	0	T:327.0(1.54%),B:506.5(0.96%),P:1e-10	Tpos:48.9,Tstd:27.7,Bpos:338.3,Bstd:594.8,StrandBias:0.1,Multiplicity:1.02
0.252	0.218	0.216	0.314
0.033	0.264	0.412	0.291
0.337	0.303	0.093	0.267
0.047	0.819	0.069	0.065
0.705	0.018	0.233	0.044
0.050	0.826	0.034	0.090
0.116	0.024	0.779	0.081
0.042	0.078	0.023	0.857
0.073	0.080	0.772	0.075
0.277	0.052	0.336	0.335
>AGAGAGAGAG	5-AGAGAGAGAG	8.845871	-17.654108	0	T:587.0(2.77%),B:1102.7(2.09%),P:1e-7	Tpos:48.3,Tstd:26.2,Bpos:224.8,Bstd:436.6,StrandBias:-0.2,Multiplicity:1.09
0.540	0.033	0.177	0.250
0.205	0.061	0.639	0.095
0.692	0.001	0.001	0.306
0.057	0.090	0.852	0.001
0.670	0.001	0.001	0.328
0.085	0.001	0.913	0.001
0.606	0.001	0.001	0.392
0.172	0.186	0.615	0.027
0.527	0.001	0.185	0.287
0.271	0.166	0.510	0.053
>GAGAGAGAGA	6-GAGAGAGAGA	9.624581	-15.021742	0	T:520.0(2.45%),B:985.9(1.87%),P:1e-6	Tpos:52.8,Tstd:26.9,Bpos:278.4,Bstd:578.7,StrandBias:0.1,Multiplicity:1.02
0.262	0.051	0.612	0.075
0.722	0.027	0.101	0.150
0.175	0.052	0.701	0.072
0.732	0.006	0.001	0.261
0.140	0.091	0.742	0.027
0.870	0.004	0.001	0.125
0.148	0.061	0.777	0.014
0.709	0.001	0.006	0.284
0.069	0.146	0.682	0.103
0.613	0.060	0.109	0.218
>AGTCAAHDNK	7-AGTCAAHDNK	9.229751	-14.425103	0	T:144.0(0.68%),B:208.4(0.39%),P:1e-6	Tpos:54.2,Tstd:25.7,Bpos:395.0,Bstd:724.3,StrandBias:0.1,Multiplicity:1.00
0.839	0.001	0.159	0.001
0.001	0.001	0.997	0.001
0.001	0.001	0.001	0.997
0.001	0.997	0.001	0.001
0.997	0.001	0.001	0.001
0.997	0.001	0.001	0.001
0.306	0.414	0.001	0.279
0.264	0.120	0.288	0.328
0.168	0.228	0.304	0.299
0.184	0.164	0.272	0.380
>TCTCWCTCTC	8-TCTCWCTCTC	7.895307	-13.587447	0	T:508.0(2.39%),B:975.2(1.85%),P:1e-5	Tpos:56.1,Tstd:26.8,Bpos:275.9,Bstd:542.0,StrandBias:-0.4,Multiplicity:1.01
0.254	0.226	0.079	0.441
0.110	0.476	0.227	0.187
0.354	0.062	0.019	0.565
0.016	0.727	0.041	0.216
0.448	0.001	0.001	0.550
0.001	0.749	0.091	0.159
0.389	0.001	0.001	0.609
0.027	0.667	0.119	0.187
0.345	0.072	0.012	0.571
0.167	0.496	0.084	0.253
>GAGAGAGAGA	9-GAGAGAGAGA	12.871994	-12.972628	0	T:389.0(1.83%),B:723.9(1.37%),P:1e-5	Tpos:49.7,Tstd:26.6,Bpos:292.8,Bstd:565.5,StrandBias:0.2,Multiplicity:1.00
0.157	0.062	0.709	0.072
0.951	0.001	0.010	0.038
0.026	0.003	0.949	0.022
0.962	0.001	0.001	0.036
0.016	0.001	0.972	0.011
0.957	0.001	0.001	0.041
0.019	0.001	0.965	0.015
0.931	0.001	0.006	0.062
0.163	0.014	0.809	0.014
0.892	0.027	0.048	0.033
>GAGAGAGAGA	10-GAGAGAGAGA	9.388329	-12.207125	0	T:476.0(2.24%),B:921.8(1.75%),P:1e-5	Tpos:60.0,Tstd:29.4,Bpos:267.2,Bstd:741.2,StrandBias:-0.3,Multiplicity:1.00
0.255	0.056	0.606	0.083
0.601	0.022	0.112	0.265
0.115	0.023	0.825	0.037
0.663	0.001	0.001	0.335
0.035	0.019	0.945	0.001
0.632	0.001	0.001	0.366
0.082	0.030	0.870	0.018
0.677	0.001	0.037	0.285
0.164	0.145	0.609	0.082
0.494	0.062	0.177	0.267
>AGTCAACNAH	11-AGTCAACNAH	9.516102	-11.642927	0	T:437.0(2.06%),B:842.2(1.59%),P:1e-5	Tpos:52.4,Tstd:27.1,Bpos:450.6,Bstd:717.6,StrandBias:0.2,Multiplicity:1.01
0.900	0.001	0.086	0.013
0.001	0.001	0.997	0.001
0.001	0.001	0.001	0.997
0.001	0.997	0.001	0.001
0.997	0.001	0.001	0.001
0.997	0.001	0.001	0.001
0.418	0.580	0.001	0.001
0.249	0.197	0.207	0.347
0.434	0.217	0.109	0.241
0.349	0.233	0.111	0.307
>AGAGAGAGAG	12-AGAGAGAGAG	8.747741	-11.019482	0	T:713.0(3.36%),B:1468.6(2.78%),P:1e-4	Tpos:55.2,Tstd:22.9,Bpos:375.7,Bstd:617.4,StrandBias:-1.4,Multiplicity:1.00
0.569	0.023	0.121	0.287
0.195	0.068	0.665	0.072
0.781	0.001	0.002	0.216
0.112	0.079	0.777	0.032
0.796	0.001	0.001	0.202
0.097	0.015	0.872	0.016
0.653	0.001	0.001	0.345
0.159	0.131	0.647	0.063
0.584	0.036	0.141	0.239
0.226	0.118	0.573	0.083
>GAGAGAGAGA	13-GAGAGAGAGA	9.079515	-10.953488	0	T:683.0(3.22%),B:1401.4(2.65%),P:1e-4	Tpos:48.8,Tstd:27.8,Bpos:381.5,Bstd:629.7,StrandBias:0.2,Multiplicity:1.00
0.296	0.075	0.543	0.086
0.577	0.009	0.129	0.285
0.157	0.054	0.788	0.001
0.753	0.001	0.001	0.245
0.090	0.046	0.863	0.001
0.725	0.001	0.001	0.273
0.107	0.030	0.848	0.015
0.654	0.025	0.001	0.320
0.111	0.093	0.719	0.077
0.670	0.040	0.150	0.140
>TGGGNCCCAC	14-TGGGNCCCAC	8.288590	-10.739304	0	T:56.0(0.26%),B:64.5(0.12%),P:1e-4	Tpos:47.7,Tstd:27.4,Bpos:590.7,Bstd:851.4,StrandBias:0.0,Multiplicity:1.02
0.138	0.136	0.092	0.634
0.229	0.001	0.627	0.143
0.161	0.066	0.759	0.014
0.147	0.012	0.813	0.028
0.193	0.303	0.286	0.219
0.011	0.867	0.001	0.121
0.159	0.726	0.001	0.114
0.178	0.574	0.111	0.137
0.909	0.001	0.001	0.089
0.075	0.531	0.039	0.355
>GAGAGAGAGA	15-GAGAGAGAGA	11.026652	-10.324495	0	T:432.0(2.04%),B:847.1(1.60%),P:1e-4	Tpos:44.0,Tstd:25.1,Bpos:314.1,Bstd:682.3,StrandBias:-0.7,Multiplicity:1.00
0.011	0.109	0.755	0.125
0.883	0.012	0.011	0.094
0.080	0.006	0.875	0.039
0.981	0.005	0.006	0.008
0.036	0.005	0.940	0.019
0.961	0.003	0.020	0.016
0.047	0.001	0.921	0.031
0.959	0.020	0.017	0.004
0.177	0.034	0.676	0.113
0.591	0.154	0.190	0.065
>AGAGAGAGAG	16-AGAGAGAGAG	9.541936	-9.968562	0	T:524.0(2.47%),B:1057.0(2.00%),P:1e-4	Tpos:42.2,Tstd:31.6,Bpos:252.7,Bstd:524.7,StrandBias:0.2,Multiplicity:1.04
0.534	0.017	0.217	0.232
0.193	0.045	0.704	0.058
0.722	0.001	0.011	0.266
0.050	0.099	0.821	0.030
0.791	0.001	0.001	0.207
0.093	0.006	0.879	0.022
0.706	0.001	0.001	0.292
0.134	0.142	0.697	0.027
0.604	0.027	0.051	0.318
0.135	0.127	0.710	0.028
>AGAGAGAGAG	17-AGAGAGAGAG	8.769254	-9.014042	0	T:565.0(2.66%),B:1164.3(2.20%),P:1e-3	Tpos:51.8,Tstd:23.6,Bpos:340.8,Bstd:616.1,StrandBias:0.8,Multiplicity:1.00
0.445	0.054	0.211	0.289
0.326	0.076	0.499	0.100
0.527	0.097	0.096	0.280
0.078	0.039	0.698	0.185
0.614	0.133	0.041	0.212
0.071	0.015	0.893	0.021
0.644	0.013	0.016	0.327
0.061	0.065	0.849	0.025
0.588	0.015	0.018	0.379
0.067	0.082	0.802	0.049
>TCTCTCTCTC	18-TCTCTCTCTC	9.602575	-8.394923	0	T:614.0(2.89%),B:1286.6(2.44%),P:1e-3	Tpos:50.6,Tstd:25.2,Bpos:275.9,Bstd:478.2,StrandBias:-0.2,Multiplicity:1.04
0.188	0.103	0.053	0.656
0.100	0.614	0.104	0.182
0.139	0.010	0.004	0.847
0.001	0.781	0.011	0.207
0.059	0.040	0.003	0.898
0.018	0.698	0.003	0.281
0.115	0.049	0.001	0.835
0.026	0.662	0.052	0.260
0.134	0.125	0.031	0.710
0.142	0.535	0.056	0.267
>NTCCACGTSA	19-NTCCACGTSA	8.087191	-7.633831	0	T:454.0(2.14%),B:934.2(1.77%),P:1e-3	Tpos:51.3,Tstd:26.4,Bpos:429.7,Bstd:683.2,StrandBias:-0.1,Multiplicity:1.01
0.271	0.171	0.246	0.312
0.172	0.204	0.195	0.429
0.288	0.440	0.001	0.272
0.107	0.858	0.034	0.001
0.997	0.001	0.001	0.001
0.193	0.805	0.001	0.001
0.001	0.001	0.997	0.001
0.001	0.001	0.001	0.997
0.001	0.452	0.546	0.001
0.475	0.001	0.281	0.243
>GAGAGAGAGA	20-GAGAGAGAGA	8.520573	-6.338439	0	T:834.0(3.93%),B:1839.1(3.48%),P:1e-2	Tpos:53.3,Tstd:25.6,Bpos:312.0,Bstd:570.6,StrandBias:-0.4,Multiplicity:1.04
0.273	0.081	0.547	0.099
0.629	0.012	0.130	0.229
0.290	0.057	0.642	0.011
0.728	0.021	0.007	0.244
0.185	0.054	0.760	0.001
0.766	0.012	0.001	0.221
0.134	0.042	0.815	0.009
0.680	0.020	0.039	0.261
0.174	0.192	0.564	0.070
0.530	0.071	0.174	0.225
>NKHCACGTSA	21-NKHCACGTSA	7.819749	-5.347563	0	T:36.0(0.17%),B:49.4(0.09%),P:1e-2	Tpos:50.9,Tstd:21.0,Bpos:471.5,Bstd:733.2,StrandBias:1.0,Multiplicity:1.00
0.296	0.199	0.183	0.322
0.202	0.179	0.362	0.258
0.297	0.267	0.053	0.383
0.195	0.498	0.199	0.109
0.987	0.001	0.011	0.001
0.329	0.611	0.013	0.047
0.103	0.025	0.753	0.119
0.001	0.001	0.001	0.997
0.050	0.436	0.485	0.029
0.529	0.054	0.250	0.167
>TTGACTTNDH	22-TTGACTTNDH	9.379260	-4.671181	0	T:288.0(1.36%),B:604.1(1.14%),P:1e-2	Tpos:49.0,Tstd:24.7,Bpos:436.5,Bstd:678.5,StrandBias:0.2,Multiplicity:1.00
0.001	0.001	0.001	0.997
0.001	0.001	0.001	0.997
0.001	0.001	0.997	0.001
0.997	0.001	0.001	0.001
0.001	0.997	0.001	0.001
0.001	0.066	0.001	0.932
0.247	0.193	0.001	0.559
0.259	0.284	0.294	0.163
0.235	0.190	0.223	0.353
0.352	0.212	0.176	0.259
>NHCAMGTCAA	23-NHCAMGTCAA	8.703430	-2.105536	0	T:14.0(0.07%),B:22.6(0.04%),P:1e0	Tpos:48.3,Tstd:27.4,Bpos:395.3,Bstd:671.1,StrandBias:-1.0,Multiplicity:1.07
0.217	0.220	0.219	0.344
0.393	0.318	0.002	0.288
0.307	0.527	0.054	0.112
0.892	0.001	0.082	0.025
0.395	0.541	0.001	0.063
0.090	0.075	0.708	0.127
0.001	0.001	0.001	0.997
0.117	0.727	0.147	0.009
0.925	0.001	0.033	0.041
0.435	0.198	0.140	0.227
>NKNKAGTCAA	24-NKNKAGTCAA	9.230025	-0.164132	0	T:102.0(0.48%),B:284.6(0.54%),P:1e0	Tpos:52.2,Tstd:26.1,Bpos:540.5,Bstd:811.9,StrandBias:-0.1,Multiplicity:1.00
0.273	0.229	0.248	0.249
0.123	0.189	0.297	0.391
0.249	0.181	0.240	0.330
0.238	0.001	0.435	0.326
0.886	0.001	0.112	0.001
0.001	0.001	0.997	0.001
0.001	0.001	0.001	0.997
0.001	0.997	0.001	0.001
0.997	0.001	0.001	0.001
0.997	0.001	0.001	0.001
>CTCTTTTTCT	25-CTCTTTTTCT	10.830724	-0.019943	0	T:67.0(0.32%),B:219.5(0.42%),P:1e0	Tpos:52.2,Tstd:26.9,Bpos:442.5,Bstd:684.6,StrandBias:-0.4,Multiplicity:1.00
0.064	0.618	0.152	0.166
0.137	0.001	0.071	0.791
0.017	0.729	0.053	0.201
0.031	0.001	0.055	0.913
0.100	0.366	0.001	0.533
0.001	0.125	0.001	0.873
0.001	0.349	0.001	0.649
0.001	0.102	0.033	0.864
0.186	0.622	0.001	0.191
0.036	0.001	0.050	0.913
