>AAAAAAAAAA	1-AAAAAAAAAA	3.809251	-1750.770525	0	T:19436.0(91.61%),B:38945.5(73.20%),P:1e-760	Tpos:99.6,Tstd:56.9,Bpos:581.3,Bstd:824.6,StrandBias:0.0,Multiplicity:1.86
0.527	0.094	0.169	0.210
0.510	0.102	0.192	0.196
0.597	0.065	0.162	0.176
0.625	0.063	0.198	0.114
0.664	0.057	0.171	0.108
0.664	0.043	0.180	0.113
0.660	0.058	0.165	0.117
0.576	0.086	0.186	0.152
0.541	0.084	0.213	0.162
0.532	0.112	0.173	0.183
>YTTTTTTTTT	2-YTTTTTTTTT	1.669633	-1496.427748	0	T:16986.0(80.07%),B:31704.4(59.59%),P:1e-649	Tpos:100.3,Tstd:56.7,Bpos:505.0,Bstd:777.8,StrandBias:0.0,Multiplicity:1.80
0.026	0.463	0.001	0.510
0.001	0.001	0.001	0.997
0.001	0.199	0.001	0.799
0.001	0.123	0.001	0.875
0.001	0.246	0.001	0.752
0.001	0.001	0.001	0.997
0.001	0.147	0.001	0.851
0.001	0.027	0.001	0.971
0.001	0.200	0.001	0.798
0.071	0.100	0.001	0.828
>WTYMACMAAW	3-WTYMACMAAW	3.318204	-1367.401913	0	T:20970.0(98.85%),B:47223.0(88.76%),P:1e-593	Tpos:99.9,Tstd:57.3,Bpos:408.7,Bstd:699.2,StrandBias:0.0,Multiplicity:1.66
0.387	0.108	0.143	0.362
0.206	0.104	0.120	0.570
0.131	0.269	0.209	0.390
0.377	0.255	0.190	0.177
0.697	0.114	0.001	0.188
0.254	0.616	0.127	0.003
0.416	0.342	0.078	0.164
0.701	0.181	0.006	0.112
0.702	0.130	0.011	0.157
0.451	0.078	0.020	0.451
>WTTTTTTTTT	4-WTTTTTTTTT	3.686973	-1333.401968	0	T:19378.0(91.34%),B:40250.7(75.66%),P:1e-579	Tpos:99.6,Tstd:57.5,Bpos:624.1,Bstd:835.0,StrandBias:0.0,Multiplicity:2.05
0.316	0.123	0.104	0.457
0.298	0.109	0.103	0.489
0.301	0.089	0.096	0.514
0.291	0.110	0.088	0.511
0.274	0.087	0.083	0.556
0.256	0.096	0.075	0.573
0.252	0.056	0.076	0.616
0.249	0.001	0.052	0.698
0.240	0.001	0.051	0.708
0.256	0.085	0.079	0.580
>WAWWTYAAAW	5-WAWWTYAAAW	3.444703	-1328.227459	0	T:20153.0(94.99%),B:43316.4(81.42%),P:1e-576	Tpos:100.1,Tstd:56.9,Bpos:488.2,Bstd:763.6,StrandBias:0.0,Multiplicity:1.78
0.448	0.103	0.086	0.364
0.544	0.094	0.072	0.290
0.468	0.103	0.099	0.330
0.286	0.138	0.203	0.373
0.230	0.129	0.094	0.547
0.197	0.251	0.169	0.383
0.507	0.141	0.115	0.237
0.628	0.110	0.063	0.199
0.701	0.075	0.048	0.176
0.503	0.080	0.055	0.362
>TGACACGTGT	6-TGACACGTGT	2.341146	-1290.253984	0	T:21178.0(99.83%),B:49011.7(92.13%),P:1e-560	Tpos:100.5,Tstd:56.3,Bpos:399.6,Bstd:703.6,StrandBias:-0.0,Multiplicity:1.79
0.224	0.093	0.112	0.571
0.134	0.159	0.470	0.237
0.509	0.116	0.136	0.239
0.248	0.413	0.205	0.134
0.761	0.046	0.034	0.159
0.182	0.576	0.054	0.188
0.224	0.071	0.492	0.214
0.126	0.055	0.043	0.776
0.080	0.134	0.561	0.225
0.194	0.060	0.158	0.588
>HTTCTTCATT	7-HTTCTTCATT	2.941430	-1220.230670	0	T:21141.0(99.65%),B:48875.6(91.87%),P:1e-529	Tpos:100.1,Tstd:56.8,Bpos:369.8,Bstd:654.3,StrandBias:-0.0,Multiplicity:1.67
0.285	0.235	0.109	0.370
0.191	0.132	0.109	0.568
0.208	0.138	0.146	0.508
0.243	0.574	0.082	0.101
0.220	0.062	0.046	0.672
0.158	0.066	0.083	0.693
0.114	0.619	0.159	0.108
0.638	0.074	0.084	0.204
0.102	0.102	0.055	0.741
0.200	0.168	0.095	0.537
>WWTVATTTTW	8-WWTVATTTTW	3.500090	-1178.307936	0	T:20723.0(97.68%),B:46448.9(87.31%),P:1e-511	Tpos:100.1,Tstd:57.1,Bpos:452.8,Bstd:732.1,StrandBias:-0.0,Multiplicity:1.67
0.384	0.128	0.144	0.345
0.469	0.001	0.026	0.504
0.276	0.134	0.157	0.434
0.313	0.270	0.416	0.001
0.490	0.001	0.172	0.337
0.224	0.164	0.184	0.428
0.263	0.001	0.121	0.615
0.173	0.049	0.127	0.651
0.160	0.078	0.276	0.486
0.394	0.024	0.188	0.394
>GAGAGAGAGA	9-GAGAGAGAGA	3.697636	-840.630763	0	T:14053.0(66.24%),B:26514.3(49.84%),P:1e-365	Tpos:99.5,Tstd:54.3,Bpos:363.5,Bstd:654.7,StrandBias:0.0,Multiplicity:1.81
0.094	0.082	0.777	0.047
0.591	0.008	0.123	0.278
0.082	0.044	0.842	0.032
0.759	0.001	0.024	0.216
0.070	0.040	0.889	0.001
0.800	0.001	0.019	0.180
0.091	0.050	0.828	0.031
0.794	0.004	0.034	0.168
0.126	0.096	0.704	0.074
0.667	0.029	0.142	0.162
>TTTTAAAATA	10-TTTTAAAATA	0.000000	-152.067249	0	T:21214.0(100.00%),B:52735.2(99.12%),P:1e-66
0.100	0.100	0.100	0.700
0.100	0.100	0.100	0.700
0.100	0.100	0.100	0.700
0.100	0.100	0.100	0.700
0.700	0.100	0.100	0.100
0.700	0.100	0.100	0.100
0.700	0.100	0.100	0.100
0.700	0.100	0.100	0.100
0.100	0.100	0.100	0.700
0.700	0.100	0.100	0.100
>TTTTAAAAAC	11-TTTTAAAAAC	0.000000	-148.181260	0	T:21215.0(100.00%),B:52761.9(99.17%),P:1e-64
0.100	0.100	0.100	0.700
0.100	0.100	0.100	0.700
0.100	0.100	0.100	0.700
0.100	0.100	0.100	0.700
0.700	0.100	0.100	0.100
0.700	0.100	0.100	0.100
0.700	0.100	0.100	0.100
0.700	0.100	0.100	0.100
0.700	0.100	0.100	0.100
0.100	0.700	0.100	0.100
>TTTTAAAATT	12-TTTTAAAATT	0.000000	-145.815633	0	T:21215.0(100.00%),B:52768.5(99.19%),P:1e-63
0.100	0.100	0.100	0.700
0.100	0.100	0.100	0.700
0.100	0.100	0.100	0.700
0.100	0.100	0.100	0.700
0.700	0.100	0.100	0.100
0.700	0.100	0.100	0.100
0.700	0.100	0.100	0.100
0.700	0.100	0.100	0.100
0.100	0.100	0.100	0.700
0.100	0.100	0.100	0.700
>TATTTTAAAT	13-TATTTTAAAT	0.000000	-120.868794	0	T:21214.0(100.00%),B:52828.1(99.30%),P:1e-52
0.100	0.100	0.100	0.700
0.700	0.100	0.100	0.100
0.100	0.100	0.100	0.700
0.100	0.100	0.100	0.700
0.100	0.100	0.100	0.700
0.100	0.100	0.100	0.700
0.700	0.100	0.100	0.100
0.700	0.100	0.100	0.100
0.700	0.100	0.100	0.100
0.100	0.100	0.100	0.700
>TTTTAAATAT	14-TTTTAAATAT	0.000000	-107.816318	0	T:21214.0(100.00%),B:52868.0(99.37%),P:1e-46
0.100	0.100	0.100	0.700
0.100	0.100	0.100	0.700
0.100	0.100	0.100	0.700
0.100	0.100	0.100	0.700
0.700	0.100	0.100	0.100
0.700	0.100	0.100	0.100
0.700	0.100	0.100	0.100
0.100	0.100	0.100	0.700
0.700	0.100	0.100	0.100
0.100	0.100	0.100	0.700
>TTTTAAAACT	15-TTTTAAAACT	0.000000	-101.930890	0	T:21215.0(100.00%),B:52898.5(99.43%),P:1e-44
0.100	0.100	0.100	0.700
0.100	0.100	0.100	0.700
0.100	0.100	0.100	0.700
0.100	0.100	0.100	0.700
0.700	0.100	0.100	0.100
0.700	0.100	0.100	0.100
0.700	0.100	0.100	0.100
0.700	0.100	0.100	0.100
0.100	0.700	0.100	0.100
0.100	0.100	0.100	0.700
>TTTTAAAATG	16-TTTTAAAATG	0.000000	-99.794592	0	T:21214.0(100.00%),B:52891.3(99.42%),P:1e-43
0.100	0.100	0.100	0.700
0.100	0.100	0.100	0.700
0.100	0.100	0.100	0.700
0.100	0.100	0.100	0.700
0.700	0.100	0.100	0.100
0.700	0.100	0.100	0.100
0.700	0.100	0.100	0.100
0.700	0.100	0.100	0.100
0.100	0.100	0.100	0.700
0.100	0.100	0.700	0.100
>TTTTAAAAGT	17-TTTTAAAAGT	0.000000	-94.850406	0	T:21215.0(100.00%),B:52919.5(99.47%),P:1e-41
0.100	0.100	0.100	0.700
0.100	0.100	0.100	0.700
0.100	0.100	0.100	0.700
0.100	0.100	0.100	0.700
0.700	0.100	0.100	0.100
0.700	0.100	0.100	0.100
0.700	0.100	0.100	0.100
0.700	0.100	0.100	0.100
0.100	0.100	0.700	0.100
0.100	0.100	0.100	0.700
>TCTTTTAAAA	18-TCTTTTAAAA	0.000000	-88.783318	0	T:21215.0(100.00%),B:52937.2(99.50%),P:1e-38
0.100	0.100	0.100	0.700
0.100	0.700	0.100	0.100
0.100	0.100	0.100	0.700
0.100	0.100	0.100	0.700
0.100	0.100	0.100	0.700
0.100	0.100	0.100	0.700
0.700	0.100	0.100	0.100
0.700	0.100	0.100	0.100
0.700	0.100	0.100	0.100
0.700	0.100	0.100	0.100
>AAAACAAATT	19-AAAACAAATT	0.000000	-63.522620	0	T:21215.0(100.00%),B:53012.6(99.65%),P:1e-27
0.700	0.100	0.100	0.100
0.700	0.100	0.100	0.100
0.700	0.100	0.100	0.100
0.700	0.100	0.100	0.100
0.100	0.700	0.100	0.100
0.700	0.100	0.100	0.100
0.700	0.100	0.100	0.100
0.700	0.100	0.100	0.100
0.100	0.100	0.100	0.700
0.100	0.100	0.100	0.700
>TTTTGTCAAA	20-TTTTGTCAAA	0.000000	-57.801080	0	T:21215.0(100.00%),B:53029.3(99.68%),P:1e-25
0.100	0.100	0.100	0.700
0.100	0.100	0.100	0.700
0.100	0.100	0.100	0.700
0.100	0.100	0.100	0.700
0.100	0.100	0.700	0.100
0.100	0.100	0.100	0.700
0.100	0.700	0.100	0.100
0.700	0.100	0.100	0.100
0.700	0.100	0.100	0.100
0.700	0.100	0.100	0.100
>AAATTGCAAA	21-AAATTGCAAA	0.000000	-39.973331	0	T:21215.0(100.00%),B:53082.7(99.78%),P:1e-17
0.700	0.100	0.100	0.100
0.700	0.100	0.100	0.100
0.700	0.100	0.100	0.100
0.100	0.100	0.100	0.700
0.100	0.100	0.100	0.700
0.100	0.100	0.700	0.100
0.100	0.700	0.100	0.100
0.700	0.100	0.100	0.100
0.700	0.100	0.100	0.100
0.700	0.100	0.100	0.100
>AAACACAAAA	22-AAACACAAAA	0.000000	-38.628454	0	T:21215.0(100.00%),B:53086.6(99.78%),P:1e-16
0.700	0.100	0.100	0.100
0.700	0.100	0.100	0.100
0.700	0.100	0.100	0.100
0.100	0.700	0.100	0.100
0.700	0.100	0.100	0.100
0.100	0.700	0.100	0.100
0.700	0.100	0.100	0.100
0.700	0.100	0.100	0.100
0.700	0.100	0.100	0.100
0.700	0.100	0.100	0.100
>TTCAAAGCTT	23-TTCAAAGCTT	0.566642	-23.504515	0	T:21215.0(100.00%),B:53131.3(99.87%),P:1e-10	Tpos:100.0,Tstd:57.0,Bpos:339.9,Bstd:629.7,StrandBias:-0.0,Multiplicity:3.37
0.100	0.100	0.100	0.700
0.100	0.100	0.100	0.700
0.100	0.700	0.100	0.100
0.700	0.100	0.100	0.100
0.700	0.100	0.100	0.100
0.700	0.100	0.100	0.100
0.100	0.100	0.700	0.100
0.100	0.700	0.100	0.100
0.100	0.100	0.100	0.700
0.100	0.100	0.100	0.700
>TATTTTTAAA	24-TATTTTTAAA	-3.325178	0.000000	0	T:21215.0(100.00%),B:53201.1(100.00%),P:1e0	Tpos:99.7,Tstd:58.5,Bpos:393.3,Bstd:695.2,StrandBias:0.0,Multiplicity:1.82
0.100	0.100	0.100	0.700
0.700	0.100	0.100	0.100
0.100	0.100	0.100	0.700
0.100	0.100	0.100	0.700
0.100	0.100	0.100	0.700
0.100	0.100	0.100	0.700
0.100	0.100	0.100	0.700
0.700	0.100	0.100	0.100
0.700	0.100	0.100	0.100
0.700	0.100	0.100	0.100
>SCCGSCGSCG	25-SCCGSCGSCG	-8.167134	0.000000	0	T:21215.0(100.00%),B:53201.1(100.00%),P:1e0	Tpos:101.2,Tstd:57.8,Bpos:324.6,Bstd:635.9,StrandBias:0.0,Multiplicity:1.13
0.202	0.314	0.406	0.077
0.196	0.531	0.151	0.122
0.090	0.730	0.176	0.004
0.263	0.090	0.604	0.043
0.129	0.439	0.301	0.131
0.002	0.826	0.073	0.099
0.069	0.301	0.518	0.112
0.047	0.365	0.420	0.168
0.163	0.530	0.163	0.144
0.099	0.267	0.461	0.174
