>AAAAAAAAAA	1-AAAAAAAAAA	3.809251	-1750.770525	0	T:19436.0(91.61%),B:38945.5(73.20%),P:1e-760	Tpos:99.6,Tstd:56.9,Bpos:581.3,Bstd:824.6,StrandBias:0.0,Multiplicity:1.86
0.527	0.094	0.169	0.210
0.510	0.102	0.192	0.196
0.597	0.065	0.162	0.176
0.625	0.063	0.198	0.114
0.664	0.057	0.171	0.108
0.664	0.043	0.180	0.113
0.660	0.058	0.165	0.117
0.576	0.086	0.186	0.152
0.541	0.084	0.213	0.162
0.532	0.112	0.173	0.183
>YTTTTTTTTT	2-YTTTTTTTTT	1.669633	-1496.427748	0	T:16986.0(80.07%),B:31704.4(59.59%),P:1e-649	Tpos:100.3,Tstd:56.7,Bpos:505.0,Bstd:777.8,StrandBias:0.0,Multiplicity:1.80
0.026	0.463	0.001	0.510
0.001	0.001	0.001	0.997
0.001	0.199	0.001	0.799
0.001	0.123	0.001	0.875
0.001	0.246	0.001	0.752
0.001	0.001	0.001	0.997
0.001	0.147	0.001	0.851
0.001	0.027	0.001	0.971
0.001	0.200	0.001	0.798
0.071	0.100	0.001	0.828
>WTYMACMAAW	3-WTYMACMAAW	3.318204	-1367.401913	0	T:20970.0(98.85%),B:47223.0(88.76%),P:1e-593	Tpos:99.9,Tstd:57.3,Bpos:408.7,Bstd:699.2,StrandBias:0.0,Multiplicity:1.66
0.387	0.108	0.143	0.362
0.206	0.104	0.120	0.570
0.131	0.269	0.209	0.390
0.377	0.255	0.190	0.177
0.697	0.114	0.001	0.188
0.254	0.616	0.127	0.003
0.416	0.342	0.078	0.164
0.701	0.181	0.006	0.112
0.702	0.130	0.011	0.157
0.451	0.078	0.020	0.451
>WTTTTTTTTT	4-WTTTTTTTTT	3.686973	-1333.401968	0	T:19378.0(91.34%),B:40250.7(75.66%),P:1e-579	Tpos:99.6,Tstd:57.5,Bpos:624.1,Bstd:835.0,StrandBias:0.0,Multiplicity:2.05
0.316	0.123	0.104	0.457
0.298	0.109	0.103	0.489
0.301	0.089	0.096	0.514
0.291	0.110	0.088	0.511
0.274	0.087	0.083	0.556
0.256	0.096	0.075	0.573
0.252	0.056	0.076	0.616
0.249	0.001	0.052	0.698
0.240	0.001	0.051	0.708
0.256	0.085	0.079	0.580
>WAWWTYAAAW	5-WAWWTYAAAW	3.444703	-1328.227459	0	T:20153.0(94.99%),B:43316.4(81.42%),P:1e-576	Tpos:100.1,Tstd:56.9,Bpos:488.2,Bstd:763.6,StrandBias:0.0,Multiplicity:1.78
0.448	0.103	0.086	0.364
0.544	0.094	0.072	0.290
0.468	0.103	0.099	0.330
0.286	0.138	0.203	0.373
0.230	0.129	0.094	0.547
0.197	0.251	0.169	0.383
0.507	0.141	0.115	0.237
0.628	0.110	0.063	0.199
0.701	0.075	0.048	0.176
0.503	0.080	0.055	0.362
>TGACACGTGT	6-TGACACGTGT	2.341146	-1290.253984	0	T:21178.0(99.83%),B:49011.7(92.13%),P:1e-560	Tpos:100.5,Tstd:56.3,Bpos:399.6,Bstd:703.6,StrandBias:-0.0,Multiplicity:1.79
0.224	0.093	0.112	0.571
0.134	0.159	0.470	0.237
0.509	0.116	0.136	0.239
0.248	0.413	0.205	0.134
0.761	0.046	0.034	0.159
0.182	0.576	0.054	0.188
0.224	0.071	0.492	0.214
0.126	0.055	0.043	0.776
0.080	0.134	0.561	0.225
0.194	0.060	0.158	0.588
>HTTCTTCATT	7-HTTCTTCATT	2.941430	-1220.230670	0	T:21141.0(99.65%),B:48875.6(91.87%),P:1e-529	Tpos:100.1,Tstd:56.8,Bpos:369.8,Bstd:654.3,StrandBias:-0.0,Multiplicity:1.67
0.285	0.235	0.109	0.370
0.191	0.132	0.109	0.568
0.208	0.138	0.146	0.508
0.243	0.574	0.082	0.101
0.220	0.062	0.046	0.672
0.158	0.066	0.083	0.693
0.114	0.619	0.159	0.108
0.638	0.074	0.084	0.204
0.102	0.102	0.055	0.741
0.200	0.168	0.095	0.537
>WWTVATTTTW	8-WWTVATTTTW	3.500090	-1178.307936	0	T:20723.0(97.68%),B:46448.9(87.31%),P:1e-511	Tpos:100.1,Tstd:57.1,Bpos:452.8,Bstd:732.1,StrandBias:-0.0,Multiplicity:1.67
0.384	0.128	0.144	0.345
0.469	0.001	0.026	0.504
0.276	0.134	0.157	0.434
0.313	0.270	0.416	0.001
0.490	0.001	0.172	0.337
0.224	0.164	0.184	0.428
0.263	0.001	0.121	0.615
0.173	0.049	0.127	0.651
0.160	0.078	0.276	0.486
0.394	0.024	0.188	0.394
>GAGAGAGAGA	9-GAGAGAGAGA	3.697636	-840.630763	0	T:14053.0(66.24%),B:26514.3(49.84%),P:1e-365	Tpos:99.5,Tstd:54.3,Bpos:363.5,Bstd:654.7,StrandBias:0.0,Multiplicity:1.81
0.094	0.082	0.777	0.047
0.591	0.008	0.123	0.278
0.082	0.044	0.842	0.032
0.759	0.001	0.024	0.216
0.070	0.040	0.889	0.001
0.800	0.001	0.019	0.180
0.091	0.050	0.828	0.031
0.794	0.004	0.034	0.168
0.126	0.096	0.704	0.074
0.667	0.029	0.142	0.162
>TTTTAAAATA	10-TTTTAAAATA	0.000000	-152.067249	0	T:21214.0(100.00%),B:52735.2(99.12%),P:1e-66
0.100	0.100	0.100	0.700
0.100	0.100	0.100	0.700
0.100	0.100	0.100	0.700
0.100	0.100	0.100	0.700
0.700	0.100	0.100	0.100
0.700	0.100	0.100	0.100
0.700	0.100	0.100	0.100
0.700	0.100	0.100	0.100
0.100	0.100	0.100	0.700
0.700	0.100	0.100	0.100
>TTTTAAAAAC	11-TTTTAAAAAC	0.000000	-148.181260	0	T:21215.0(100.00%),B:52761.9(99.17%),P:1e-64
0.100	0.100	0.100	0.700
0.100	0.100	0.100	0.700
0.100	0.100	0.100	0.700
0.100	0.100	0.100	0.700
0.700	0.100	0.100	0.100
0.700	0.100	0.100	0.100
0.700	0.100	0.100	0.100
0.700	0.100	0.100	0.100
0.700	0.100	0.100	0.100
0.100	0.700	0.100	0.100
>TTTTAAAATT	12-TTTTAAAATT	0.000000	-145.815633	0	T:21215.0(100.00%),B:52768.5(99.19%),P:1e-63
0.100	0.100	0.100	0.700
0.100	0.100	0.100	0.700
0.100	0.100	0.100	0.700
0.100	0.100	0.100	0.700
0.700	0.100	0.100	0.100
0.700	0.100	0.100	0.100
0.700	0.100	0.100	0.100
0.700	0.100	0.100	0.100
0.100	0.100	0.100	0.700
0.100	0.100	0.100	0.700
>TATTTTAAAT	13-TATTTTAAAT	0.000000	-120.868794	0	T:21214.0(100.00%),B:52828.1(99.30%),P:1e-52
0.100	0.100	0.100	0.700
0.700	0.100	0.100	0.100
0.100	0.100	0.100	0.700
0.100	0.100	0.100	0.700
0.100	0.100	0.100	0.700
0.100	0.100	0.100	0.700
0.700	0.100	0.100	0.100
0.700	0.100	0.100	0.100
0.700	0.100	0.100	0.100
0.100	0.100	0.100	0.700
>TTTTAAATAT	14-TTTTAAATAT	0.000000	-107.816318	0	T:21214.0(100.00%),B:52868.0(99.37%),P:1e-46
0.100	0.100	0.100	0.700
0.100	0.100	0.100	0.700
0.100	0.100	0.100	0.700
0.100	0.100	0.100	0.700
0.700	0.100	0.100	0.100
0.700	0.100	0.100	0.100
0.700	0.100	0.100	0.100
0.100	0.100	0.100	0.700
0.700	0.100	0.100	0.100
0.100	0.100	0.100	0.700
>TTTTAAAACT	15-TTTTAAAACT	0.000000	-101.930890	0	T:21215.0(100.00%),B:52898.5(99.43%),P:1e-44
0.100	0.100	0.100	0.700
0.100	0.100	0.100	0.700
0.100	0.100	0.100	0.700
0.100	0.100	0.100	0.700
0.700	0.100	0.100	0.100
0.700	0.100	0.100	0.100
0.700	0.100	0.100	0.100
0.700	0.100	0.100	0.100
0.100	0.700	0.100	0.100
0.100	0.100	0.100	0.700
>TTTTAAAATG	16-TTTTAAAATG	0.000000	-99.794592	0	T:21214.0(100.00%),B:52891.3(99.42%),P:1e-43
0.100	0.100	0.100	0.700
0.100	0.100	0.100	0.700
0.100	0.100	0.100	0.700
0.100	0.100	0.100	0.700
0.700	0.100	0.100	0.100
0.700	0.100	0.100	0.100
0.700	0.100	0.100	0.100
0.700	0.100	0.100	0.100
0.100	0.100	0.100	0.700
0.100	0.100	0.700	0.100
>TTTTAAAAGT	17-TTTTAAAAGT	0.000000	-94.850406	0	T:21215.0(100.00%),B:52919.5(99.47%),P:1e-41
0.100	0.100	0.100	0.700
0.100	0.100	0.100	0.700
0.100	0.100	0.100	0.700
0.100	0.100	0.100	0.700
0.700	0.100	0.100	0.100
0.700	0.100	0.100	0.100
0.700	0.100	0.100	0.100
0.700	0.100	0.100	0.100
0.100	0.100	0.700	0.100
0.100	0.100	0.100	0.700
>TCTTTTAAAA	18-TCTTTTAAAA	0.000000	-88.783318	0	T:21215.0(100.00%),B:52937.2(99.50%),P:1e-38
0.100	0.100	0.100	0.700
0.100	0.700	0.100	0.100
0.100	0.100	0.100	0.700
0.100	0.100	0.100	0.700
0.100	0.100	0.100	0.700
0.100	0.100	0.100	0.700
0.700	0.100	0.100	0.100
0.700	0.100	0.100	0.100
0.700	0.100	0.100	0.100
0.700	0.100	0.100	0.100
>AAAACAAATT	19-AAAACAAATT	0.000000	-63.522620	0	T:21215.0(100.00%),B:53012.6(99.65%),P:1e-27
0.700	0.100	0.100	0.100
0.700	0.100	0.100	0.100
0.700	0.100	0.100	0.100
0.700	0.100	0.100	0.100
0.100	0.700	0.100	0.100
0.700	0.100	0.100	0.100
0.700	0.100	0.100	0.100
0.700	0.100	0.100	0.100
0.100	0.100	0.100	0.700
0.100	0.100	0.100	0.700
>TTTTGTCAAA	20-TTTTGTCAAA	0.000000	-57.801080	0	T:21215.0(100.00%),B:53029.3(99.68%),P:1e-25
0.100	0.100	0.100	0.700
0.100	0.100	0.100	0.700
0.100	0.100	0.100	0.700
0.100	0.100	0.100	0.700
0.100	0.100	0.700	0.100
0.100	0.100	0.100	0.700
0.100	0.700	0.100	0.100
0.700	0.100	0.100	0.100
0.700	0.100	0.100	0.100
0.700	0.100	0.100	0.100
>AAATTGCAAA	21-AAATTGCAAA	0.000000	-39.973331	0	T:21215.0(100.00%),B:53082.7(99.78%),P:1e-17
0.700	0.100	0.100	0.100
0.700	0.100	0.100	0.100
0.700	0.100	0.100	0.100
0.100	0.100	0.100	0.700
0.100	0.100	0.100	0.700
0.100	0.100	0.700	0.100
0.100	0.700	0.100	0.100
0.700	0.100	0.100	0.100
0.700	0.100	0.100	0.100
0.700	0.100	0.100	0.100
>AAACACAAAA	22-AAACACAAAA	0.000000	-38.628454	0	T:21215.0(100.00%),B:53086.6(99.78%),P:1e-16
0.700	0.100	0.100	0.100
0.700	0.100	0.100	0.100
0.700	0.100	0.100	0.100
0.100	0.700	0.100	0.100
0.700	0.100	0.100	0.100
0.100	0.700	0.100	0.100
0.700	0.100	0.100	0.100
0.700	0.100	0.100	0.100
0.700	0.100	0.100	0.100
0.700	0.100	0.100	0.100
>TTCAAAGCTT	23-TTCAAAGCTT	0.566642	-23.504515	0	T:21215.0(100.00%),B:53131.3(99.87%),P:1e-10	Tpos:100.0,Tstd:57.0,Bpos:339.9,Bstd:629.7,StrandBias:-0.0,Multiplicity:3.37
0.100	0.100	0.100	0.700
0.100	0.100	0.100	0.700
0.100	0.700	0.100	0.100
0.700	0.100	0.100	0.100
0.700	0.100	0.100	0.100
0.700	0.100	0.100	0.100
0.100	0.100	0.700	0.100
0.100	0.700	0.100	0.100
0.100	0.100	0.100	0.700
0.100	0.100	0.100	0.700
>TATTTTTAAA	24-TATTTTTAAA	-3.325178	0.000000	0	T:21215.0(100.00%),B:53201.1(100.00%),P:1e0	Tpos:99.7,Tstd:58.5,Bpos:393.3,Bstd:695.2,StrandBias:0.0,Multiplicity:1.82
0.100	0.100	0.100	0.700
0.700	0.100	0.100	0.100
0.100	0.100	0.100	0.700
0.100	0.100	0.100	0.700
0.100	0.100	0.100	0.700
0.100	0.100	0.100	0.700
0.100	0.100	0.100	0.700
0.700	0.100	0.100	0.100
0.700	0.100	0.100	0.100
0.700	0.100	0.100	0.100
>SCCGSCGSCG	25-SCCGSCGSCG	-8.167134	0.000000	0	T:21215.0(100.00%),B:53201.1(100.00%),P:1e0	Tpos:101.2,Tstd:57.8,Bpos:324.6,Bstd:635.9,StrandBias:0.0,Multiplicity:1.13
0.202	0.314	0.406	0.077
0.196	0.531	0.151	0.122
0.090	0.730	0.176	0.004
0.263	0.090	0.604	0.043
0.129	0.439	0.301	0.131
0.002	0.826	0.073	0.099
0.069	0.301	0.518	0.112
0.047	0.365	0.420	0.168
0.163	0.530	0.163	0.144
0.099	0.267	0.461	0.174
>TTTGGTTTGGTT	1-TTTGGTTTGGTT	3.051420	-1885.707661	0	T:20895.0(98.49%),B:45204.3(84.97%),P:1e-818	Tpos:99.1,Tstd:56.6,Bpos:375.9,Bstd:667.7,StrandBias:-0.0,Multiplicity:1.64
0.157	0.089	0.110	0.644
0.102	0.081	0.060	0.757
0.071	0.126	0.266	0.537
0.110	0.088	0.632	0.170
0.243	0.095	0.519	0.143
0.144	0.074	0.151	0.631
0.038	0.050	0.075	0.837
0.065	0.091	0.153	0.691
0.085	0.141	0.528	0.246
0.152	0.146	0.525	0.177
0.209	0.063	0.221	0.507
0.104	0.093	0.087	0.716
>WTGWYDWYWRAW	2-WTGWYDWYWRAW	4.206184	-1763.399533	0	T:19704.0(92.88%),B:39949.9(75.09%),P:1e-765	Tpos:99.9,Tstd:55.9,Bpos:465.7,Bstd:741.2,StrandBias:0.0,Multiplicity:1.73
0.337	0.095	0.159	0.408
0.150	0.004	0.001	0.845
0.280	0.076	0.443	0.201
0.433	0.001	0.001	0.565
0.104	0.293	0.167	0.435
0.303	0.036	0.328	0.333
0.324	0.131	0.191	0.354
0.123	0.277	0.185	0.415
0.321	0.224	0.067	0.388
0.501	0.070	0.377	0.052
0.635	0.001	0.001	0.363
0.372	0.176	0.083	0.369
>HNAHWHNTHYWH	3-HNAHWHNTHYWH	3.871391	-1682.256806	0	T:20511.0(96.68%),B:43744.1(82.22%),P:1e-730	Tpos:100.1,Tstd:56.5,Bpos:442.3,Bstd:725.3,StrandBias:0.0,Multiplicity:1.65
0.370	0.294	0.001	0.336
0.209	0.292	0.253	0.246
0.997	0.001	0.001	0.001
0.332	0.346	0.001	0.322
0.534	0.001	0.001	0.464
0.343	0.352	0.001	0.304
0.281	0.207	0.322	0.191
0.244	0.001	0.001	0.754
0.320	0.363	0.001	0.316
0.001	0.537	0.001	0.461
0.514	0.001	0.001	0.484
0.288	0.343	0.054	0.315
>TTTTAWWATTTT	4-TTTTAWWATTTT	4.253265	-1672.623630	0	T:17940.0(84.56%),B:33999.1(63.91%),P:1e-726	Tpos:99.6,Tstd:57.0,Bpos:652.5,Bstd:851.9,StrandBias:-0.0,Multiplicity:2.20
0.302	0.050	0.062	0.586
0.267	0.057	0.059	0.617
0.282	0.057	0.086	0.575
0.315	0.082	0.119	0.484
0.508	0.077	0.121	0.294
0.472	0.062	0.087	0.379
0.458	0.056	0.059	0.427
0.531	0.038	0.068	0.363
0.346	0.035	0.059	0.560
0.289	0.049	0.061	0.601
0.239	0.041	0.081	0.639
0.255	0.047	0.096	0.602
>TTTTTTTTTTTT	5-TTTTTTTTTTTT	4.171348	-1594.541037	0	T:17210.0(81.12%),B:31998.9(60.15%),P:1e-692	Tpos:100.5,Tstd:56.5,Bpos:533.8,Bstd:791.7,StrandBias:0.0,Multiplicity:1.86
0.062	0.095	0.044	0.799
0.001	0.152	0.060	0.787
0.063	0.106	0.001	0.830
0.057	0.001	0.001	0.941
0.001	0.071	0.021	0.907
0.043	0.177	0.029	0.751
0.074	0.001	0.086	0.839
0.060	0.173	0.052	0.715
0.056	0.130	0.028	0.786
0.001	0.001	0.117	0.881
0.048	0.159	0.056	0.737
0.100	0.207	0.001	0.692
>RTGTSTSWVTSW	6-RTGTSTSWVTSW	2.549468	-1478.469855	0	T:21108.0(99.50%),B:47855.7(89.95%),P:1e-642	Tpos:100.4,Tstd:55.8,Bpos:388.9,Bstd:678.8,StrandBias:-0.0,Multiplicity:1.70
0.511	0.016	0.368	0.105
0.239	0.201	0.001	0.559
0.282	0.191	0.507	0.020
0.283	0.165	0.033	0.519
0.222	0.298	0.433	0.047
0.322	0.043	0.001	0.634
0.205	0.370	0.425	0.001
0.385	0.155	0.052	0.408
0.311	0.231	0.378	0.079
0.386	0.061	0.001	0.552
0.229	0.233	0.381	0.158
0.410	0.067	0.019	0.504
>AAACCCGACCCG	7-AAACCCGACCCG	0.000000	-994.837040	0	T:21212.0(99.99%),B:50253.4(94.46%),P:1e-432
0.700	0.100	0.100	0.100
0.700	0.100	0.100	0.100
0.700	0.100	0.100	0.100
0.100	0.700	0.100	0.100
0.100	0.700	0.100	0.100
0.100	0.700	0.100	0.100
0.100	0.100	0.700	0.100
0.700	0.100	0.100	0.100
0.100	0.700	0.100	0.100
0.100	0.700	0.100	0.100
0.100	0.700	0.100	0.100
0.100	0.100	0.700	0.100
>AGAGAGAGAGAG	8-AGAGAGAGAGAG	4.086687	-956.461760	0	T:14311.0(67.46%),B:26597.6(49.99%),P:1e-415	Tpos:99.4,Tstd:54.1,Bpos:399.3,Bstd:690.6,StrandBias:0.0,Multiplicity:1.81
0.694	0.059	0.128	0.119
0.158	0.058	0.686	0.098
0.806	0.013	0.081	0.100
0.169	0.051	0.724	0.056
0.834	0.011	0.043	0.112
0.131	0.021	0.819	0.029
0.865	0.011	0.023	0.101
0.132	0.032	0.761	0.075
0.799	0.014	0.076	0.111
0.161	0.077	0.667	0.095
0.757	0.013	0.106	0.124
0.191	0.094	0.594	0.121
>GAGACAGAGAGA	9-GAGACAGAGAGA	0.000000	-360.137279	0	T:21215.0(100.00%),B:52137.4(98.00%),P:1e-156
0.100	0.100	0.700	0.100
0.700	0.100	0.100	0.100
0.100	0.100	0.700	0.100
0.700	0.100	0.100	0.100
0.100	0.700	0.100	0.100
0.700	0.100	0.100	0.100
0.100	0.100	0.700	0.100
0.700	0.100	0.100	0.100
0.100	0.100	0.700	0.100
0.700	0.100	0.100	0.100
0.100	0.100	0.700	0.100
0.700	0.100	0.100	0.100
>TCTCTATCTCTC	10-TCTCTATCTCTC	0.000000	-225.718283	0	T:21215.0(100.00%),B:52532.6(98.74%),P:1e-98
0.100	0.100	0.100	0.700
0.100	0.700	0.100	0.100
0.100	0.100	0.100	0.700
0.100	0.700	0.100	0.100
0.100	0.100	0.100	0.700
0.700	0.100	0.100	0.100
0.100	0.100	0.100	0.700
0.100	0.700	0.100	0.100
0.100	0.100	0.100	0.700
0.100	0.700	0.100	0.100
0.100	0.100	0.100	0.700
0.100	0.700	0.100	0.100
>TCTCTCTTTCTC	11-TCTCTCTTTCTC	0.000000	-203.003155	0	T:21215.0(100.00%),B:52599.1(98.87%),P:1e-88
0.100	0.100	0.100	0.700
0.100	0.700	0.100	0.100
0.100	0.100	0.100	0.700
0.100	0.700	0.100	0.100
0.100	0.100	0.100	0.700
0.100	0.700	0.100	0.100
0.100	0.100	0.100	0.700
0.100	0.100	0.100	0.700
0.100	0.100	0.100	0.700
0.100	0.700	0.100	0.100
0.100	0.100	0.100	0.700
0.100	0.700	0.100	0.100
>TCTCTTTCTCTC	12-TCTCTTTCTCTC	0.000000	-193.178843	0	T:21215.0(100.00%),B:52628.8(98.92%),P:1e-83
0.100	0.100	0.100	0.700
0.100	0.700	0.100	0.100
0.100	0.100	0.100	0.700
0.100	0.700	0.100	0.100
0.100	0.100	0.100	0.700
0.100	0.100	0.100	0.700
0.100	0.100	0.100	0.700
0.100	0.700	0.100	0.100
0.100	0.100	0.100	0.700
0.100	0.700	0.100	0.100
0.100	0.100	0.100	0.700
0.100	0.700	0.100	0.100
>TCTTTTTTATTT	13-TCTTTTTTATTT	0.000000	-184.713294	0	T:21215.0(100.00%),B:52654.0(98.97%),P:1e-80
0.100	0.100	0.100	0.700
0.100	0.700	0.100	0.100
0.100	0.100	0.100	0.700
0.100	0.100	0.100	0.700
0.100	0.100	0.100	0.700
0.100	0.100	0.100	0.700
0.100	0.100	0.100	0.700
0.100	0.100	0.100	0.700
0.700	0.100	0.100	0.100
0.100	0.100	0.100	0.700
0.100	0.100	0.100	0.700
0.100	0.100	0.100	0.700
>TTTTCTTTTATT	14-TTTTCTTTTATT	0.000000	-183.689607	0	T:21214.0(100.00%),B:52641.3(98.95%),P:1e-79
0.100	0.100	0.100	0.700
0.100	0.100	0.100	0.700
0.100	0.100	0.100	0.700
0.100	0.100	0.100	0.700
0.100	0.700	0.100	0.100
0.100	0.100	0.100	0.700
0.100	0.100	0.100	0.700
0.100	0.100	0.100	0.700
0.100	0.100	0.100	0.700
0.700	0.100	0.100	0.100
0.100	0.100	0.100	0.700
0.100	0.100	0.100	0.700
>TTTTGTTTTTGT	15-TTTTGTTTTTGT	0.000000	-162.486827	0	T:21214.0(100.00%),B:52704.9(99.07%),P:1e-70
0.100	0.100	0.100	0.700
0.100	0.100	0.100	0.700
0.100	0.100	0.100	0.700
0.100	0.100	0.100	0.700
0.100	0.100	0.700	0.100
0.100	0.100	0.100	0.700
0.100	0.100	0.100	0.700
0.100	0.100	0.100	0.700
0.100	0.100	0.100	0.700
0.100	0.100	0.100	0.700
0.100	0.100	0.700	0.100
0.100	0.100	0.100	0.700
>TACACATGACAT	16-TACACATGACAT	0.000000	-160.013391	0	T:21215.0(100.00%),B:52726.6(99.11%),P:1e-69
0.100	0.100	0.100	0.700
0.700	0.100	0.100	0.100
0.100	0.700	0.100	0.100
0.700	0.100	0.100	0.100
0.100	0.700	0.100	0.100
0.700	0.100	0.100	0.100
0.100	0.100	0.100	0.700
0.100	0.100	0.700	0.100
0.700	0.100	0.100	0.100
0.100	0.700	0.100	0.100
0.700	0.100	0.100	0.100
0.100	0.100	0.100	0.700
>AAGAGAGAAAGA	17-AAGAGAGAAAGA	0.000000	-142.436628	0	T:21215.0(100.00%),B:52778.8(99.21%),P:1e-61
0.700	0.100	0.100	0.100
0.700	0.100	0.100	0.100
0.100	0.100	0.700	0.100
0.700	0.100	0.100	0.100
0.100	0.100	0.700	0.100
0.700	0.100	0.100	0.100
0.100	0.100	0.700	0.100
0.700	0.100	0.100	0.100
0.700	0.100	0.100	0.100
0.700	0.100	0.100	0.100
0.100	0.100	0.700	0.100
0.700	0.100	0.100	0.100
>GAAAAAGAGAGA	18-GAAAAAGAGAGA	0.000000	-121.161381	0	T:21215.0(100.00%),B:52841.8(99.32%),P:1e-52
0.100	0.100	0.700	0.100
0.700	0.100	0.100	0.100
0.700	0.100	0.100	0.100
0.700	0.100	0.100	0.100
0.700	0.100	0.100	0.100
0.700	0.100	0.100	0.100
0.100	0.100	0.700	0.100
0.700	0.100	0.100	0.100
0.100	0.100	0.700	0.100
0.700	0.100	0.100	0.100
0.100	0.100	0.700	0.100
0.700	0.100	0.100	0.100
>AATTTTCTTTTG	19-AATTTTCTTTTG	0.000000	-115.761572	0	T:21215.0(100.00%),B:52857.7(99.35%),P:1e-50
0.700	0.100	0.100	0.100
0.700	0.100	0.100	0.100
0.100	0.100	0.100	0.700
0.100	0.100	0.100	0.700
0.100	0.100	0.100	0.700
0.100	0.100	0.100	0.700
0.100	0.700	0.100	0.100
0.100	0.100	0.100	0.700
0.100	0.100	0.100	0.700
0.100	0.100	0.100	0.700
0.100	0.100	0.100	0.700
0.100	0.100	0.700	0.100
>AAGAAGAAGATG	20-AAGAAGAAGATG	0.679971	-115.086693	0	T:21215.0(100.00%),B:52859.1(99.36%),P:1e-49	Tpos:100.2,Tstd:56.6,Bpos:330.2,Bstd:624.8,StrandBias:0.0,Multiplicity:2.72
0.700	0.100	0.100	0.100
0.700	0.100	0.100	0.100
0.100	0.100	0.700	0.100
0.700	0.100	0.100	0.100
0.700	0.100	0.100	0.100
0.100	0.100	0.700	0.100
0.700	0.100	0.100	0.100
0.700	0.100	0.100	0.100
0.100	0.100	0.700	0.100
0.700	0.100	0.100	0.100
0.100	0.100	0.100	0.700
0.100	0.100	0.700	0.100
>CTCTTTCTTCTT	21-CTCTTTCTTCTT	0.000000	-113.062187	0	T:21215.0(100.00%),B:52865.0(99.37%),P:1e-49
0.100	0.700	0.100	0.100
0.100	0.100	0.100	0.700
0.100	0.700	0.100	0.100
0.100	0.100	0.100	0.700
0.100	0.100	0.100	0.700
0.100	0.100	0.100	0.700
0.100	0.700	0.100	0.100
0.100	0.100	0.100	0.700
0.100	0.100	0.100	0.700
0.100	0.700	0.100	0.100
0.100	0.100	0.100	0.700
0.100	0.100	0.100	0.700
>AAAAGAGAGAAG	22-AAAAGAGAGAAG	0.000000	-108.339099	0	T:21215.0(100.00%),B:52879.7(99.40%),P:1e-47
0.700	0.100	0.100	0.100
0.700	0.100	0.100	0.100
0.700	0.100	0.100	0.100
0.700	0.100	0.100	0.100
0.100	0.100	0.700	0.100
0.700	0.100	0.100	0.100
0.100	0.100	0.700	0.100
0.700	0.100	0.100	0.100
0.100	0.100	0.700	0.100
0.700	0.100	0.100	0.100
0.700	0.100	0.100	0.100
0.100	0.100	0.700	0.100
>CAAAACACTAAC	23-CAAAACACTAAC	0.000000	-105.640667	0	T:21215.0(100.00%),B:52887.1(99.41%),P:1e-45
0.100	0.700	0.100	0.100
0.700	0.100	0.100	0.100
0.700	0.100	0.100	0.100
0.700	0.100	0.100	0.100
0.700	0.100	0.100	0.100
0.100	0.700	0.100	0.100
0.700	0.100	0.100	0.100
0.100	0.700	0.100	0.100
0.100	0.100	0.100	0.700
0.700	0.100	0.100	0.100
0.700	0.100	0.100	0.100
0.100	0.700	0.100	0.100
>AAAACACTAACC	24-AAAACACTAACC	-1.848874	-1.342407	0	T:21215.0(100.00%),B:53197.4(99.99%),P:1e0	Tpos:100.5,Tstd:58.3,Bpos:380.3,Bstd:688.5,StrandBias:-0.0,Multiplicity:1.70
0.621	0.104	0.133	0.142
0.693	0.135	0.083	0.089
0.651	0.130	0.107	0.112
0.540	0.163	0.141	0.156
0.083	0.761	0.065	0.091
0.559	0.167	0.099	0.175
0.073	0.713	0.120	0.094
0.078	0.076	0.094	0.752
0.645	0.120	0.113	0.122
0.648	0.128	0.141	0.083
0.163	0.647	0.096	0.094
0.049	0.774	0.130	0.047
>TYCYTAMAAMWA	25-TYCYTAMAAMWA	-26.120757	0.000000	0	T:21215.0(100.00%),B:53201.1(100.00%),P:1e0	Tpos:101.1,Tstd:60.7,Bpos:380.2,Bstd:688.7,StrandBias:0.0,Multiplicity:1.18
0.027	0.357	0.062	0.554
0.001	0.479	0.001	0.519
0.001	0.654	0.145	0.200
0.114	0.305	0.194	0.388
0.184	0.194	0.166	0.457
0.384	0.214	0.194	0.207
0.524	0.455	0.020	0.001
0.592	0.332	0.075	0.001
0.985	0.007	0.001	0.007
0.311	0.381	0.204	0.104
0.332	0.083	0.145	0.440
0.527	0.232	0.193	0.048
>TAHWWTWT	1-TAHWWTWT	4.415029	-1642.771313	0	T:18110.0(85.36%),B:34666.7(65.16%),P:1e-713	Tpos:99.5,Tstd:57.7,Bpos:622.9,Bstd:838.3,StrandBias:0.0,Multiplicity:2.54
0.065	0.070	0.001	0.864
0.934	0.001	0.001	0.064
0.372	0.247	0.001	0.380
0.531	0.001	0.001	0.467
0.449	0.038	0.067	0.446
0.323	0.001	0.001	0.675
0.444	0.001	0.228	0.327
0.274	0.001	0.176	0.549
>TGTVAAWN	2-TGTVAAWN	4.266564	-1594.096469	0	T:18588.0(87.62%),B:36452.3(68.52%),P:1e-692	Tpos:99.9,Tstd:56.5,Bpos:475.0,Bstd:750.4,StrandBias:0.0,Multiplicity:1.64
0.001	0.314	0.001	0.684
0.001	0.001	0.997	0.001
0.001	0.001	0.001	0.997
0.388	0.267	0.343	0.001
0.516	0.196	0.001	0.287
0.537	0.001	0.095	0.367
0.409	0.104	0.170	0.317
0.297	0.231	0.178	0.294
>AYGTVAWW	3-AYGTVAWW	2.323241	-1587.612261	0	T:18023.0(84.95%),B:34591.2(65.02%),P:1e-689	Tpos:99.9,Tstd:56.4,Bpos:490.1,Bstd:761.8,StrandBias:-0.0,Multiplicity:1.69
0.959	0.001	0.039	0.001
0.001	0.452	0.001	0.546
0.001	0.001	0.997	0.001
0.001	0.001	0.001	0.997
0.340	0.282	0.377	0.001
0.454	0.188	0.086	0.273
0.453	0.139	0.104	0.305
0.343	0.169	0.161	0.328
>WWWWWTAC	4-WWWWWTAC	0.485331	-1558.955194	0	T:18799.0(88.61%),B:37314.4(70.14%),P:1e-677	Tpos:100.0,Tstd:56.9,Bpos:512.0,Bstd:781.5,StrandBias:0.0,Multiplicity:1.71
0.476	0.001	0.001	0.522
0.385	0.126	0.139	0.351
0.464	0.001	0.001	0.534
0.479	0.001	0.001	0.519
0.449	0.001	0.001	0.549
0.001	0.194	0.299	0.506
0.997	0.001	0.001	0.001
0.001	0.997	0.001	0.001
>WWAAAAWT	5-WWAAAAWT	3.846433	-1385.710547	0	T:19190.0(90.45%),B:39362.2(73.99%),P:1e-601	Tpos:99.4,Tstd:57.6,Bpos:505.2,Bstd:777.8,StrandBias:-0.0,Multiplicity:1.77
0.441	0.076	0.084	0.400
0.412	0.189	0.087	0.312
0.582	0.222	0.080	0.116
0.578	0.045	0.050	0.327
0.561	0.071	0.001	0.367
0.564	0.052	0.001	0.383
0.480	0.019	0.023	0.478
0.111	0.086	0.080	0.723
>WAAWAAAW	6-WAAWAAAW	3.298895	-1273.946475	0	T:20184.0(95.14%),B:43642.9(82.03%),P:1e-553	Tpos:100.1,Tstd:57.4,Bpos:478.8,Bstd:758.0,StrandBias:0.0,Multiplicity:1.79
0.406	0.152	0.082	0.359
0.553	0.133	0.089	0.225
0.504	0.135	0.146	0.215
0.412	0.150	0.052	0.386
0.515	0.171	0.081	0.233
0.661	0.100	0.068	0.171
0.656	0.096	0.062	0.186
0.462	0.086	0.086	0.366
>GNCACGTG	7-GNCACGTG	1.831394	-1231.157866	0	T:14815.0(69.83%),B:26654.1(50.10%),P:1e-534	Tpos:100.8,Tstd:55.5,Bpos:443.7,Bstd:731.8,StrandBias:0.0,Multiplicity:1.88
0.128	0.191	0.453	0.228
0.282	0.307	0.178	0.234
0.018	0.881	0.043	0.058
0.854	0.018	0.127	0.001
0.009	0.914	0.020	0.057
0.058	0.022	0.919	0.001
0.001	0.096	0.008	0.895
0.075	0.099	0.802	0.024
>WTTTKTWW	8-WTTTKTWW	2.633417	-930.901976	0	T:21021.0(99.09%),B:48903.5(91.92%),P:1e-404	Tpos:99.9,Tstd:57.4,Bpos:391.6,Bstd:684.3,StrandBias:-0.0,Multiplicity:1.62
0.390	0.058	0.077	0.475
0.212	0.117	0.157	0.514
0.028	0.151	0.203	0.618
0.137	0.158	0.191	0.514
0.087	0.200	0.289	0.424
0.191	0.146	0.176	0.487
0.274	0.176	0.165	0.385
0.345	0.166	0.125	0.365
>WHCWWHHW	9-WHCWWHHW	2.942001	-900.412926	0	T:21177.0(99.82%),B:50130.3(94.23%),P:1e-391	Tpos:99.7,Tstd:57.8,Bpos:388.7,Bstd:671.1,StrandBias:-0.0,Multiplicity:1.69
0.407	0.206	0.001	0.386
0.334	0.300	0.001	0.364
0.001	0.997	0.001	0.001
0.355	0.177	0.120	0.348
0.368	0.173	0.166	0.293
0.328	0.183	0.166	0.323
0.271	0.249	0.155	0.325
0.403	0.200	0.001	0.397
>HTTCTYTT	10-HTTCTYTT	2.495514	-879.363726	0	T:21200.0(99.93%),B:50427.8(94.79%),P:1e-381	Tpos:99.7,Tstd:56.5,Bpos:316.6,Bstd:606.0,StrandBias:-0.0,Multiplicity:1.85
0.314	0.201	0.139	0.345
0.212	0.120	0.077	0.591
0.123	0.208	0.257	0.412
0.079	0.461	0.195	0.265
0.139	0.264	0.094	0.503
0.069	0.447	0.086	0.398
0.252	0.143	0.014	0.591
0.237	0.191	0.061	0.511
>WWRDNNND	11-WWRDNNND	2.578240	-854.785338	0	T:21128.0(99.59%),B:49862.0(93.72%),P:1e-371	Tpos:100.5,Tstd:56.9,Bpos:406.1,Bstd:688.3,StrandBias:-0.0,Multiplicity:1.69
0.361	0.010	0.215	0.414
0.502	0.001	0.001	0.496
0.520	0.001	0.478	0.001
0.353	0.001	0.324	0.322
0.272	0.239	0.214	0.275
0.278	0.218	0.205	0.300
0.259	0.274	0.231	0.236
0.354	0.001	0.301	0.344
>WAWWWWWW	12-WAWWWWWW	2.755501	-851.845587	0	T:20865.0(98.35%),B:48286.2(90.76%),P:1e-369	Tpos:100.1,Tstd:57.9,Bpos:472.8,Bstd:754.1,StrandBias:-0.0,Multiplicity:1.63
0.354	0.194	0.158	0.294
0.643	0.355	0.001	0.001
0.416	0.182	0.106	0.297
0.368	0.214	0.140	0.278
0.395	0.187	0.107	0.311
0.444	0.182	0.001	0.373
0.459	0.159	0.001	0.381
0.482	0.117	0.015	0.387
>NAAHCCAH	13-NAAHCCAH	2.178092	-833.211933	0	T:21213.0(99.99%),B:50731.3(95.36%),P:1e-361	Tpos:99.8,Tstd:57.2,Bpos:368.8,Bstd:670.0,StrandBias:0.0,Multiplicity:1.85
0.281	0.258	0.200	0.261
0.445	0.250	0.157	0.148
0.434	0.230	0.104	0.232
0.231	0.352	0.088	0.329
0.016	0.633	0.035	0.316
0.311	0.462	0.188	0.040
0.545	0.251	0.071	0.133
0.371	0.235	0.053	0.341
>NTCTBNBC	14-NTCTBNBC	2.223291	-386.775567	0	T:21214.0(100.00%),B:52042.9(97.82%),P:1e-167	Tpos:99.9,Tstd:56.8,Bpos:320.1,Bstd:609.8,StrandBias:-0.0,Multiplicity:1.80
0.269	0.242	0.290	0.199
0.373	0.001	0.001	0.625
0.001	0.696	0.001	0.302
0.210	0.001	0.001	0.788
0.001	0.346	0.373	0.280
0.280	0.245	0.275	0.201
0.001	0.302	0.399	0.298
0.357	0.537	0.001	0.105
>TTAATTAA	15-TTAATTAA	0.453314	-97.884607	0	T:21215.0(100.00%),B:52910.5(99.45%),P:1e-42	Tpos:100.5,Tstd:51.5,Bpos:173.0,Bstd:193.8,StrandBias:0.0,Multiplicity:1.00
0.100	0.100	0.100	0.700
0.100	0.100	0.100	0.700
0.700	0.100	0.100	0.100
0.700	0.100	0.100	0.100
0.100	0.100	0.100	0.700
0.100	0.100	0.100	0.700
0.700	0.100	0.100	0.100
0.700	0.100	0.100	0.100
>GTAATTAA	16-GTAATTAA	0.000000	-12.420540	0	T:21215.0(100.00%),B:53164.4(99.93%),P:1e-5
0.100	0.100	0.700	0.100
0.100	0.100	0.100	0.700
0.700	0.100	0.100	0.100
0.700	0.100	0.100	0.100
0.100	0.100	0.100	0.700
0.100	0.100	0.100	0.700
0.700	0.100	0.100	0.100
0.700	0.100	0.100	0.100
>AAAAAACC	17-AAAAAACC	0.000000	-8.055730	0	T:21215.0(100.00%),B:53177.4(99.96%),P:1e-3
0.700	0.100	0.100	0.100
0.700	0.100	0.100	0.100
0.700	0.100	0.100	0.100
0.700	0.100	0.100	0.100
0.700	0.100	0.100	0.100
0.700	0.100	0.100	0.100
0.100	0.700	0.100	0.100
0.100	0.700	0.100	0.100
>TATTTTCT	18-TATTTTCT	0.453314	-4.363137	0	T:21215.0(100.00%),B:53189.0(99.98%),P:1e-1	Tpos:100.1,Tstd:58.5,Bpos:371.8,Bstd:671.9,StrandBias:-0.0,Multiplicity:1.88
0.100	0.100	0.100	0.700
0.700	0.100	0.100	0.100
0.100	0.100	0.100	0.700
0.100	0.100	0.100	0.700
0.100	0.100	0.100	0.700
0.100	0.100	0.100	0.700
0.100	0.700	0.100	0.100
0.100	0.100	0.100	0.700
>AAAGAAAG	19-AAAGAAAG	0.000000	-3.691826	0	T:21215.0(100.00%),B:53190.4(99.98%),P:1e-1
0.700	0.100	0.100	0.100
0.700	0.100	0.100	0.100
0.700	0.100	0.100	0.100
0.100	0.100	0.700	0.100
0.700	0.100	0.100	0.100
0.700	0.100	0.100	0.100
0.700	0.100	0.100	0.100
0.100	0.100	0.700	0.100
>AGTCAACT	20-AGTCAACT	0.000000	-3.356179	0	T:21215.0(100.00%),B:53191.8(99.98%),P:1e-1
0.700	0.100	0.100	0.100
0.100	0.100	0.700	0.100
0.100	0.100	0.100	0.700
0.100	0.700	0.100	0.100
0.700	0.100	0.100	0.100
0.700	0.100	0.100	0.100
0.100	0.700	0.100	0.100
0.100	0.100	0.100	0.700
>AATAGAGA	21-AATAGAGA	0.000000	-2.684900	0	T:21215.0(100.00%),B:53193.4(99.99%),P:1e-1
0.700	0.100	0.100	0.100
0.700	0.100	0.100	0.100
0.100	0.100	0.100	0.700
0.700	0.100	0.100	0.100
0.100	0.100	0.700	0.100
0.700	0.100	0.100	0.100
0.100	0.100	0.700	0.100
0.700	0.100	0.100	0.100
>WSSCNKKA	22-WSSCNKKA	-0.249695	-1.678022	0	T:21215.0(100.00%),B:53196.8(99.99%),P:1e0	Tpos:100.3,Tstd:58.1,Bpos:310.4,Bstd:615.0,StrandBias:0.0,Multiplicity:1.80
0.364	0.205	0.118	0.313
0.091	0.372	0.331	0.206
0.198	0.309	0.406	0.087
0.021	0.567	0.354	0.058
0.264	0.265	0.197	0.275
0.010	0.255	0.433	0.302
0.179	0.154	0.331	0.336
0.512	0.110	0.112	0.266
>AGTCAACA	23-AGTCAACA	0.000000	-1.678022	0	T:21215.0(100.00%),B:53196.7(99.99%),P:1e0
0.700	0.100	0.100	0.100
0.100	0.100	0.700	0.100
0.100	0.100	0.100	0.700
0.100	0.700	0.100	0.100
0.700	0.100	0.100	0.100
0.700	0.100	0.100	0.100
0.100	0.700	0.100	0.100
0.700	0.100	0.100	0.100
>GTCAACTA	24-GTCAACTA	0.000000	-1.678022	0	T:21215.0(100.00%),B:53196.6(99.99%),P:1e0
0.100	0.100	0.700	0.100
0.100	0.100	0.100	0.700
0.100	0.700	0.100	0.100
0.700	0.100	0.100	0.100
0.700	0.100	0.100	0.100
0.100	0.700	0.100	0.100
0.100	0.100	0.100	0.700
0.700	0.100	0.100	0.100
>SYYTAWYC	25-SYYTAWYC	-26.633032	0.000000	0	T:21215.0(100.00%),B:53201.1(100.00%),P:1e0	Tpos:100.9,Tstd:58.7,Bpos:403.7,Bstd:707.5,StrandBias:0.0,Multiplicity:1.24
0.001	0.571	0.427	0.001
0.001	0.567	0.001	0.431
0.001	0.457	0.001	0.541
0.211	0.217	0.200	0.371
0.615	0.383	0.001	0.001
0.574	0.001	0.001	0.424
0.168	0.485	0.001	0.346
0.001	0.620	0.378	0.001
