>TAHWWTWT	1-TAHWWTWT	4.415029	-1642.771313	0	T:18110.0(85.36%),B:34666.7(65.16%),P:1e-713	Tpos:99.5,Tstd:57.7,Bpos:622.9,Bstd:838.3,StrandBias:0.0,Multiplicity:2.54
0.065	0.070	0.001	0.864
0.934	0.001	0.001	0.064
0.372	0.247	0.001	0.380
0.531	0.001	0.001	0.467
0.449	0.038	0.067	0.446
0.323	0.001	0.001	0.675
0.444	0.001	0.228	0.327
0.274	0.001	0.176	0.549
>TGTVAAWN	2-TGTVAAWN	4.266564	-1594.096469	0	T:18588.0(87.62%),B:36452.3(68.52%),P:1e-692	Tpos:99.9,Tstd:56.5,Bpos:475.0,Bstd:750.4,StrandBias:0.0,Multiplicity:1.64
0.001	0.314	0.001	0.684
0.001	0.001	0.997	0.001
0.001	0.001	0.001	0.997
0.388	0.267	0.343	0.001
0.516	0.196	0.001	0.287
0.537	0.001	0.095	0.367
0.409	0.104	0.170	0.317
0.297	0.231	0.178	0.294
>AYGTVAWW	3-AYGTVAWW	2.323241	-1587.612261	0	T:18023.0(84.95%),B:34591.2(65.02%),P:1e-689	Tpos:99.9,Tstd:56.4,Bpos:490.1,Bstd:761.8,StrandBias:-0.0,Multiplicity:1.69
0.959	0.001	0.039	0.001
0.001	0.452	0.001	0.546
0.001	0.001	0.997	0.001
0.001	0.001	0.001	0.997
0.340	0.282	0.377	0.001
0.454	0.188	0.086	0.273
0.453	0.139	0.104	0.305
0.343	0.169	0.161	0.328
>WWWWWTAC	4-WWWWWTAC	0.485331	-1558.955194	0	T:18799.0(88.61%),B:37314.4(70.14%),P:1e-677	Tpos:100.0,Tstd:56.9,Bpos:512.0,Bstd:781.5,StrandBias:0.0,Multiplicity:1.71
0.476	0.001	0.001	0.522
0.385	0.126	0.139	0.351
0.464	0.001	0.001	0.534
0.479	0.001	0.001	0.519
0.449	0.001	0.001	0.549
0.001	0.194	0.299	0.506
0.997	0.001	0.001	0.001
0.001	0.997	0.001	0.001
>WWAAAAWT	5-WWAAAAWT	3.846433	-1385.710547	0	T:19190.0(90.45%),B:39362.2(73.99%),P:1e-601	Tpos:99.4,Tstd:57.6,Bpos:505.2,Bstd:777.8,StrandBias:-0.0,Multiplicity:1.77
0.441	0.076	0.084	0.400
0.412	0.189	0.087	0.312
0.582	0.222	0.080	0.116
0.578	0.045	0.050	0.327
0.561	0.071	0.001	0.367
0.564	0.052	0.001	0.383
0.480	0.019	0.023	0.478
0.111	0.086	0.080	0.723
>WAAWAAAW	6-WAAWAAAW	3.298895	-1273.946475	0	T:20184.0(95.14%),B:43642.9(82.03%),P:1e-553	Tpos:100.1,Tstd:57.4,Bpos:478.8,Bstd:758.0,StrandBias:0.0,Multiplicity:1.79
0.406	0.152	0.082	0.359
0.553	0.133	0.089	0.225
0.504	0.135	0.146	0.215
0.412	0.150	0.052	0.386
0.515	0.171	0.081	0.233
0.661	0.100	0.068	0.171
0.656	0.096	0.062	0.186
0.462	0.086	0.086	0.366
>GNCACGTG	7-GNCACGTG	1.831394	-1231.157866	0	T:14815.0(69.83%),B:26654.1(50.10%),P:1e-534	Tpos:100.8,Tstd:55.5,Bpos:443.7,Bstd:731.8,StrandBias:0.0,Multiplicity:1.88
0.128	0.191	0.453	0.228
0.282	0.307	0.178	0.234
0.018	0.881	0.043	0.058
0.854	0.018	0.127	0.001
0.009	0.914	0.020	0.057
0.058	0.022	0.919	0.001
0.001	0.096	0.008	0.895
0.075	0.099	0.802	0.024
>WTTTKTWW	8-WTTTKTWW	2.633417	-930.901976	0	T:21021.0(99.09%),B:48903.5(91.92%),P:1e-404	Tpos:99.9,Tstd:57.4,Bpos:391.6,Bstd:684.3,StrandBias:-0.0,Multiplicity:1.62
0.390	0.058	0.077	0.475
0.212	0.117	0.157	0.514
0.028	0.151	0.203	0.618
0.137	0.158	0.191	0.514
0.087	0.200	0.289	0.424
0.191	0.146	0.176	0.487
0.274	0.176	0.165	0.385
0.345	0.166	0.125	0.365
>WHCWWHHW	9-WHCWWHHW	2.942001	-900.412926	0	T:21177.0(99.82%),B:50130.3(94.23%),P:1e-391	Tpos:99.7,Tstd:57.8,Bpos:388.7,Bstd:671.1,StrandBias:-0.0,Multiplicity:1.69
0.407	0.206	0.001	0.386
0.334	0.300	0.001	0.364
0.001	0.997	0.001	0.001
0.355	0.177	0.120	0.348
0.368	0.173	0.166	0.293
0.328	0.183	0.166	0.323
0.271	0.249	0.155	0.325
0.403	0.200	0.001	0.397
>HTTCTYTT	10-HTTCTYTT	2.495514	-879.363726	0	T:21200.0(99.93%),B:50427.8(94.79%),P:1e-381	Tpos:99.7,Tstd:56.5,Bpos:316.6,Bstd:606.0,StrandBias:-0.0,Multiplicity:1.85
0.314	0.201	0.139	0.345
0.212	0.120	0.077	0.591
0.123	0.208	0.257	0.412
0.079	0.461	0.195	0.265
0.139	0.264	0.094	0.503
0.069	0.447	0.086	0.398
0.252	0.143	0.014	0.591
0.237	0.191	0.061	0.511
>WWRDNNND	11-WWRDNNND	2.578240	-854.785338	0	T:21128.0(99.59%),B:49862.0(93.72%),P:1e-371	Tpos:100.5,Tstd:56.9,Bpos:406.1,Bstd:688.3,StrandBias:-0.0,Multiplicity:1.69
0.361	0.010	0.215	0.414
0.502	0.001	0.001	0.496
0.520	0.001	0.478	0.001
0.353	0.001	0.324	0.322
0.272	0.239	0.214	0.275
0.278	0.218	0.205	0.300
0.259	0.274	0.231	0.236
0.354	0.001	0.301	0.344
>WAWWWWWW	12-WAWWWWWW	2.755501	-851.845587	0	T:20865.0(98.35%),B:48286.2(90.76%),P:1e-369	Tpos:100.1,Tstd:57.9,Bpos:472.8,Bstd:754.1,StrandBias:-0.0,Multiplicity:1.63
0.354	0.194	0.158	0.294
0.643	0.355	0.001	0.001
0.416	0.182	0.106	0.297
0.368	0.214	0.140	0.278
0.395	0.187	0.107	0.311
0.444	0.182	0.001	0.373
0.459	0.159	0.001	0.381
0.482	0.117	0.015	0.387
>NAAHCCAH	13-NAAHCCAH	2.178092	-833.211933	0	T:21213.0(99.99%),B:50731.3(95.36%),P:1e-361	Tpos:99.8,Tstd:57.2,Bpos:368.8,Bstd:670.0,StrandBias:0.0,Multiplicity:1.85
0.281	0.258	0.200	0.261
0.445	0.250	0.157	0.148
0.434	0.230	0.104	0.232
0.231	0.352	0.088	0.329
0.016	0.633	0.035	0.316
0.311	0.462	0.188	0.040
0.545	0.251	0.071	0.133
0.371	0.235	0.053	0.341
>NTCTBNBC	14-NTCTBNBC	2.223291	-386.775567	0	T:21214.0(100.00%),B:52042.9(97.82%),P:1e-167	Tpos:99.9,Tstd:56.8,Bpos:320.1,Bstd:609.8,StrandBias:-0.0,Multiplicity:1.80
0.269	0.242	0.290	0.199
0.373	0.001	0.001	0.625
0.001	0.696	0.001	0.302
0.210	0.001	0.001	0.788
0.001	0.346	0.373	0.280
0.280	0.245	0.275	0.201
0.001	0.302	0.399	0.298
0.357	0.537	0.001	0.105
>TTAATTAA	15-TTAATTAA	0.453314	-97.884607	0	T:21215.0(100.00%),B:52910.5(99.45%),P:1e-42	Tpos:100.5,Tstd:51.5,Bpos:173.0,Bstd:193.8,StrandBias:0.0,Multiplicity:1.00
0.100	0.100	0.100	0.700
0.100	0.100	0.100	0.700
0.700	0.100	0.100	0.100
0.700	0.100	0.100	0.100
0.100	0.100	0.100	0.700
0.100	0.100	0.100	0.700
0.700	0.100	0.100	0.100
0.700	0.100	0.100	0.100
>GTAATTAA	16-GTAATTAA	0.000000	-12.420540	0	T:21215.0(100.00%),B:53164.4(99.93%),P:1e-5
0.100	0.100	0.700	0.100
0.100	0.100	0.100	0.700
0.700	0.100	0.100	0.100
0.700	0.100	0.100	0.100
0.100	0.100	0.100	0.700
0.100	0.100	0.100	0.700
0.700	0.100	0.100	0.100
0.700	0.100	0.100	0.100
>AAAAAACC	17-AAAAAACC	0.000000	-8.055730	0	T:21215.0(100.00%),B:53177.4(99.96%),P:1e-3
0.700	0.100	0.100	0.100
0.700	0.100	0.100	0.100
0.700	0.100	0.100	0.100
0.700	0.100	0.100	0.100
0.700	0.100	0.100	0.100
0.700	0.100	0.100	0.100
0.100	0.700	0.100	0.100
0.100	0.700	0.100	0.100
>TATTTTCT	18-TATTTTCT	0.453314	-4.363137	0	T:21215.0(100.00%),B:53189.0(99.98%),P:1e-1	Tpos:100.1,Tstd:58.5,Bpos:371.8,Bstd:671.9,StrandBias:-0.0,Multiplicity:1.88
0.100	0.100	0.100	0.700
0.700	0.100	0.100	0.100
0.100	0.100	0.100	0.700
0.100	0.100	0.100	0.700
0.100	0.100	0.100	0.700
0.100	0.100	0.100	0.700
0.100	0.700	0.100	0.100
0.100	0.100	0.100	0.700
>AAAGAAAG	19-AAAGAAAG	0.000000	-3.691826	0	T:21215.0(100.00%),B:53190.4(99.98%),P:1e-1
0.700	0.100	0.100	0.100
0.700	0.100	0.100	0.100
0.700	0.100	0.100	0.100
0.100	0.100	0.700	0.100
0.700	0.100	0.100	0.100
0.700	0.100	0.100	0.100
0.700	0.100	0.100	0.100
0.100	0.100	0.700	0.100
>AGTCAACT	20-AGTCAACT	0.000000	-3.356179	0	T:21215.0(100.00%),B:53191.8(99.98%),P:1e-1
0.700	0.100	0.100	0.100
0.100	0.100	0.700	0.100
0.100	0.100	0.100	0.700
0.100	0.700	0.100	0.100
0.700	0.100	0.100	0.100
0.700	0.100	0.100	0.100
0.100	0.700	0.100	0.100
0.100	0.100	0.100	0.700
>AATAGAGA	21-AATAGAGA	0.000000	-2.684900	0	T:21215.0(100.00%),B:53193.4(99.99%),P:1e-1
0.700	0.100	0.100	0.100
0.700	0.100	0.100	0.100
0.100	0.100	0.100	0.700
0.700	0.100	0.100	0.100
0.100	0.100	0.700	0.100
0.700	0.100	0.100	0.100
0.100	0.100	0.700	0.100
0.700	0.100	0.100	0.100
>WSSCNKKA	22-WSSCNKKA	-0.249695	-1.678022	0	T:21215.0(100.00%),B:53196.8(99.99%),P:1e0	Tpos:100.3,Tstd:58.1,Bpos:310.4,Bstd:615.0,StrandBias:0.0,Multiplicity:1.80
0.364	0.205	0.118	0.313
0.091	0.372	0.331	0.206
0.198	0.309	0.406	0.087
0.021	0.567	0.354	0.058
0.264	0.265	0.197	0.275
0.010	0.255	0.433	0.302
0.179	0.154	0.331	0.336
0.512	0.110	0.112	0.266
>AGTCAACA	23-AGTCAACA	0.000000	-1.678022	0	T:21215.0(100.00%),B:53196.7(99.99%),P:1e0
0.700	0.100	0.100	0.100
0.100	0.100	0.700	0.100
0.100	0.100	0.100	0.700
0.100	0.700	0.100	0.100
0.700	0.100	0.100	0.100
0.700	0.100	0.100	0.100
0.100	0.700	0.100	0.100
0.700	0.100	0.100	0.100
>GTCAACTA	24-GTCAACTA	0.000000	-1.678022	0	T:21215.0(100.00%),B:53196.6(99.99%),P:1e0
0.100	0.100	0.700	0.100
0.100	0.100	0.100	0.700
0.100	0.700	0.100	0.100
0.700	0.100	0.100	0.100
0.700	0.100	0.100	0.100
0.100	0.700	0.100	0.100
0.100	0.100	0.100	0.700
0.700	0.100	0.100	0.100
>SYYTAWYC	25-SYYTAWYC	-26.633032	0.000000	0	T:21215.0(100.00%),B:53201.1(100.00%),P:1e0	Tpos:100.9,Tstd:58.7,Bpos:403.7,Bstd:707.5,StrandBias:0.0,Multiplicity:1.24
0.001	0.571	0.427	0.001
0.001	0.567	0.001	0.431
0.001	0.457	0.001	0.541
0.211	0.217	0.200	0.371
0.615	0.383	0.001	0.001
0.574	0.001	0.001	0.424
0.168	0.485	0.001	0.346
0.001	0.620	0.378	0.001
