>ATMAGGGAAGWT	14-ATMAGGGAAGWT,BestGuess:AT2G33550(Trihelix)/colamp-AT2G33550-DAP-Seq(GSE60143)/Homer(0.669)	5.898514	-0.000000	0	T:1462.0(7.79%),B:34213.8(42.06%),P:1e0
0.893	0.035	0.038	0.034
0.134	0.025	0.147	0.694
0.500	0.435	0.034	0.031
0.832	0.001	0.120	0.047
0.076	0.012	0.878	0.034
0.051	0.025	0.665	0.259
0.017	0.285	0.531	0.167
0.574	0.311	0.073	0.042
0.706	0.019	0.238	0.037
0.025	0.234	0.464	0.277
0.378	0.201	0.033	0.388
0.070	0.015	0.081	0.834
