>GTTGACTWDW	1-GTTGACTWDW	3.029154	-6692.807442	0	T:19110.0(90.08%),B:24867.8(46.85%),P:1e-2906	Tpos:372.9,Tstd:312.2,Bpos:470.4,Bstd:787.5,StrandBias:0.0,Multiplicity:3.00
0.184	0.014	0.582	0.220
0.001	0.181	0.001	0.817
0.099	0.001	0.001	0.899
0.001	0.001	0.997	0.001
0.953	0.012	0.001	0.034
0.001	0.997	0.001	0.001
0.149	0.219	0.193	0.439
0.365	0.155	0.001	0.479
0.250	0.106	0.321	0.323
0.317	0.105	0.183	0.395
>GGTCGAGTRW	2-GGTCGAGTRW	-3.557709	-6256.287379	0	T:19800.0(93.33%),B:28501.1(53.69%),P:1e-2717	Tpos:380.3,Tstd:319.0,Bpos:438.2,Bstd:758.9,StrandBias:0.0,Multiplicity:3.59
0.001	0.001	0.997	0.001
0.256	0.003	0.740	0.001
0.001	0.055	0.001	0.943
0.052	0.946	0.001	0.001
0.003	0.001	0.995	0.001
0.997	0.001	0.001	0.001
0.001	0.001	0.946	0.052
0.001	0.001	0.001	0.997
0.518	0.055	0.425	0.002
0.358	0.201	0.124	0.317
>ATAAWATAAT	3-ATAAWATAAT	4.037614	-6124.519335	0	T:18965.0(89.39%),B:25502.6(48.04%),P:1e-2659	Tpos:384.0,Tstd:320.8,Bpos:640.6,Bstd:883.9,StrandBias:-0.0,Multiplicity:4.38
0.611	0.158	0.030	0.201
0.014	0.001	0.023	0.962
0.919	0.079	0.001	0.001
0.552	0.112	0.103	0.233
0.437	0.001	0.001	0.561
0.659	0.001	0.094	0.246
0.047	0.027	0.030	0.896
0.997	0.001	0.001	0.001
0.478	0.017	0.201	0.304
0.001	0.001	0.082	0.916
>TCGATCGACA	4-TCGATCGACA	-10.567230	-5945.074900	0	T:20191.0(95.17%),B:30940.0(58.29%),P:1e-2581	Tpos:380.7,Tstd:322.1,Bpos:437.1,Bstd:758.2,StrandBias:0.0,Multiplicity:2.93
0.001	0.001	0.001	0.997
0.001	0.973	0.025	0.001
0.001	0.001	0.997	0.001
0.997	0.001	0.001	0.001
0.001	0.001	0.001	0.997
0.001	0.997	0.001	0.001
0.001	0.001	0.997	0.001
0.997	0.001	0.001	0.001
0.001	0.997	0.001	0.001
0.997	0.001	0.001	0.001
>AGAGAGAGAG	5-AGAGAGAGAG	4.288594	-5670.567407	0	T:18761.0(88.43%),B:25738.5(48.49%),P:1e-2462	Tpos:366.4,Tstd:305.7,Bpos:385.3,Bstd:709.7,StrandBias:0.0,Multiplicity:3.67
0.489	0.001	0.226	0.285
0.103	0.107	0.756	0.034
0.629	0.001	0.101	0.269
0.068	0.028	0.876	0.028
0.789	0.001	0.008	0.202
0.129	0.001	0.869	0.001
0.781	0.001	0.001	0.217
0.163	0.121	0.662	0.054
0.521	0.001	0.288	0.190
0.188	0.108	0.565	0.139
>AWAAMTAYWM	6-AWAAMTAYWM	-2.522480	-5229.292641	0	T:20175.0(95.10%),B:32469.7(61.17%),P:1e-2271	Tpos:381.4,Tstd:320.4,Bpos:556.8,Bstd:840.8,StrandBias:-0.0,Multiplicity:3.93
0.997	0.001	0.001	0.001
0.555	0.001	0.001	0.443
0.997	0.001	0.001	0.001
0.997	0.001	0.001	0.001
0.552	0.445	0.001	0.002
0.001	0.001	0.001	0.997
0.997	0.001	0.001	0.001
0.001	0.491	0.001	0.507
0.527	0.001	0.001	0.471
0.483	0.515	0.001	0.001
>CATTACATCA	7-CATTACATCA	-7.235099	-4484.141560	0	T:21044.0(99.19%),B:39331.3(74.09%),P:1e-1947	Tpos:378.6,Tstd:321.6,Bpos:471.6,Bstd:783.8,StrandBias:-0.0,Multiplicity:3.65
0.070	0.928	0.001	0.001
0.997	0.001	0.001	0.001
0.001	0.001	0.001	0.997
0.001	0.109	0.089	0.801
0.997	0.001	0.001	0.001
0.062	0.936	0.001	0.001
0.997	0.001	0.001	0.001
0.001	0.001	0.001	0.997
0.001	0.997	0.001	0.001
0.997	0.001	0.001	0.001
>TAAAAAACGG	8-TAAAAAACGG	-7.431838	-4426.523773	0	T:20925.0(98.63%),B:38583.6(72.69%),P:1e-1922	Tpos:378.8,Tstd:319.1,Bpos:458.7,Bstd:780.6,StrandBias:0.0,Multiplicity:3.60
0.001	0.001	0.001	0.997
0.853	0.001	0.001	0.145
0.997	0.001	0.001	0.001
0.997	0.001	0.001	0.001
0.997	0.001	0.001	0.001
0.997	0.001	0.001	0.001
0.997	0.001	0.001	0.001
0.001	0.997	0.001	0.001
0.001	0.001	0.997	0.001
0.326	0.001	0.672	0.001
>AGCTTCSAAM	9-AGCTTCSAAM	-4.677358	-3787.254595	0	T:21172.0(99.80%),B:42206.3(79.51%),P:1e-1644	Tpos:378.7,Tstd:323.0,Bpos:410.8,Bstd:734.7,StrandBias:-0.0,Multiplicity:3.43
0.997	0.001	0.001	0.001
0.001	0.173	0.825	0.001
0.001	0.850	0.148	0.001
0.001	0.001	0.197	0.801
0.001	0.001	0.001	0.997
0.001	0.622	0.160	0.217
0.213	0.322	0.464	0.001
0.734	0.001	0.264	0.001
0.997	0.001	0.001	0.001
0.529	0.469	0.001	0.001
>CTARYAAGGA	10-CTARYAAGGA	-4.518425	-3771.096408	0	T:21155.0(99.72%),B:42066.7(79.25%),P:1e-1637	Tpos:379.8,Tstd:323.1,Bpos:424.4,Bstd:741.9,StrandBias:0.0,Multiplicity:3.17
0.001	0.654	0.001	0.344
0.001	0.001	0.001	0.997
0.997	0.001	0.001	0.001
0.563	0.001	0.435	0.001
0.001	0.497	0.001	0.501
0.700	0.298	0.001	0.001
0.725	0.001	0.273	0.001
0.001	0.001	0.997	0.001
0.252	0.001	0.746	0.001
0.997	0.001	0.001	0.001
>TGTCYGCAAA	11-TGTCYGCAAA	-1.195619	-2046.661146	0	T:21215.0(100.00%),B:47283.2(89.07%),P:1e-888	Tpos:378.3,Tstd:321.7,Bpos:404.8,Bstd:733.6,StrandBias:0.0,Multiplicity:3.27
0.040	0.063	0.355	0.542
0.317	0.001	0.593	0.089
0.001	0.001	0.001	0.997
0.378	0.612	0.001	0.009
0.007	0.540	0.010	0.443
0.001	0.018	0.612	0.369
0.009	0.741	0.244	0.006
0.595	0.032	0.317	0.056
0.699	0.001	0.299	0.001
0.691	0.299	0.009	0.001
>CAGTTGGGWT	12-CAGTTGGGWT	-14.607919	-1451.757683	0	T:21215.0(100.00%),B:48911.2(92.14%),P:1e-630	Tpos:377.0,Tstd:320.1,Bpos:413.0,Bstd:734.3,StrandBias:0.0,Multiplicity:3.66
0.001	0.997	0.001	0.001
0.997	0.001	0.001	0.001
0.001	0.001	0.997	0.001
0.001	0.001	0.001	0.997
0.001	0.001	0.001	0.997
0.001	0.001	0.997	0.001
0.374	0.001	0.624	0.001
0.001	0.001	0.997	0.001
0.375	0.125	0.001	0.500
0.001	0.124	0.001	0.874
>CACTGAGCGC	13-CACTGAGCGC	-15.817343	-387.177333	0	T:21215.0(100.00%),B:51942.5(97.85%),P:1e-168	Tpos:376.5,Tstd:321.0,Bpos:401.5,Bstd:726.4,StrandBias:-0.0,Multiplicity:3.39
0.001	0.725	0.273	0.001
0.763	0.235	0.001	0.001
0.273	0.725	0.001	0.001
0.001	0.001	0.001	0.997
0.292	0.001	0.706	0.001
0.997	0.001	0.001	0.001
0.001	0.001	0.997	0.001
0.001	0.763	0.001	0.235
0.235	0.001	0.763	0.001
0.001	0.997	0.001	0.001
>TAATAAATAT	14-TAATAAATAT	0.000000	-78.149234	0	T:21215.0(100.00%),B:52851.3(99.56%),P:1e-33
0.100	0.100	0.100	0.700
0.700	0.100	0.100	0.100
0.700	0.100	0.100	0.100
0.100	0.100	0.100	0.700
0.700	0.100	0.100	0.100
0.700	0.100	0.100	0.100
0.700	0.100	0.100	0.100
0.100	0.100	0.100	0.700
0.700	0.100	0.100	0.100
0.100	0.100	0.100	0.700
>NNNNNNNNNN	15-NNNNNNNNNN	-nan	0.000000	0	T:0.0(0.00%),B:0.0(0.00%),P:1e0	Tpos:0.0,Tstd:0.0,Bpos:0.0,Bstd:0.0,StrandBias:0.0,Multiplicity:1.00
-nan	-nan	-nan	-nan
-nan	-nan	-nan	-nan
-nan	-nan	-nan	-nan
-nan	-nan	-nan	-nan
-nan	-nan	-nan	-nan
-nan	-nan	-nan	-nan
-nan	-nan	-nan	-nan
-nan	-nan	-nan	-nan
-nan	-nan	-nan	-nan
-nan	-nan	-nan	-nan
>TTGCCTGTAC	16-TTGCCTGTAC	-27.595607	0.000000	0	T:21215.0(100.00%),B:53083.3(100.00%),P:1e0	Tpos:375.3,Tstd:320.0,Bpos:433.3,Bstd:756.8,StrandBias:0.0,Multiplicity:3.70
0.001	0.001	0.001	0.997
0.001	0.001	0.001	0.997
0.001	0.001	0.997	0.001
0.001	0.997	0.001	0.001
0.001	0.997	0.001	0.001
0.001	0.001	0.001	0.997
0.001	0.001	0.997	0.001
0.001	0.001	0.001	0.997
0.997	0.001	0.001	0.001
0.001	0.997	0.001	0.001
>NNNNNNNNNN	17-NNNNNNNNNN	-nan	0.000000	0	T:0.0(0.00%),B:0.0(0.00%),P:1e0	Tpos:0.0,Tstd:0.0,Bpos:0.0,Bstd:0.0,StrandBias:0.0,Multiplicity:1.00
-nan	-nan	-nan	-nan
-nan	-nan	-nan	-nan
-nan	-nan	-nan	-nan
-nan	-nan	-nan	-nan
-nan	-nan	-nan	-nan
-nan	-nan	-nan	-nan
-nan	-nan	-nan	-nan
-nan	-nan	-nan	-nan
-nan	-nan	-nan	-nan
-nan	-nan	-nan	-nan
>NNNNNNNNNN	18-NNNNNNNNNN	-nan	0.000000	0	T:0.0(0.00%),B:0.0(0.00%),P:1e0	Tpos:0.0,Tstd:0.0,Bpos:0.0,Bstd:0.0,StrandBias:0.0,Multiplicity:1.00
-nan	-nan	-nan	-nan
-nan	-nan	-nan	-nan
-nan	-nan	-nan	-nan
-nan	-nan	-nan	-nan
-nan	-nan	-nan	-nan
-nan	-nan	-nan	-nan
-nan	-nan	-nan	-nan
-nan	-nan	-nan	-nan
-nan	-nan	-nan	-nan
-nan	-nan	-nan	-nan
>NNNNNNNNNN	19-NNNNNNNNNN	-nan	0.000000	0	T:0.0(0.00%),B:0.0(0.00%),P:1e0	Tpos:0.0,Tstd:0.0,Bpos:0.0,Bstd:0.0,StrandBias:0.0,Multiplicity:1.00
-nan	-nan	-nan	-nan
-nan	-nan	-nan	-nan
-nan	-nan	-nan	-nan
-nan	-nan	-nan	-nan
-nan	-nan	-nan	-nan
-nan	-nan	-nan	-nan
-nan	-nan	-nan	-nan
-nan	-nan	-nan	-nan
-nan	-nan	-nan	-nan
-nan	-nan	-nan	-nan
>NNNNNNNNNN	20-NNNNNNNNNN	-nan	0.000000	0	T:0.0(0.00%),B:0.0(0.00%),P:1e0	Tpos:0.0,Tstd:0.0,Bpos:0.0,Bstd:0.0,StrandBias:0.0,Multiplicity:1.00
-nan	-nan	-nan	-nan
-nan	-nan	-nan	-nan
-nan	-nan	-nan	-nan
-nan	-nan	-nan	-nan
-nan	-nan	-nan	-nan
-nan	-nan	-nan	-nan
-nan	-nan	-nan	-nan
-nan	-nan	-nan	-nan
-nan	-nan	-nan	-nan
-nan	-nan	-nan	-nan
>NNNNNNNNNN	21-NNNNNNNNNN	-nan	0.000000	0	T:0.0(0.00%),B:0.0(0.00%),P:1e0	Tpos:0.0,Tstd:0.0,Bpos:0.0,Bstd:0.0,StrandBias:0.0,Multiplicity:1.00
-nan	-nan	-nan	-nan
-nan	-nan	-nan	-nan
-nan	-nan	-nan	-nan
-nan	-nan	-nan	-nan
-nan	-nan	-nan	-nan
-nan	-nan	-nan	-nan
-nan	-nan	-nan	-nan
-nan	-nan	-nan	-nan
-nan	-nan	-nan	-nan
-nan	-nan	-nan	-nan
>NNNNNNNNNN	22-NNNNNNNNNN	-nan	0.000000	0	T:0.0(0.00%),B:0.0(0.00%),P:1e0	Tpos:0.0,Tstd:0.0,Bpos:0.0,Bstd:0.0,StrandBias:0.0,Multiplicity:1.00
-nan	-nan	-nan	-nan
-nan	-nan	-nan	-nan
-nan	-nan	-nan	-nan
-nan	-nan	-nan	-nan
-nan	-nan	-nan	-nan
-nan	-nan	-nan	-nan
-nan	-nan	-nan	-nan
-nan	-nan	-nan	-nan
-nan	-nan	-nan	-nan
-nan	-nan	-nan	-nan
>NNNNNNNNNN	23-NNNNNNNNNN	-nan	0.000000	0	T:0.0(0.00%),B:0.0(0.00%),P:1e0	Tpos:0.0,Tstd:0.0,Bpos:0.0,Bstd:0.0,StrandBias:0.0,Multiplicity:1.00
-nan	-nan	-nan	-nan
-nan	-nan	-nan	-nan
-nan	-nan	-nan	-nan
-nan	-nan	-nan	-nan
-nan	-nan	-nan	-nan
-nan	-nan	-nan	-nan
-nan	-nan	-nan	-nan
-nan	-nan	-nan	-nan
-nan	-nan	-nan	-nan
-nan	-nan	-nan	-nan
>NNNNNNNNNN	24-NNNNNNNNNN	-nan	0.000000	0	T:0.0(0.00%),B:0.0(0.00%),P:1e0	Tpos:0.0,Tstd:0.0,Bpos:0.0,Bstd:0.0,StrandBias:0.0,Multiplicity:1.00
-nan	-nan	-nan	-nan
-nan	-nan	-nan	-nan
-nan	-nan	-nan	-nan
-nan	-nan	-nan	-nan
-nan	-nan	-nan	-nan
-nan	-nan	-nan	-nan
-nan	-nan	-nan	-nan
-nan	-nan	-nan	-nan
-nan	-nan	-nan	-nan
-nan	-nan	-nan	-nan
>AATAACACCG	25-AATAACACCG	-48.309859	0.000000	0	T:21215.0(100.00%),B:53083.3(100.00%),P:1e0	Tpos:375.9,Tstd:322.5,Bpos:451.5,Bstd:770.5,StrandBias:-0.0,Multiplicity:1.99
0.997	0.001	0.001	0.001
0.997	0.001	0.001	0.001
0.001	0.001	0.001	0.997
0.997	0.001	0.001	0.001
0.997	0.001	0.001	0.001
0.001	0.997	0.001	0.001
0.997	0.001	0.001	0.001
0.001	0.997	0.001	0.001
0.001	0.997	0.001	0.001
0.001	0.001	0.997	0.001
>GTGTCGATCGAC	1-GTGTCGATCGAC	-6.907817	-6356.560135	0	T:19193.0(90.47%),B:25861.7(48.72%),P:1e-2760	Tpos:378.6,Tstd:317.2,Bpos:462.7,Bstd:773.2,StrandBias:0.0,Multiplicity:3.26
0.016	0.032	0.920	0.032
0.001	0.007	0.001	0.991
0.015	0.001	0.983	0.001
0.007	0.001	0.001	0.991
0.001	0.936	0.008	0.055
0.055	0.001	0.936	0.008
0.936	0.008	0.048	0.008
0.008	0.048	0.008	0.936
0.008	0.952	0.001	0.039
0.032	0.001	0.966	0.001
0.997	0.001	0.001	0.001
0.001	0.959	0.001	0.039
>ACTAACCAAGCT	2-ACTAACCAAGCT	-7.356226	-6300.279193	0	T:20384.0(96.08%),B:31124.9(58.63%),P:1e-2736	Tpos:381.7,Tstd:320.5,Bpos:504.6,Bstd:795.9,StrandBias:0.0,Multiplicity:3.51
0.923	0.001	0.075	0.001
0.024	0.974	0.001	0.001
0.001	0.024	0.001	0.974
0.997	0.001	0.001	0.001
0.974	0.001	0.001	0.024
0.011	0.888	0.025	0.076
0.026	0.972	0.001	0.001
0.997	0.001	0.001	0.001
0.997	0.001	0.001	0.001
0.001	0.172	0.802	0.025
0.024	0.974	0.001	0.001
0.001	0.024	0.001	0.974
>AGAGAGAGAGAG	3-AGAGAGAGAGAG	4.342571	-5970.798073	0	T:19048.0(89.79%),B:26130.7(49.23%),P:1e-2593	Tpos:370.3,Tstd:307.2,Bpos:437.4,Bstd:761.1,StrandBias:-0.0,Multiplicity:3.85
0.672	0.042	0.176	0.110
0.253	0.054	0.600	0.093
0.831	0.001	0.113	0.055
0.294	0.005	0.689	0.012
0.916	0.001	0.037	0.046
0.182	0.010	0.803	0.005
0.907	0.001	0.017	0.075
0.147	0.045	0.800	0.008
0.905	0.001	0.034	0.060
0.230	0.033	0.683	0.054
0.747	0.001	0.158	0.094
0.298	0.069	0.490	0.143
>AGTCGSTCRYGC	4-AGTCGSTCRYGC	-9.960265	-5949.202522	0	T:20382.0(96.07%),B:31875.1(60.05%),P:1e-2583	Tpos:375.5,Tstd:317.2,Bpos:394.4,Bstd:724.6,StrandBias:-0.0,Multiplicity:3.62
0.997	0.001	0.001	0.001
0.001	0.130	0.868	0.001
0.001	0.001	0.001	0.997
0.001	0.997	0.001	0.001
0.001	0.001	0.741	0.257
0.001	0.523	0.475	0.001
0.001	0.001	0.293	0.705
0.001	0.997	0.001	0.001
0.413	0.014	0.508	0.065
0.001	0.491	0.001	0.507
0.001	0.001	0.836	0.162
0.001	0.997	0.001	0.001
>AAAGTCCGTATG	5-AAAGTCCGTATG	-11.628567	-5669.585856	0	T:20639.0(97.28%),B:33886.0(63.84%),P:1e-2462	Tpos:380.7,Tstd:320.4,Bpos:536.5,Bstd:825.8,StrandBias:-0.0,Multiplicity:3.76
0.580	0.001	0.418	0.001
0.997	0.001	0.001	0.001
0.997	0.001	0.001	0.001
0.001	0.001	0.964	0.034
0.001	0.001	0.001	0.997
0.001	0.997	0.001	0.001
0.034	0.964	0.001	0.001
0.301	0.001	0.697	0.001
0.001	0.001	0.001	0.997
0.997	0.001	0.001	0.001
0.001	0.001	0.001	0.997
0.034	0.001	0.964	0.001
>ATTTWAAAATAT	6-ATTTWAAAATAT	-6.209176	-5452.440527	0	T:19905.0(93.83%),B:30718.9(57.87%),P:1e-2367	Tpos:384.0,Tstd:323.5,Bpos:633.3,Bstd:885.8,StrandBias:0.0,Multiplicity:3.66
0.774	0.001	0.001	0.224
0.001	0.001	0.001	0.997
0.001	0.001	0.001	0.997
0.001	0.001	0.001	0.997
0.426	0.001	0.001	0.572
0.997	0.001	0.001	0.001
0.997	0.001	0.001	0.001
0.997	0.001	0.001	0.001
0.997	0.001	0.001	0.001
0.013	0.001	0.001	0.985
0.601	0.001	0.001	0.397
0.402	0.001	0.001	0.596
>GAWTTTCTGTTA	7-GAWTTTCTGTTA	-7.281804	-4283.528085	0	T:21155.0(99.72%),B:40808.3(76.88%),P:1e-1860	Tpos:378.2,Tstd:322.3,Bpos:404.4,Bstd:731.7,StrandBias:0.0,Multiplicity:3.27
0.001	0.137	0.861	0.001
0.699	0.299	0.001	0.001
0.437	0.001	0.214	0.348
0.001	0.001	0.001	0.997
0.138	0.001	0.238	0.623
0.001	0.001	0.001	0.997
0.001	0.997	0.001	0.001
0.001	0.001	0.137	0.861
0.001	0.001	0.997	0.001
0.001	0.001	0.137	0.861
0.001	0.001	0.137	0.861
0.700	0.161	0.138	0.001
>TTACYTATGTTG	8-TTACYTATGTTG	-8.476563	-2686.011208	0	T:21163.0(99.75%),B:44926.7(84.63%),P:1e-1166	Tpos:379.7,Tstd:321.8,Bpos:491.3,Bstd:799.0,StrandBias:0.0,Multiplicity:3.12
0.001	0.257	0.001	0.741
0.001	0.001	0.001	0.997
0.997	0.001	0.001	0.001
0.001	0.655	0.001	0.343
0.001	0.444	0.001	0.554
0.001	0.001	0.001	0.997
0.997	0.001	0.001	0.001
0.001	0.001	0.001	0.997
0.107	0.001	0.721	0.171
0.001	0.237	0.253	0.509
0.001	0.001	0.236	0.762
0.170	0.001	0.828	0.001
>TCADGTMTGACT	9-TCADGTMTGACT	-6.621964	-2094.810751	0	T:21214.0(100.00%),B:47133.2(88.79%),P:1e-909	Tpos:378.1,Tstd:319.6,Bpos:416.6,Bstd:735.2,StrandBias:-0.0,Multiplicity:3.47
0.001	0.151	0.001	0.847
0.194	0.804	0.001	0.001
0.997	0.001	0.001	0.001
0.285	0.001	0.308	0.406
0.201	0.294	0.504	0.001
0.001	0.001	0.292	0.706
0.480	0.422	0.001	0.097
0.097	0.001	0.001	0.901
0.001	0.001	0.997	0.001
0.997	0.001	0.001	0.001
0.098	0.706	0.098	0.098
0.001	0.001	0.405	0.593
>CTCACTCTCTCT	10-CTCACTCTCTCT	0.000000	-359.112946	0	T:21215.0(100.00%),B:52024.6(98.01%),P:1e-155
0.100	0.700	0.100	0.100
0.100	0.100	0.100	0.700
0.100	0.700	0.100	0.100
0.700	0.100	0.100	0.100
0.100	0.700	0.100	0.100
0.100	0.100	0.100	0.700
0.100	0.700	0.100	0.100
0.100	0.100	0.100	0.700
0.100	0.700	0.100	0.100
0.100	0.100	0.100	0.700
0.100	0.700	0.100	0.100
0.100	0.100	0.100	0.700
>AGTGTCGATCGA	11-AGTGTCGATCGA	0.000000	-339.968544	0	T:21215.0(100.00%),B:52080.4(98.11%),P:1e-147
0.700	0.100	0.100	0.100
0.100	0.100	0.700	0.100
0.100	0.100	0.100	0.700
0.100	0.100	0.700	0.100
0.100	0.100	0.100	0.700
0.100	0.700	0.100	0.100
0.100	0.100	0.700	0.100
0.700	0.100	0.100	0.100
0.100	0.100	0.100	0.700
0.100	0.700	0.100	0.100
0.100	0.100	0.700	0.100
0.700	0.100	0.100	0.100
>CCTCTCTTTCTC	12-CCTCTCTTTCTC	0.000000	-218.331347	0	T:21215.0(100.00%),B:52437.3(98.78%),P:1e-94
0.100	0.700	0.100	0.100
0.100	0.700	0.100	0.100
0.100	0.100	0.100	0.700
0.100	0.700	0.100	0.100
0.100	0.100	0.100	0.700
0.100	0.700	0.100	0.100
0.100	0.100	0.100	0.700
0.100	0.100	0.100	0.700
0.100	0.100	0.100	0.700
0.100	0.700	0.100	0.100
0.100	0.100	0.100	0.700
0.100	0.700	0.100	0.100
>ACAGAGAGAAGA	13-ACAGAGAGAAGA	0.000000	-132.215084	0	T:21215.0(100.00%),B:52691.9(99.26%),P:1e-57
0.700	0.100	0.100	0.100
0.100	0.700	0.100	0.100
0.700	0.100	0.100	0.100
0.100	0.100	0.700	0.100
0.700	0.100	0.100	0.100
0.100	0.100	0.700	0.100
0.700	0.100	0.100	0.100
0.100	0.100	0.700	0.100
0.700	0.100	0.100	0.100
0.700	0.100	0.100	0.100
0.100	0.100	0.700	0.100
0.700	0.100	0.100	0.100
>GACAAGCAAGAA	14-GACAAGCAAGAA	0.679971	-87.263096	0	T:21215.0(100.00%),B:52824.4(99.51%),P:1e-37	Tpos:380.1,Tstd:324.1,Bpos:401.5,Bstd:728.4,StrandBias:-0.0,Multiplicity:5.23
0.100	0.100	0.700	0.100
0.700	0.100	0.100	0.100
0.100	0.700	0.100	0.100
0.700	0.100	0.100	0.100
0.700	0.100	0.100	0.100
0.100	0.100	0.700	0.100
0.100	0.700	0.100	0.100
0.700	0.100	0.100	0.100
0.700	0.100	0.100	0.100
0.100	0.100	0.700	0.100
0.700	0.100	0.100	0.100
0.700	0.100	0.100	0.100
>TGTTTTCTTGTA	15-TGTTTTCTTGTA	0.000000	-82.874447	0	T:21215.0(100.00%),B:52837.4(99.54%),P:1e-35
0.100	0.100	0.100	0.700
0.100	0.100	0.700	0.100
0.100	0.100	0.100	0.700
0.100	0.100	0.100	0.700
0.100	0.100	0.100	0.700
0.100	0.100	0.100	0.700
0.100	0.700	0.100	0.100
0.100	0.100	0.100	0.700
0.100	0.100	0.100	0.700
0.100	0.100	0.700	0.100
0.100	0.100	0.100	0.700
0.700	0.100	0.100	0.100
>TGGAGTCAAATA	16-TGGAGTCAAATA	0.000000	-80.174195	0	T:21215.0(100.00%),B:52845.8(99.55%),P:1e-34
0.100	0.100	0.100	0.700
0.100	0.100	0.700	0.100
0.100	0.100	0.700	0.100
0.700	0.100	0.100	0.100
0.100	0.100	0.700	0.100
0.100	0.100	0.100	0.700
0.100	0.700	0.100	0.100
0.700	0.100	0.100	0.100
0.700	0.100	0.100	0.100
0.700	0.100	0.100	0.100
0.100	0.100	0.100	0.700
0.700	0.100	0.100	0.100
>CTTTGATGGTGT	17-CTTTGATGGTGT	0.000000	-76.124468	0	T:21215.0(100.00%),B:52857.1(99.57%),P:1e-33
0.100	0.700	0.100	0.100
0.100	0.100	0.100	0.700
0.100	0.100	0.100	0.700
0.100	0.100	0.100	0.700
0.100	0.100	0.700	0.100
0.700	0.100	0.100	0.100
0.100	0.100	0.100	0.700
0.100	0.100	0.700	0.100
0.100	0.100	0.700	0.100
0.100	0.100	0.100	0.700
0.100	0.100	0.700	0.100
0.100	0.100	0.100	0.700
>NNNNNNNNNNNN	18-NNNNNNNNNNNN	-nan	0.000000	0	T:0.0(0.00%),B:0.0(0.00%),P:1e0	Tpos:0.0,Tstd:0.0,Bpos:0.0,Bstd:0.0,StrandBias:0.0,Multiplicity:1.00
-nan	-nan	-nan	-nan
-nan	-nan	-nan	-nan
-nan	-nan	-nan	-nan
-nan	-nan	-nan	-nan
-nan	-nan	-nan	-nan
-nan	-nan	-nan	-nan
-nan	-nan	-nan	-nan
-nan	-nan	-nan	-nan
-nan	-nan	-nan	-nan
-nan	-nan	-nan	-nan
-nan	-nan	-nan	-nan
-nan	-nan	-nan	-nan
>NNNNNNNNNNNN	19-NNNNNNNNNNNN	-nan	0.000000	0	T:0.0(0.00%),B:0.0(0.00%),P:1e0	Tpos:0.0,Tstd:0.0,Bpos:0.0,Bstd:0.0,StrandBias:0.0,Multiplicity:1.00
-nan	-nan	-nan	-nan
-nan	-nan	-nan	-nan
-nan	-nan	-nan	-nan
-nan	-nan	-nan	-nan
-nan	-nan	-nan	-nan
-nan	-nan	-nan	-nan
-nan	-nan	-nan	-nan
-nan	-nan	-nan	-nan
-nan	-nan	-nan	-nan
-nan	-nan	-nan	-nan
-nan	-nan	-nan	-nan
-nan	-nan	-nan	-nan
>NNNNNNNNNNNN	20-NNNNNNNNNNNN	-nan	0.000000	0	T:0.0(0.00%),B:0.0(0.00%),P:1e0	Tpos:0.0,Tstd:0.0,Bpos:0.0,Bstd:0.0,StrandBias:0.0,Multiplicity:1.00
-nan	-nan	-nan	-nan
-nan	-nan	-nan	-nan
-nan	-nan	-nan	-nan
-nan	-nan	-nan	-nan
-nan	-nan	-nan	-nan
-nan	-nan	-nan	-nan
-nan	-nan	-nan	-nan
-nan	-nan	-nan	-nan
-nan	-nan	-nan	-nan
-nan	-nan	-nan	-nan
-nan	-nan	-nan	-nan
-nan	-nan	-nan	-nan
>TAGAGAGCATGA	21-TAGAGAGCATGA	-27.542488	0.000000	0	T:21215.0(100.00%),B:53083.3(100.00%),P:1e0	Tpos:374.5,Tstd:318.9,Bpos:425.3,Bstd:760.2,StrandBias:0.0,Multiplicity:3.13
0.001	0.001	0.001	0.997
0.997	0.001	0.001	0.001
0.001	0.001	0.997	0.001
0.997	0.001	0.001	0.001
0.001	0.001	0.997	0.001
0.666	0.001	0.332	0.001
0.001	0.001	0.997	0.001
0.332	0.666	0.001	0.001
0.666	0.001	0.001	0.332
0.001	0.001	0.332	0.666
0.001	0.001	0.666	0.332
0.666	0.001	0.001	0.332
>GTATAAAATACA	22-GTATAAAATACA	-53.254953	0.000000	0	T:21215.0(100.00%),B:53083.3(100.00%),P:1e0	Tpos:373.1,Tstd:317.0,Bpos:399.8,Bstd:738.1,StrandBias:-0.0,Multiplicity:1.70
0.332	0.001	0.666	0.001
0.001	0.332	0.001	0.666
0.666	0.001	0.001	0.332
0.001	0.001	0.001	0.997
0.666	0.332	0.001	0.001
0.666	0.001	0.332	0.001
0.997	0.001	0.001	0.001
0.666	0.001	0.001	0.332
0.001	0.001	0.001	0.997
0.666	0.001	0.332	0.001
0.001	0.666	0.332	0.001
0.997	0.001	0.001	0.001
>TTGACTTT	1-TTGACTTT	1.440205	-6406.195765	0	T:18478.0(87.10%),B:23229.8(43.76%),P:1e-2782	Tpos:377.4,Tstd:314.6,Bpos:492.9,Bstd:802.2,StrandBias:0.0,Multiplicity:2.99
0.001	0.001	0.001	0.997
0.001	0.001	0.001	0.997
0.001	0.001	0.997	0.001
0.997	0.001	0.001	0.001
0.001	0.997	0.001	0.001
0.001	0.071	0.001	0.927
0.077	0.001	0.001	0.921
0.189	0.001	0.108	0.702
>NKCACGYG	2-NKCACGYG	-1.371975	-6247.381711	0	T:19270.0(90.83%),B:26380.7(49.70%),P:1e-2713	Tpos:372.0,Tstd:308.2,Bpos:413.2,Bstd:744.7,StrandBias:0.0,Multiplicity:4.09
0.285	0.258	0.279	0.178
0.159	0.106	0.334	0.401
0.001	0.847	0.151	0.001
0.645	0.001	0.353	0.001
0.001	0.997	0.001	0.001
0.001	0.001	0.997	0.001
0.001	0.438	0.001	0.560
0.001	0.087	0.911	0.001
>TATTWTAW	3-TATTWTAW	4.926539	-5956.002351	0	T:18365.0(86.57%),B:23774.4(44.79%),P:1e-2586	Tpos:383.7,Tstd:319.0,Bpos:634.5,Bstd:876.8,StrandBias:0.0,Multiplicity:4.11
0.002	0.080	0.001	0.917
0.819	0.103	0.001	0.077
0.134	0.030	0.101	0.735
0.345	0.001	0.001	0.653
0.506	0.001	0.001	0.492
0.001	0.001	0.001	0.997
0.951	0.001	0.001	0.047
0.466	0.051	0.080	0.404
>TGAMTTTG	4-TGAMTTTG	4.227764	-5868.349734	0	T:20183.0(95.14%),B:31069.5(58.53%),P:1e-2548	Tpos:378.1,Tstd:318.3,Bpos:492.2,Bstd:802.2,StrandBias:0.0,Multiplicity:3.60
0.001	0.231	0.155	0.613
0.123	0.001	0.627	0.249
0.905	0.001	0.001	0.093
0.257	0.376	0.197	0.170
0.007	0.001	0.083	0.909
0.097	0.011	0.001	0.891
0.002	0.317	0.001	0.680
0.003	0.001	0.995	0.001
>NCTCTCCN	5-NCTCTCCN	2.915268	-5773.740242	0	T:20173.0(95.09%),B:31230.9(58.83%),P:1e-2507	Tpos:379.9,Tstd:321.5,Bpos:390.4,Bstd:711.3,StrandBias:-0.0,Multiplicity:3.70
0.287	0.272	0.182	0.259
0.129	0.592	0.154	0.125
0.171	0.168	0.165	0.497
0.211	0.511	0.194	0.084
0.187	0.152	0.159	0.502
0.195	0.645	0.104	0.056
0.133	0.702	0.099	0.066
0.276	0.243	0.187	0.293
>GCCKGGKH	6-GCCKGGKH	2.701753	-5376.764930	0	T:20773.0(97.92%),B:35350.0(66.59%),P:1e-2335	Tpos:376.5,Tstd:318.5,Bpos:368.7,Bstd:705.5,StrandBias:0.0,Multiplicity:3.69
0.001	0.022	0.656	0.321
0.219	0.404	0.128	0.249
0.002	0.592	0.405	0.001
0.001	0.234	0.361	0.404
0.295	0.211	0.493	0.001
0.049	0.229	0.603	0.119
0.249	0.001	0.432	0.318
0.375	0.377	0.006	0.242
>CTCTCTCT	7-CTCTCTCT	-1.745817	-5373.006089	0	T:19027.0(89.69%),B:27357.2(51.54%),P:1e-2333	Tpos:367.4,Tstd:306.0,Bpos:373.2,Bstd:699.8,StrandBias:0.0,Multiplicity:3.73
0.001	0.809	0.001	0.189
0.001	0.001	0.001	0.997
0.001	0.997	0.001	0.001
0.001	0.001	0.001	0.997
0.001	0.997	0.001	0.001
0.001	0.001	0.001	0.997
0.001	0.947	0.051	0.001
0.053	0.001	0.001	0.945
>ATTAATTA	8-ATTAATTA	4.020890	-4965.732016	0	T:20092.0(94.71%),B:32690.8(61.58%),P:1e-2156	Tpos:379.5,Tstd:318.6,Bpos:578.5,Bstd:857.9,StrandBias:-0.0,Multiplicity:3.86
0.689	0.027	0.033	0.251
0.306	0.047	0.027	0.620
0.030	0.060	0.049	0.861
0.734	0.086	0.019	0.161
0.835	0.034	0.024	0.107
0.002	0.033	0.079	0.886
0.124	0.010	0.025	0.841
0.863	0.018	0.046	0.073
>CAGCTGTA	9-CAGCTGTA	0.130318	-4732.673490	0	T:21044.0(99.19%),B:38738.2(72.98%),P:1e-2055	Tpos:380.1,Tstd:325.7,Bpos:454.4,Bstd:766.2,StrandBias:0.0,Multiplicity:3.26
0.343	0.655	0.001	0.001
0.990	0.001	0.001	0.008
0.020	0.331	0.648	0.001
0.305	0.663	0.031	0.001
0.001	0.031	0.001	0.967
0.031	0.297	0.671	0.001
0.001	0.011	0.001	0.987
0.964	0.001	0.001	0.034
>TATGATAT	10-TATGATAT	-2.763316	-3963.074650	0	T:20785.0(97.97%),B:38804.0(73.10%),P:1e-1721	Tpos:380.1,Tstd:322.9,Bpos:511.5,Bstd:805.8,StrandBias:-0.0,Multiplicity:3.67
0.001	0.001	0.001	0.997
0.997	0.001	0.001	0.001
0.001	0.001	0.006	0.992
0.001	0.007	0.991	0.001
0.997	0.001	0.001	0.001
0.001	0.001	0.001	0.997
0.988	0.002	0.001	0.009
0.001	0.001	0.001	0.997
>TATGAGTC	11-TATGAGTC	-4.017500	-3316.882143	0	T:21191.0(99.89%),B:43608.0(82.15%),P:1e-1440	Tpos:378.2,Tstd:321.6,Bpos:440.7,Bstd:755.6,StrandBias:0.0,Multiplicity:3.52
0.001	0.273	0.001	0.725
0.997	0.001	0.001	0.001
0.001	0.001	0.001	0.997
0.001	0.001	0.725	0.273
0.997	0.001	0.001	0.001
0.001	0.001	0.725	0.273
0.001	0.273	0.001	0.725
0.001	0.725	0.273	0.001
>TAAKHTTG	12-TAAKHTTG	2.485373	-2777.701575	0	T:21197.0(99.92%),B:45072.7(84.91%),P:1e-1206	Tpos:380.3,Tstd:323.4,Bpos:454.4,Bstd:768.7,StrandBias:-0.0,Multiplicity:3.30
0.086	0.314	0.021	0.579
0.825	0.003	0.065	0.107
0.913	0.085	0.001	0.001
0.153	0.062	0.464	0.320
0.234	0.366	0.086	0.314
0.058	0.001	0.001	0.940
0.001	0.001	0.316	0.682
0.001	0.109	0.889	0.001
>AMAAASSC	13-AMAAASSC	-0.606521	-1578.238938	0	T:21215.0(100.00%),B:48561.2(91.48%),P:1e-685	Tpos:376.0,Tstd:316.8,Bpos:386.3,Bstd:717.3,StrandBias:0.0,Multiplicity:3.49
0.901	0.001	0.097	0.001
0.454	0.408	0.137	0.001
0.698	0.097	0.204	0.001
0.792	0.051	0.156	0.001
0.997	0.001	0.001	0.001
0.137	0.362	0.500	0.001
0.001	0.475	0.523	0.001
0.281	0.524	0.191	0.004
>GCAATTGG	14-GCAATTGG	-9.647934	-1370.848990	0	T:21215.0(100.00%),B:49136.3(92.56%),P:1e-595	Tpos:375.7,Tstd:322.0,Bpos:392.9,Bstd:714.8,StrandBias:-0.0,Multiplicity:3.47
0.001	0.001	0.997	0.001
0.001	0.997	0.001	0.001
0.997	0.001	0.001	0.001
0.997	0.001	0.001	0.001
0.001	0.001	0.001	0.997
0.001	0.001	0.001	0.997
0.001	0.001	0.997	0.001
0.001	0.001	0.997	0.001
>TAATATTA	15-TAATATTA	2.399224	-1002.485649	0	T:21206.0(99.96%),B:50034.2(94.26%),P:1e-435	Tpos:381.8,Tstd:324.4,Bpos:503.6,Bstd:810.4,StrandBias:0.0,Multiplicity:3.29
0.100	0.100	0.100	0.700
0.700	0.100	0.100	0.100
0.700	0.100	0.100	0.100
0.100	0.100	0.100	0.700
0.700	0.100	0.100	0.100
0.100	0.100	0.100	0.700
0.100	0.100	0.100	0.700
0.700	0.100	0.100	0.100
>ATAGTATT	16-ATAGTATT	0.453314	-5.380283	0	T:21215.0(100.00%),B:53067.2(99.97%),P:1e-2	Tpos:376.7,Tstd:322.9,Bpos:460.6,Bstd:778.2,StrandBias:0.0,Multiplicity:4.93
0.700	0.100	0.100	0.100
0.100	0.100	0.100	0.700
0.700	0.100	0.100	0.100
0.100	0.100	0.700	0.100
0.100	0.100	0.100	0.700
0.700	0.100	0.100	0.100
0.100	0.100	0.100	0.700
0.100	0.100	0.100	0.700
>NNNNNNNN	17-NNNNNNNN	-nan	0.000000	0	T:0.0(0.00%),B:0.0(0.00%),P:1e0	Tpos:0.0,Tstd:0.0,Bpos:0.0,Bstd:0.0,StrandBias:0.0,Multiplicity:1.00
-nan	-nan	-nan	-nan
-nan	-nan	-nan	-nan
-nan	-nan	-nan	-nan
-nan	-nan	-nan	-nan
-nan	-nan	-nan	-nan
-nan	-nan	-nan	-nan
-nan	-nan	-nan	-nan
-nan	-nan	-nan	-nan
>NNNNNNNN	18-NNNNNNNN	-nan	0.000000	0	T:0.0(0.00%),B:0.0(0.00%),P:1e0	Tpos:0.0,Tstd:0.0,Bpos:0.0,Bstd:0.0,StrandBias:0.0,Multiplicity:1.00
-nan	-nan	-nan	-nan
-nan	-nan	-nan	-nan
-nan	-nan	-nan	-nan
-nan	-nan	-nan	-nan
-nan	-nan	-nan	-nan
-nan	-nan	-nan	-nan
-nan	-nan	-nan	-nan
-nan	-nan	-nan	-nan
>NNNNNNNN	19-NNNNNNNN	-nan	0.000000	0	T:0.0(0.00%),B:0.0(0.00%),P:1e0	Tpos:0.0,Tstd:0.0,Bpos:0.0,Bstd:0.0,StrandBias:0.0,Multiplicity:1.00
-nan	-nan	-nan	-nan
-nan	-nan	-nan	-nan
-nan	-nan	-nan	-nan
-nan	-nan	-nan	-nan
-nan	-nan	-nan	-nan
-nan	-nan	-nan	-nan
-nan	-nan	-nan	-nan
-nan	-nan	-nan	-nan
>NNNNNNNN	20-NNNNNNNN	-nan	0.000000	0	T:0.0(0.00%),B:0.0(0.00%),P:1e0	Tpos:0.0,Tstd:0.0,Bpos:0.0,Bstd:0.0,StrandBias:0.0,Multiplicity:1.00
-nan	-nan	-nan	-nan
-nan	-nan	-nan	-nan
-nan	-nan	-nan	-nan
-nan	-nan	-nan	-nan
-nan	-nan	-nan	-nan
-nan	-nan	-nan	-nan
-nan	-nan	-nan	-nan
-nan	-nan	-nan	-nan
>NNNNNNNN	21-NNNNNNNN	-nan	0.000000	0	T:0.0(0.00%),B:0.0(0.00%),P:1e0	Tpos:0.0,Tstd:0.0,Bpos:0.0,Bstd:0.0,StrandBias:0.0,Multiplicity:1.00
-nan	-nan	-nan	-nan
-nan	-nan	-nan	-nan
-nan	-nan	-nan	-nan
-nan	-nan	-nan	-nan
-nan	-nan	-nan	-nan
-nan	-nan	-nan	-nan
-nan	-nan	-nan	-nan
-nan	-nan	-nan	-nan
>NNNNNNNN	22-NNNNNNNN	-nan	0.000000	0	T:0.0(0.00%),B:0.0(0.00%),P:1e0	Tpos:0.0,Tstd:0.0,Bpos:0.0,Bstd:0.0,StrandBias:0.0,Multiplicity:1.00
-nan	-nan	-nan	-nan
-nan	-nan	-nan	-nan
-nan	-nan	-nan	-nan
-nan	-nan	-nan	-nan
-nan	-nan	-nan	-nan
-nan	-nan	-nan	-nan
-nan	-nan	-nan	-nan
-nan	-nan	-nan	-nan
>NNNNNNNN	23-NNNNNNNN	-nan	0.000000	0	T:0.0(0.00%),B:0.0(0.00%),P:1e0	Tpos:0.0,Tstd:0.0,Bpos:0.0,Bstd:0.0,StrandBias:0.0,Multiplicity:1.00
-nan	-nan	-nan	-nan
-nan	-nan	-nan	-nan
-nan	-nan	-nan	-nan
-nan	-nan	-nan	-nan
-nan	-nan	-nan	-nan
-nan	-nan	-nan	-nan
-nan	-nan	-nan	-nan
-nan	-nan	-nan	-nan
>NNNNNNNN	24-NNNNNNNN	-nan	0.000000	0	T:0.0(0.00%),B:0.0(0.00%),P:1e0	Tpos:0.0,Tstd:0.0,Bpos:0.0,Bstd:0.0,StrandBias:0.0,Multiplicity:1.00
-nan	-nan	-nan	-nan
-nan	-nan	-nan	-nan
-nan	-nan	-nan	-nan
-nan	-nan	-nan	-nan
-nan	-nan	-nan	-nan
-nan	-nan	-nan	-nan
-nan	-nan	-nan	-nan
-nan	-nan	-nan	-nan
>ACAAATAT	25-ACAAATAT	-3.438507	0.000000	0	T:21215.0(100.00%),B:53083.3(100.00%),P:1e0	Tpos:378.1,Tstd:323.2,Bpos:405.1,Bstd:730.2,StrandBias:0.0,Multiplicity:3.76
0.700	0.100	0.100	0.100
0.100	0.700	0.100	0.100
0.700	0.100	0.100	0.100
0.700	0.100	0.100	0.100
0.700	0.100	0.100	0.100
0.100	0.100	0.100	0.700
0.700	0.100	0.100	0.100
0.100	0.100	0.100	0.700
