>TTGACTTT	1-TTGACTTT	1.440205	-6406.195765	0	T:18478.0(87.10%),B:23229.8(43.76%),P:1e-2782	Tpos:377.4,Tstd:314.6,Bpos:492.9,Bstd:802.2,StrandBias:0.0,Multiplicity:2.99
0.001	0.001	0.001	0.997
0.001	0.001	0.001	0.997
0.001	0.001	0.997	0.001
0.997	0.001	0.001	0.001
0.001	0.997	0.001	0.001
0.001	0.071	0.001	0.927
0.077	0.001	0.001	0.921
0.189	0.001	0.108	0.702
>NKCACGYG	2-NKCACGYG	-1.371975	-6247.381711	0	T:19270.0(90.83%),B:26380.7(49.70%),P:1e-2713	Tpos:372.0,Tstd:308.2,Bpos:413.2,Bstd:744.7,StrandBias:0.0,Multiplicity:4.09
0.285	0.258	0.279	0.178
0.159	0.106	0.334	0.401
0.001	0.847	0.151	0.001
0.645	0.001	0.353	0.001
0.001	0.997	0.001	0.001
0.001	0.001	0.997	0.001
0.001	0.438	0.001	0.560
0.001	0.087	0.911	0.001
>TATTWTAW	3-TATTWTAW	4.926539	-5956.002351	0	T:18365.0(86.57%),B:23774.4(44.79%),P:1e-2586	Tpos:383.7,Tstd:319.0,Bpos:634.5,Bstd:876.8,StrandBias:0.0,Multiplicity:4.11
0.002	0.080	0.001	0.917
0.819	0.103	0.001	0.077
0.134	0.030	0.101	0.735
0.345	0.001	0.001	0.653
0.506	0.001	0.001	0.492
0.001	0.001	0.001	0.997
0.951	0.001	0.001	0.047
0.466	0.051	0.080	0.404
>TGAMTTTG	4-TGAMTTTG	4.227764	-5868.349734	0	T:20183.0(95.14%),B:31069.5(58.53%),P:1e-2548	Tpos:378.1,Tstd:318.3,Bpos:492.2,Bstd:802.2,StrandBias:0.0,Multiplicity:3.60
0.001	0.231	0.155	0.613
0.123	0.001	0.627	0.249
0.905	0.001	0.001	0.093
0.257	0.376	0.197	0.170
0.007	0.001	0.083	0.909
0.097	0.011	0.001	0.891
0.002	0.317	0.001	0.680
0.003	0.001	0.995	0.001
>NCTCTCCN	5-NCTCTCCN	2.915268	-5773.740242	0	T:20173.0(95.09%),B:31230.9(58.83%),P:1e-2507	Tpos:379.9,Tstd:321.5,Bpos:390.4,Bstd:711.3,StrandBias:-0.0,Multiplicity:3.70
0.287	0.272	0.182	0.259
0.129	0.592	0.154	0.125
0.171	0.168	0.165	0.497
0.211	0.511	0.194	0.084
0.187	0.152	0.159	0.502
0.195	0.645	0.104	0.056
0.133	0.702	0.099	0.066
0.276	0.243	0.187	0.293
>GCCKGGKH	6-GCCKGGKH	2.701753	-5376.764930	0	T:20773.0(97.92%),B:35350.0(66.59%),P:1e-2335	Tpos:376.5,Tstd:318.5,Bpos:368.7,Bstd:705.5,StrandBias:0.0,Multiplicity:3.69
0.001	0.022	0.656	0.321
0.219	0.404	0.128	0.249
0.002	0.592	0.405	0.001
0.001	0.234	0.361	0.404
0.295	0.211	0.493	0.001
0.049	0.229	0.603	0.119
0.249	0.001	0.432	0.318
0.375	0.377	0.006	0.242
>CTCTCTCT	7-CTCTCTCT	-1.745817	-5373.006089	0	T:19027.0(89.69%),B:27357.2(51.54%),P:1e-2333	Tpos:367.4,Tstd:306.0,Bpos:373.2,Bstd:699.8,StrandBias:0.0,Multiplicity:3.73
0.001	0.809	0.001	0.189
0.001	0.001	0.001	0.997
0.001	0.997	0.001	0.001
0.001	0.001	0.001	0.997
0.001	0.997	0.001	0.001
0.001	0.001	0.001	0.997
0.001	0.947	0.051	0.001
0.053	0.001	0.001	0.945
>ATTAATTA	8-ATTAATTA	4.020890	-4965.732016	0	T:20092.0(94.71%),B:32690.8(61.58%),P:1e-2156	Tpos:379.5,Tstd:318.6,Bpos:578.5,Bstd:857.9,StrandBias:-0.0,Multiplicity:3.86
0.689	0.027	0.033	0.251
0.306	0.047	0.027	0.620
0.030	0.060	0.049	0.861
0.734	0.086	0.019	0.161
0.835	0.034	0.024	0.107
0.002	0.033	0.079	0.886
0.124	0.010	0.025	0.841
0.863	0.018	0.046	0.073
>CAGCTGTA	9-CAGCTGTA	0.130318	-4732.673490	0	T:21044.0(99.19%),B:38738.2(72.98%),P:1e-2055	Tpos:380.1,Tstd:325.7,Bpos:454.4,Bstd:766.2,StrandBias:0.0,Multiplicity:3.26
0.343	0.655	0.001	0.001
0.990	0.001	0.001	0.008
0.020	0.331	0.648	0.001
0.305	0.663	0.031	0.001
0.001	0.031	0.001	0.967
0.031	0.297	0.671	0.001
0.001	0.011	0.001	0.987
0.964	0.001	0.001	0.034
>TATGATAT	10-TATGATAT	-2.763316	-3963.074650	0	T:20785.0(97.97%),B:38804.0(73.10%),P:1e-1721	Tpos:380.1,Tstd:322.9,Bpos:511.5,Bstd:805.8,StrandBias:-0.0,Multiplicity:3.67
0.001	0.001	0.001	0.997
0.997	0.001	0.001	0.001
0.001	0.001	0.006	0.992
0.001	0.007	0.991	0.001
0.997	0.001	0.001	0.001
0.001	0.001	0.001	0.997
0.988	0.002	0.001	0.009
0.001	0.001	0.001	0.997
>TATGAGTC	11-TATGAGTC	-4.017500	-3316.882143	0	T:21191.0(99.89%),B:43608.0(82.15%),P:1e-1440	Tpos:378.2,Tstd:321.6,Bpos:440.7,Bstd:755.6,StrandBias:0.0,Multiplicity:3.52
0.001	0.273	0.001	0.725
0.997	0.001	0.001	0.001
0.001	0.001	0.001	0.997
0.001	0.001	0.725	0.273
0.997	0.001	0.001	0.001
0.001	0.001	0.725	0.273
0.001	0.273	0.001	0.725
0.001	0.725	0.273	0.001
>TAAKHTTG	12-TAAKHTTG	2.485373	-2777.701575	0	T:21197.0(99.92%),B:45072.7(84.91%),P:1e-1206	Tpos:380.3,Tstd:323.4,Bpos:454.4,Bstd:768.7,StrandBias:-0.0,Multiplicity:3.30
0.086	0.314	0.021	0.579
0.825	0.003	0.065	0.107
0.913	0.085	0.001	0.001
0.153	0.062	0.464	0.320
0.234	0.366	0.086	0.314
0.058	0.001	0.001	0.940
0.001	0.001	0.316	0.682
0.001	0.109	0.889	0.001
>AMAAASSC	13-AMAAASSC	-0.606521	-1578.238938	0	T:21215.0(100.00%),B:48561.2(91.48%),P:1e-685	Tpos:376.0,Tstd:316.8,Bpos:386.3,Bstd:717.3,StrandBias:0.0,Multiplicity:3.49
0.901	0.001	0.097	0.001
0.454	0.408	0.137	0.001
0.698	0.097	0.204	0.001
0.792	0.051	0.156	0.001
0.997	0.001	0.001	0.001
0.137	0.362	0.500	0.001
0.001	0.475	0.523	0.001
0.281	0.524	0.191	0.004
>GCAATTGG	14-GCAATTGG	-9.647934	-1370.848990	0	T:21215.0(100.00%),B:49136.3(92.56%),P:1e-595	Tpos:375.7,Tstd:322.0,Bpos:392.9,Bstd:714.8,StrandBias:-0.0,Multiplicity:3.47
0.001	0.001	0.997	0.001
0.001	0.997	0.001	0.001
0.997	0.001	0.001	0.001
0.997	0.001	0.001	0.001
0.001	0.001	0.001	0.997
0.001	0.001	0.001	0.997
0.001	0.001	0.997	0.001
0.001	0.001	0.997	0.001
>TAATATTA	15-TAATATTA	2.399224	-1002.485649	0	T:21206.0(99.96%),B:50034.2(94.26%),P:1e-435	Tpos:381.8,Tstd:324.4,Bpos:503.6,Bstd:810.4,StrandBias:0.0,Multiplicity:3.29
0.100	0.100	0.100	0.700
0.700	0.100	0.100	0.100
0.700	0.100	0.100	0.100
0.100	0.100	0.100	0.700
0.700	0.100	0.100	0.100
0.100	0.100	0.100	0.700
0.100	0.100	0.100	0.700
0.700	0.100	0.100	0.100
>ATAGTATT	16-ATAGTATT	0.453314	-5.380283	0	T:21215.0(100.00%),B:53067.2(99.97%),P:1e-2	Tpos:376.7,Tstd:322.9,Bpos:460.6,Bstd:778.2,StrandBias:0.0,Multiplicity:4.93
0.700	0.100	0.100	0.100
0.100	0.100	0.100	0.700
0.700	0.100	0.100	0.100
0.100	0.100	0.700	0.100
0.100	0.100	0.100	0.700
0.700	0.100	0.100	0.100
0.100	0.100	0.100	0.700
0.100	0.100	0.100	0.700
>NNNNNNNN	17-NNNNNNNN	-nan	0.000000	0	T:0.0(0.00%),B:0.0(0.00%),P:1e0	Tpos:0.0,Tstd:0.0,Bpos:0.0,Bstd:0.0,StrandBias:0.0,Multiplicity:1.00
-nan	-nan	-nan	-nan
-nan	-nan	-nan	-nan
-nan	-nan	-nan	-nan
-nan	-nan	-nan	-nan
-nan	-nan	-nan	-nan
-nan	-nan	-nan	-nan
-nan	-nan	-nan	-nan
-nan	-nan	-nan	-nan
>NNNNNNNN	18-NNNNNNNN	-nan	0.000000	0	T:0.0(0.00%),B:0.0(0.00%),P:1e0	Tpos:0.0,Tstd:0.0,Bpos:0.0,Bstd:0.0,StrandBias:0.0,Multiplicity:1.00
-nan	-nan	-nan	-nan
-nan	-nan	-nan	-nan
-nan	-nan	-nan	-nan
-nan	-nan	-nan	-nan
-nan	-nan	-nan	-nan
-nan	-nan	-nan	-nan
-nan	-nan	-nan	-nan
-nan	-nan	-nan	-nan
>NNNNNNNN	19-NNNNNNNN	-nan	0.000000	0	T:0.0(0.00%),B:0.0(0.00%),P:1e0	Tpos:0.0,Tstd:0.0,Bpos:0.0,Bstd:0.0,StrandBias:0.0,Multiplicity:1.00
-nan	-nan	-nan	-nan
-nan	-nan	-nan	-nan
-nan	-nan	-nan	-nan
-nan	-nan	-nan	-nan
-nan	-nan	-nan	-nan
-nan	-nan	-nan	-nan
-nan	-nan	-nan	-nan
-nan	-nan	-nan	-nan
>NNNNNNNN	20-NNNNNNNN	-nan	0.000000	0	T:0.0(0.00%),B:0.0(0.00%),P:1e0	Tpos:0.0,Tstd:0.0,Bpos:0.0,Bstd:0.0,StrandBias:0.0,Multiplicity:1.00
-nan	-nan	-nan	-nan
-nan	-nan	-nan	-nan
-nan	-nan	-nan	-nan
-nan	-nan	-nan	-nan
-nan	-nan	-nan	-nan
-nan	-nan	-nan	-nan
-nan	-nan	-nan	-nan
-nan	-nan	-nan	-nan
>NNNNNNNN	21-NNNNNNNN	-nan	0.000000	0	T:0.0(0.00%),B:0.0(0.00%),P:1e0	Tpos:0.0,Tstd:0.0,Bpos:0.0,Bstd:0.0,StrandBias:0.0,Multiplicity:1.00
-nan	-nan	-nan	-nan
-nan	-nan	-nan	-nan
-nan	-nan	-nan	-nan
-nan	-nan	-nan	-nan
-nan	-nan	-nan	-nan
-nan	-nan	-nan	-nan
-nan	-nan	-nan	-nan
-nan	-nan	-nan	-nan
>NNNNNNNN	22-NNNNNNNN	-nan	0.000000	0	T:0.0(0.00%),B:0.0(0.00%),P:1e0	Tpos:0.0,Tstd:0.0,Bpos:0.0,Bstd:0.0,StrandBias:0.0,Multiplicity:1.00
-nan	-nan	-nan	-nan
-nan	-nan	-nan	-nan
-nan	-nan	-nan	-nan
-nan	-nan	-nan	-nan
-nan	-nan	-nan	-nan
-nan	-nan	-nan	-nan
-nan	-nan	-nan	-nan
-nan	-nan	-nan	-nan
>NNNNNNNN	23-NNNNNNNN	-nan	0.000000	0	T:0.0(0.00%),B:0.0(0.00%),P:1e0	Tpos:0.0,Tstd:0.0,Bpos:0.0,Bstd:0.0,StrandBias:0.0,Multiplicity:1.00
-nan	-nan	-nan	-nan
-nan	-nan	-nan	-nan
-nan	-nan	-nan	-nan
-nan	-nan	-nan	-nan
-nan	-nan	-nan	-nan
-nan	-nan	-nan	-nan
-nan	-nan	-nan	-nan
-nan	-nan	-nan	-nan
>NNNNNNNN	24-NNNNNNNN	-nan	0.000000	0	T:0.0(0.00%),B:0.0(0.00%),P:1e0	Tpos:0.0,Tstd:0.0,Bpos:0.0,Bstd:0.0,StrandBias:0.0,Multiplicity:1.00
-nan	-nan	-nan	-nan
-nan	-nan	-nan	-nan
-nan	-nan	-nan	-nan
-nan	-nan	-nan	-nan
-nan	-nan	-nan	-nan
-nan	-nan	-nan	-nan
-nan	-nan	-nan	-nan
-nan	-nan	-nan	-nan
>ACAAATAT	25-ACAAATAT	-3.438507	0.000000	0	T:21215.0(100.00%),B:53083.3(100.00%),P:1e0	Tpos:378.1,Tstd:323.2,Bpos:405.1,Bstd:730.2,StrandBias:0.0,Multiplicity:3.76
0.700	0.100	0.100	0.100
0.100	0.700	0.100	0.100
0.700	0.100	0.100	0.100
0.700	0.100	0.100	0.100
0.700	0.100	0.100	0.100
0.100	0.100	0.100	0.700
0.700	0.100	0.100	0.100
0.100	0.100	0.100	0.700
