>GTTGACTWDW	1-GTTGACTWDW	3.029154	-6692.807442	0	T:19110.0(90.08%),B:24867.8(46.85%),P:1e-2906	Tpos:372.9,Tstd:312.2,Bpos:470.4,Bstd:787.5,StrandBias:0.0,Multiplicity:3.00
0.184	0.014	0.582	0.220
0.001	0.181	0.001	0.817
0.099	0.001	0.001	0.899
0.001	0.001	0.997	0.001
0.953	0.012	0.001	0.034
0.001	0.997	0.001	0.001
0.149	0.219	0.193	0.439
0.365	0.155	0.001	0.479
0.250	0.106	0.321	0.323
0.317	0.105	0.183	0.395
>GGTCGAGTRW	2-GGTCGAGTRW	-3.557709	-6256.287379	0	T:19800.0(93.33%),B:28501.1(53.69%),P:1e-2717	Tpos:380.3,Tstd:319.0,Bpos:438.2,Bstd:758.9,StrandBias:0.0,Multiplicity:3.59
0.001	0.001	0.997	0.001
0.256	0.003	0.740	0.001
0.001	0.055	0.001	0.943
0.052	0.946	0.001	0.001
0.003	0.001	0.995	0.001
0.997	0.001	0.001	0.001
0.001	0.001	0.946	0.052
0.001	0.001	0.001	0.997
0.518	0.055	0.425	0.002
0.358	0.201	0.124	0.317
>ATAAWATAAT	3-ATAAWATAAT	4.037614	-6124.519335	0	T:18965.0(89.39%),B:25502.6(48.04%),P:1e-2659	Tpos:384.0,Tstd:320.8,Bpos:640.6,Bstd:883.9,StrandBias:-0.0,Multiplicity:4.38
0.611	0.158	0.030	0.201
0.014	0.001	0.023	0.962
0.919	0.079	0.001	0.001
0.552	0.112	0.103	0.233
0.437	0.001	0.001	0.561
0.659	0.001	0.094	0.246
0.047	0.027	0.030	0.896
0.997	0.001	0.001	0.001
0.478	0.017	0.201	0.304
0.001	0.001	0.082	0.916
>TCGATCGACA	4-TCGATCGACA	-10.567230	-5945.074900	0	T:20191.0(95.17%),B:30940.0(58.29%),P:1e-2581	Tpos:380.7,Tstd:322.1,Bpos:437.1,Bstd:758.2,StrandBias:0.0,Multiplicity:2.93
0.001	0.001	0.001	0.997
0.001	0.973	0.025	0.001
0.001	0.001	0.997	0.001
0.997	0.001	0.001	0.001
0.001	0.001	0.001	0.997
0.001	0.997	0.001	0.001
0.001	0.001	0.997	0.001
0.997	0.001	0.001	0.001
0.001	0.997	0.001	0.001
0.997	0.001	0.001	0.001
>AGAGAGAGAG	5-AGAGAGAGAG	4.288594	-5670.567407	0	T:18761.0(88.43%),B:25738.5(48.49%),P:1e-2462	Tpos:366.4,Tstd:305.7,Bpos:385.3,Bstd:709.7,StrandBias:0.0,Multiplicity:3.67
0.489	0.001	0.226	0.285
0.103	0.107	0.756	0.034
0.629	0.001	0.101	0.269
0.068	0.028	0.876	0.028
0.789	0.001	0.008	0.202
0.129	0.001	0.869	0.001
0.781	0.001	0.001	0.217
0.163	0.121	0.662	0.054
0.521	0.001	0.288	0.190
0.188	0.108	0.565	0.139
>AWAAMTAYWM	6-AWAAMTAYWM	-2.522480	-5229.292641	0	T:20175.0(95.10%),B:32469.7(61.17%),P:1e-2271	Tpos:381.4,Tstd:320.4,Bpos:556.8,Bstd:840.8,StrandBias:-0.0,Multiplicity:3.93
0.997	0.001	0.001	0.001
0.555	0.001	0.001	0.443
0.997	0.001	0.001	0.001
0.997	0.001	0.001	0.001
0.552	0.445	0.001	0.002
0.001	0.001	0.001	0.997
0.997	0.001	0.001	0.001
0.001	0.491	0.001	0.507
0.527	0.001	0.001	0.471
0.483	0.515	0.001	0.001
>CATTACATCA	7-CATTACATCA	-7.235099	-4484.141560	0	T:21044.0(99.19%),B:39331.3(74.09%),P:1e-1947	Tpos:378.6,Tstd:321.6,Bpos:471.6,Bstd:783.8,StrandBias:-0.0,Multiplicity:3.65
0.070	0.928	0.001	0.001
0.997	0.001	0.001	0.001
0.001	0.001	0.001	0.997
0.001	0.109	0.089	0.801
0.997	0.001	0.001	0.001
0.062	0.936	0.001	0.001
0.997	0.001	0.001	0.001
0.001	0.001	0.001	0.997
0.001	0.997	0.001	0.001
0.997	0.001	0.001	0.001
>TAAAAAACGG	8-TAAAAAACGG	-7.431838	-4426.523773	0	T:20925.0(98.63%),B:38583.6(72.69%),P:1e-1922	Tpos:378.8,Tstd:319.1,Bpos:458.7,Bstd:780.6,StrandBias:0.0,Multiplicity:3.60
0.001	0.001	0.001	0.997
0.853	0.001	0.001	0.145
0.997	0.001	0.001	0.001
0.997	0.001	0.001	0.001
0.997	0.001	0.001	0.001
0.997	0.001	0.001	0.001
0.997	0.001	0.001	0.001
0.001	0.997	0.001	0.001
0.001	0.001	0.997	0.001
0.326	0.001	0.672	0.001
>AGCTTCSAAM	9-AGCTTCSAAM	-4.677358	-3787.254595	0	T:21172.0(99.80%),B:42206.3(79.51%),P:1e-1644	Tpos:378.7,Tstd:323.0,Bpos:410.8,Bstd:734.7,StrandBias:-0.0,Multiplicity:3.43
0.997	0.001	0.001	0.001
0.001	0.173	0.825	0.001
0.001	0.850	0.148	0.001
0.001	0.001	0.197	0.801
0.001	0.001	0.001	0.997
0.001	0.622	0.160	0.217
0.213	0.322	0.464	0.001
0.734	0.001	0.264	0.001
0.997	0.001	0.001	0.001
0.529	0.469	0.001	0.001
>CTARYAAGGA	10-CTARYAAGGA	-4.518425	-3771.096408	0	T:21155.0(99.72%),B:42066.7(79.25%),P:1e-1637	Tpos:379.8,Tstd:323.1,Bpos:424.4,Bstd:741.9,StrandBias:0.0,Multiplicity:3.17
0.001	0.654	0.001	0.344
0.001	0.001	0.001	0.997
0.997	0.001	0.001	0.001
0.563	0.001	0.435	0.001
0.001	0.497	0.001	0.501
0.700	0.298	0.001	0.001
0.725	0.001	0.273	0.001
0.001	0.001	0.997	0.001
0.252	0.001	0.746	0.001
0.997	0.001	0.001	0.001
>TGTCYGCAAA	11-TGTCYGCAAA	-1.195619	-2046.661146	0	T:21215.0(100.00%),B:47283.2(89.07%),P:1e-888	Tpos:378.3,Tstd:321.7,Bpos:404.8,Bstd:733.6,StrandBias:0.0,Multiplicity:3.27
0.040	0.063	0.355	0.542
0.317	0.001	0.593	0.089
0.001	0.001	0.001	0.997
0.378	0.612	0.001	0.009
0.007	0.540	0.010	0.443
0.001	0.018	0.612	0.369
0.009	0.741	0.244	0.006
0.595	0.032	0.317	0.056
0.699	0.001	0.299	0.001
0.691	0.299	0.009	0.001
>CAGTTGGGWT	12-CAGTTGGGWT	-14.607919	-1451.757683	0	T:21215.0(100.00%),B:48911.2(92.14%),P:1e-630	Tpos:377.0,Tstd:320.1,Bpos:413.0,Bstd:734.3,StrandBias:0.0,Multiplicity:3.66
0.001	0.997	0.001	0.001
0.997	0.001	0.001	0.001
0.001	0.001	0.997	0.001
0.001	0.001	0.001	0.997
0.001	0.001	0.001	0.997
0.001	0.001	0.997	0.001
0.374	0.001	0.624	0.001
0.001	0.001	0.997	0.001
0.375	0.125	0.001	0.500
0.001	0.124	0.001	0.874
>CACTGAGCGC	13-CACTGAGCGC	-15.817343	-387.177333	0	T:21215.0(100.00%),B:51942.5(97.85%),P:1e-168	Tpos:376.5,Tstd:321.0,Bpos:401.5,Bstd:726.4,StrandBias:-0.0,Multiplicity:3.39
0.001	0.725	0.273	0.001
0.763	0.235	0.001	0.001
0.273	0.725	0.001	0.001
0.001	0.001	0.001	0.997
0.292	0.001	0.706	0.001
0.997	0.001	0.001	0.001
0.001	0.001	0.997	0.001
0.001	0.763	0.001	0.235
0.235	0.001	0.763	0.001
0.001	0.997	0.001	0.001
>TAATAAATAT	14-TAATAAATAT	0.000000	-78.149234	0	T:21215.0(100.00%),B:52851.3(99.56%),P:1e-33
0.100	0.100	0.100	0.700
0.700	0.100	0.100	0.100
0.700	0.100	0.100	0.100
0.100	0.100	0.100	0.700
0.700	0.100	0.100	0.100
0.700	0.100	0.100	0.100
0.700	0.100	0.100	0.100
0.100	0.100	0.100	0.700
0.700	0.100	0.100	0.100
0.100	0.100	0.100	0.700
>NNNNNNNNNN	15-NNNNNNNNNN	-nan	0.000000	0	T:0.0(0.00%),B:0.0(0.00%),P:1e0	Tpos:0.0,Tstd:0.0,Bpos:0.0,Bstd:0.0,StrandBias:0.0,Multiplicity:1.00
-nan	-nan	-nan	-nan
-nan	-nan	-nan	-nan
-nan	-nan	-nan	-nan
-nan	-nan	-nan	-nan
-nan	-nan	-nan	-nan
-nan	-nan	-nan	-nan
-nan	-nan	-nan	-nan
-nan	-nan	-nan	-nan
-nan	-nan	-nan	-nan
-nan	-nan	-nan	-nan
>TTGCCTGTAC	16-TTGCCTGTAC	-27.595607	0.000000	0	T:21215.0(100.00%),B:53083.3(100.00%),P:1e0	Tpos:375.3,Tstd:320.0,Bpos:433.3,Bstd:756.8,StrandBias:0.0,Multiplicity:3.70
0.001	0.001	0.001	0.997
0.001	0.001	0.001	0.997
0.001	0.001	0.997	0.001
0.001	0.997	0.001	0.001
0.001	0.997	0.001	0.001
0.001	0.001	0.001	0.997
0.001	0.001	0.997	0.001
0.001	0.001	0.001	0.997
0.997	0.001	0.001	0.001
0.001	0.997	0.001	0.001
>NNNNNNNNNN	17-NNNNNNNNNN	-nan	0.000000	0	T:0.0(0.00%),B:0.0(0.00%),P:1e0	Tpos:0.0,Tstd:0.0,Bpos:0.0,Bstd:0.0,StrandBias:0.0,Multiplicity:1.00
-nan	-nan	-nan	-nan
-nan	-nan	-nan	-nan
-nan	-nan	-nan	-nan
-nan	-nan	-nan	-nan
-nan	-nan	-nan	-nan
-nan	-nan	-nan	-nan
-nan	-nan	-nan	-nan
-nan	-nan	-nan	-nan
-nan	-nan	-nan	-nan
-nan	-nan	-nan	-nan
>NNNNNNNNNN	18-NNNNNNNNNN	-nan	0.000000	0	T:0.0(0.00%),B:0.0(0.00%),P:1e0	Tpos:0.0,Tstd:0.0,Bpos:0.0,Bstd:0.0,StrandBias:0.0,Multiplicity:1.00
-nan	-nan	-nan	-nan
-nan	-nan	-nan	-nan
-nan	-nan	-nan	-nan
-nan	-nan	-nan	-nan
-nan	-nan	-nan	-nan
-nan	-nan	-nan	-nan
-nan	-nan	-nan	-nan
-nan	-nan	-nan	-nan
-nan	-nan	-nan	-nan
-nan	-nan	-nan	-nan
>NNNNNNNNNN	19-NNNNNNNNNN	-nan	0.000000	0	T:0.0(0.00%),B:0.0(0.00%),P:1e0	Tpos:0.0,Tstd:0.0,Bpos:0.0,Bstd:0.0,StrandBias:0.0,Multiplicity:1.00
-nan	-nan	-nan	-nan
-nan	-nan	-nan	-nan
-nan	-nan	-nan	-nan
-nan	-nan	-nan	-nan
-nan	-nan	-nan	-nan
-nan	-nan	-nan	-nan
-nan	-nan	-nan	-nan
-nan	-nan	-nan	-nan
-nan	-nan	-nan	-nan
-nan	-nan	-nan	-nan
>NNNNNNNNNN	20-NNNNNNNNNN	-nan	0.000000	0	T:0.0(0.00%),B:0.0(0.00%),P:1e0	Tpos:0.0,Tstd:0.0,Bpos:0.0,Bstd:0.0,StrandBias:0.0,Multiplicity:1.00
-nan	-nan	-nan	-nan
-nan	-nan	-nan	-nan
-nan	-nan	-nan	-nan
-nan	-nan	-nan	-nan
-nan	-nan	-nan	-nan
-nan	-nan	-nan	-nan
-nan	-nan	-nan	-nan
-nan	-nan	-nan	-nan
-nan	-nan	-nan	-nan
-nan	-nan	-nan	-nan
>NNNNNNNNNN	21-NNNNNNNNNN	-nan	0.000000	0	T:0.0(0.00%),B:0.0(0.00%),P:1e0	Tpos:0.0,Tstd:0.0,Bpos:0.0,Bstd:0.0,StrandBias:0.0,Multiplicity:1.00
-nan	-nan	-nan	-nan
-nan	-nan	-nan	-nan
-nan	-nan	-nan	-nan
-nan	-nan	-nan	-nan
-nan	-nan	-nan	-nan
-nan	-nan	-nan	-nan
-nan	-nan	-nan	-nan
-nan	-nan	-nan	-nan
-nan	-nan	-nan	-nan
-nan	-nan	-nan	-nan
>NNNNNNNNNN	22-NNNNNNNNNN	-nan	0.000000	0	T:0.0(0.00%),B:0.0(0.00%),P:1e0	Tpos:0.0,Tstd:0.0,Bpos:0.0,Bstd:0.0,StrandBias:0.0,Multiplicity:1.00
-nan	-nan	-nan	-nan
-nan	-nan	-nan	-nan
-nan	-nan	-nan	-nan
-nan	-nan	-nan	-nan
-nan	-nan	-nan	-nan
-nan	-nan	-nan	-nan
-nan	-nan	-nan	-nan
-nan	-nan	-nan	-nan
-nan	-nan	-nan	-nan
-nan	-nan	-nan	-nan
>NNNNNNNNNN	23-NNNNNNNNNN	-nan	0.000000	0	T:0.0(0.00%),B:0.0(0.00%),P:1e0	Tpos:0.0,Tstd:0.0,Bpos:0.0,Bstd:0.0,StrandBias:0.0,Multiplicity:1.00
-nan	-nan	-nan	-nan
-nan	-nan	-nan	-nan
-nan	-nan	-nan	-nan
-nan	-nan	-nan	-nan
-nan	-nan	-nan	-nan
-nan	-nan	-nan	-nan
-nan	-nan	-nan	-nan
-nan	-nan	-nan	-nan
-nan	-nan	-nan	-nan
-nan	-nan	-nan	-nan
>NNNNNNNNNN	24-NNNNNNNNNN	-nan	0.000000	0	T:0.0(0.00%),B:0.0(0.00%),P:1e0	Tpos:0.0,Tstd:0.0,Bpos:0.0,Bstd:0.0,StrandBias:0.0,Multiplicity:1.00
-nan	-nan	-nan	-nan
-nan	-nan	-nan	-nan
-nan	-nan	-nan	-nan
-nan	-nan	-nan	-nan
-nan	-nan	-nan	-nan
-nan	-nan	-nan	-nan
-nan	-nan	-nan	-nan
-nan	-nan	-nan	-nan
-nan	-nan	-nan	-nan
-nan	-nan	-nan	-nan
>AATAACACCG	25-AATAACACCG	-48.309859	0.000000	0	T:21215.0(100.00%),B:53083.3(100.00%),P:1e0	Tpos:375.9,Tstd:322.5,Bpos:451.5,Bstd:770.5,StrandBias:-0.0,Multiplicity:1.99
0.997	0.001	0.001	0.001
0.997	0.001	0.001	0.001
0.001	0.001	0.001	0.997
0.997	0.001	0.001	0.001
0.997	0.001	0.001	0.001
0.001	0.997	0.001	0.001
0.997	0.001	0.001	0.001
0.001	0.997	0.001	0.001
0.001	0.997	0.001	0.001
0.001	0.001	0.997	0.001
