>TTCGTCGAAC	1-TTCGTCGAAC	7.721844	-297.146597	0	T:103.0(33.44%),B:351.7(0.76%),P:1e-129	Tpos:120.2,Tstd:55.6,Bpos:188.7,Bstd:309.5,StrandBias:0.4,Multiplicity:1.07
0.023	0.001	0.001	0.975
0.020	0.014	0.020	0.946
0.001	0.967	0.011	0.021
0.227	0.044	0.720	0.009
0.001	0.001	0.001	0.997
0.001	0.985	0.013	0.001
0.001	0.001	0.997	0.001
0.981	0.001	0.001	0.017
0.976	0.001	0.022	0.001
0.001	0.997	0.001	0.001
>TCTCAGGCAT	2-TCTCAGGCAT	9.357992	-149.747491	0	T:51.0(16.56%),B:150.4(0.33%),P:1e-65	Tpos:123.0,Tstd:59.3,Bpos:190.0,Bstd:260.8,StrandBias:0.3,Multiplicity:1.06
0.134	0.070	0.187	0.609
0.079	0.560	0.102	0.259
0.119	0.001	0.001	0.879
0.079	0.741	0.119	0.061
0.800	0.001	0.145	0.054
0.095	0.094	0.810	0.001
0.128	0.085	0.760	0.027
0.054	0.944	0.001	0.001
0.947	0.001	0.025	0.027
0.024	0.001	0.001	0.974
>TTGGTTBAMA	3-TTGGTTBAMA	3.246099	-81.870295	0	T:299.0(97.08%),B:31808.0(69.13%),P:1e-35	Tpos:150.0,Tstd:113.4,Bpos:236.2,Bstd:386.4,StrandBias:-0.0,Multiplicity:1.60
0.001	0.070	0.070	0.859
0.281	0.001	0.008	0.710
0.001	0.070	0.783	0.146
0.140	0.001	0.858	0.001
0.140	0.211	0.001	0.648
0.070	0.211	0.282	0.436
0.070	0.291	0.352	0.287
0.708	0.001	0.290	0.001
0.436	0.493	0.001	0.070
0.492	0.001	0.290	0.217
>CCCTGTTAGA	4-CCCTGTTAGA	11.223308	-75.394307	0	T:21.0(6.82%),B:27.3(0.06%),P:1e-32	Tpos:174.5,Tstd:108.9,Bpos:340.6,Bstd:420.0,StrandBias:0.2,Multiplicity:1.43
0.001	0.638	0.360	0.001
0.001	0.997	0.001	0.001
0.001	0.667	0.001	0.331
0.252	0.001	0.001	0.746
0.306	0.001	0.692	0.001
0.001	0.001	0.001	0.997
0.001	0.001	0.001	0.997
0.997	0.001	0.001	0.001
0.001	0.252	0.746	0.001
0.997	0.001	0.001	0.001
>TGCMCGCMAG	5-TGCMCGCMAG	7.554762	-73.556572	0	T:48.0(15.58%),B:690.9(1.50%),P:1e-31	Tpos:146.5,Tstd:69.6,Bpos:256.4,Bstd:406.2,StrandBias:0.4,Multiplicity:1.06
0.001	0.001	0.001	0.997
0.093	0.001	0.905	0.001
0.001	0.997	0.001	0.001
0.416	0.516	0.001	0.067
0.001	0.840	0.083	0.076
0.265	0.001	0.733	0.001
0.143	0.603	0.001	0.253
0.491	0.507	0.001	0.001
0.898	0.100	0.001	0.001
0.196	0.149	0.654	0.001
>AGTCGAATAT	6-AGTCGAATAT	10.296193	-68.237065	0	T:16.0(5.19%),B:8.0(0.02%),P:1e-29	Tpos:163.8,Tstd:113.5,Bpos:424.5,Bstd:337.9,StrandBias:0.0,Multiplicity:1.50
0.700	0.100	0.100	0.100
0.100	0.100	0.700	0.100
0.100	0.100	0.100	0.700
0.100	0.700	0.100	0.100
0.100	0.100	0.700	0.100
0.700	0.100	0.100	0.100
0.700	0.100	0.100	0.100
0.100	0.100	0.100	0.700
0.700	0.100	0.100	0.100
0.100	0.100	0.100	0.700
>GTCATGTGTA	7-GTCATGTGTA	10.296193	-67.977947	0	T:17.0(5.52%),B:12.5(0.03%),P:1e-29	Tpos:161.4,Tstd:93.1,Bpos:538.6,Bstd:459.5,StrandBias:0.0,Multiplicity:1.18
0.100	0.100	0.700	0.100
0.100	0.100	0.100	0.700
0.100	0.700	0.100	0.100
0.700	0.100	0.100	0.100
0.100	0.100	0.100	0.700
0.100	0.100	0.700	0.100
0.100	0.100	0.100	0.700
0.100	0.100	0.700	0.100
0.100	0.100	0.100	0.700
0.700	0.100	0.100	0.100
>TTTGAGAAGC	8-TTTGAGAAGC	10.296193	-65.963725	0	T:20.0(6.49%),B:38.9(0.08%),P:1e-28	Tpos:168.6,Tstd:99.0,Bpos:340.0,Bstd:452.0,StrandBias:-0.3,Multiplicity:1.25
0.100	0.100	0.100	0.700
0.100	0.100	0.100	0.700
0.100	0.100	0.100	0.700
0.100	0.100	0.700	0.100
0.700	0.100	0.100	0.100
0.100	0.100	0.700	0.100
0.700	0.100	0.100	0.100
0.700	0.100	0.100	0.100
0.100	0.100	0.700	0.100
0.100	0.700	0.100	0.100
>GATTGAGTAT	9-GATTGAGTAT	10.917131	-64.952639	0	T:19.0(6.17%),B:31.8(0.07%),P:1e-28	Tpos:174.6,Tstd:108.7,Bpos:421.0,Bstd:446.4,StrandBias:0.2,Multiplicity:1.47
0.001	0.001	0.997	0.001
0.997	0.001	0.001	0.001
0.001	0.001	0.001	0.997
0.001	0.001	0.001	0.997
0.001	0.001	0.997	0.001
0.997	0.001	0.001	0.001
0.001	0.001	0.997	0.001
0.001	0.001	0.001	0.997
0.997	0.001	0.001	0.001
0.001	0.054	0.001	0.944
>TGGTTAGTGT	10-TGGTTAGTGT	9.416858	-61.299183	0	T:18.0(5.84%),B:30.1(0.07%),P:1e-26	Tpos:179.8,Tstd:124.0,Bpos:400.4,Bstd:413.3,StrandBias:0.1,Multiplicity:1.28
0.102	0.056	0.265	0.577
0.148	0.153	0.633	0.066
0.137	0.181	0.640	0.042
0.051	0.041	0.208	0.700
0.026	0.023	0.204	0.747
0.534	0.098	0.126	0.242
0.013	0.079	0.893	0.015
0.001	0.193	0.044	0.762
0.036	0.092	0.833	0.039
0.057	0.067	0.186	0.690
>GGAGTCAAAT	11-GGAGTCAAAT	4.458463	-55.408165	0	T:271.0(87.99%),B:28387.2(61.70%),P:1e-24	Tpos:171.4,Tstd:130.9,Bpos:289.0,Bstd:423.3,StrandBias:-0.0,Multiplicity:2.37
0.100	0.100	0.700	0.100
0.100	0.100	0.700	0.100
0.700	0.100	0.100	0.100
0.100	0.100	0.700	0.100
0.100	0.100	0.100	0.700
0.100	0.700	0.100	0.100
0.700	0.100	0.100	0.100
0.700	0.100	0.100	0.100
0.700	0.100	0.100	0.100
0.100	0.100	0.100	0.700
>AGAAGAAGGT	12-AGAAGAAGGT	-7.138175	-54.638965	0	T:290.0(94.16%),B:32707.6(71.09%),P:1e-23	Tpos:172.8,Tstd:136.8,Bpos:240.1,Bstd:366.5,StrandBias:0.2,Multiplicity:2.20
0.997	0.001	0.001	0.001
0.001	0.001	0.997	0.001
0.997	0.001	0.001	0.001
0.997	0.001	0.001	0.001
0.001	0.001	0.997	0.001
0.893	0.001	0.105	0.001
0.997	0.001	0.001	0.001
0.001	0.001	0.997	0.001
0.001	0.137	0.861	0.001
0.001	0.001	0.001	0.997
>TACACCATGA	13-TACACCATGA	11.883974	-52.664433	0	T:17.0(5.52%),B:42.8(0.09%),P:1e-22	Tpos:144.3,Tstd:115.2,Bpos:360.0,Bstd:447.8,StrandBias:0.5,Multiplicity:1.41
0.001	0.001	0.001	0.997
0.997	0.001	0.001	0.001
0.001	0.997	0.001	0.001
0.997	0.001	0.001	0.001
0.001	0.997	0.001	0.001
0.001	0.997	0.001	0.001
0.997	0.001	0.001	0.001
0.001	0.001	0.001	0.997
0.001	0.142	0.856	0.001
0.997	0.001	0.001	0.001
>CWCTSTCTCT	14-CWCTSTCTCT	-3.138094	-52.640958	0	T:252.0(81.82%),B:25157.7(54.68%),P:1e-22	Tpos:147.5,Tstd:122.0,Bpos:217.4,Bstd:348.2,StrandBias:0.0,Multiplicity:1.86
0.001	0.696	0.302	0.001
0.500	0.047	0.001	0.452
0.001	0.971	0.027	0.001
0.001	0.001	0.001	0.997
0.024	0.493	0.482	0.001
0.001	0.001	0.001	0.997
0.001	0.697	0.301	0.001
0.001	0.001	0.001	0.997
0.001	0.997	0.001	0.001
0.039	0.001	0.001	0.959
>TAAACCGCAA	15-TAAACCGCAA	13.774027	-52.216829	0	T:15.0(4.87%),B:23.3(0.05%),P:1e-22	Tpos:179.2,Tstd:96.5,Bpos:281.6,Bstd:286.6,StrandBias:-0.1,Multiplicity:1.40
0.001	0.001	0.001	0.997
0.997	0.001	0.001	0.001
0.997	0.001	0.001	0.001
0.997	0.001	0.001	0.001
0.001	0.997	0.001	0.001
0.001	0.940	0.001	0.058
0.001	0.001	0.997	0.001
0.001	0.997	0.001	0.001
0.997	0.001	0.001	0.001
0.997	0.001	0.001	0.001
>TAGAGAAATG	16-TAGAGAAATG	2.343770	-51.549055	0	T:272.0(88.31%),B:29118.3(63.29%),P:1e-22	Tpos:174.1,Tstd:145.4,Bpos:306.9,Bstd:419.0,StrandBias:-0.1,Multiplicity:1.88
0.129	0.113	0.276	0.482
0.836	0.103	0.001	0.060
0.169	0.001	0.657	0.173
0.997	0.001	0.001	0.001
0.001	0.184	0.814	0.001
0.906	0.011	0.074	0.009
0.645	0.047	0.307	0.001
0.773	0.001	0.173	0.053
0.009	0.173	0.001	0.817
0.423	0.001	0.575	0.001
>AGCGTVAGTA	17-AGCGTVAGTA	-3.583283	-50.749188	0	T:233.0(75.65%),B:22169.3(48.18%),P:1e-22	Tpos:169.4,Tstd:133.9,Bpos:232.1,Bstd:360.7,StrandBias:0.2,Multiplicity:1.88
0.997	0.001	0.001	0.001
0.001	0.001	0.997	0.001
0.001	0.997	0.001	0.001
0.001	0.330	0.668	0.001
0.001	0.001	0.001	0.997
0.330	0.379	0.289	0.001
0.997	0.001	0.001	0.001
0.001	0.001	0.997	0.001
0.247	0.001	0.001	0.751
0.751	0.247	0.001	0.001
>TTATCGACCA	18-TTATCGACCA	6.989802	-48.861168	0	T:25.0(8.12%),B:225.7(0.49%),P:1e-21	Tpos:154.5,Tstd:46.9,Bpos:247.6,Bstd:337.5,StrandBias:0.7,Multiplicity:1.00
0.042	0.121	0.042	0.795
0.001	0.001	0.001	0.997
0.874	0.001	0.124	0.001
0.001	0.001	0.001	0.997
0.001	0.997	0.001	0.001
0.001	0.001	0.997	0.001
0.997	0.001	0.001	0.001
0.203	0.795	0.001	0.001
0.001	0.997	0.001	0.001
0.997	0.001	0.001	0.001
>TTCTGGGYAT	19-TTCTGGGYAT	8.429022	-47.940683	0	T:41.0(13.31%),B:892.6(1.94%),P:1e-20	Tpos:151.6,Tstd:85.9,Bpos:252.2,Bstd:507.6,StrandBias:0.8,Multiplicity:1.11
0.311	0.001	0.148	0.540
0.001	0.001	0.001	0.997
0.001	0.997	0.001	0.001
0.139	0.307	0.001	0.553
0.001	0.001	0.997	0.001
0.001	0.001	0.669	0.329
0.229	0.001	0.769	0.001
0.110	0.431	0.001	0.458
0.839	0.001	0.001	0.159
0.001	0.001	0.001	0.997
>NCTTCTTCTT	20-NCTTCTTCTT	3.228768	-46.926507	0	T:301.0(97.73%),B:36767.2(79.91%),P:1e-20	Tpos:180.1,Tstd:141.8,Bpos:355.7,Bstd:442.9,StrandBias:-0.3,Multiplicity:2.16
0.296	0.209	0.232	0.264
0.169	0.487	0.126	0.218
0.196	0.104	0.091	0.609
0.135	0.127	0.115	0.623
0.169	0.450	0.176	0.205
0.199	0.106	0.130	0.565
0.125	0.119	0.141	0.615
0.129	0.496	0.174	0.200
0.176	0.146	0.136	0.542
0.223	0.166	0.228	0.383
>GGTCCTTGGC	21-GGTCCTTGGC	9.723510	-40.974013	0	T:15.0(4.87%),B:58.3(0.13%),P:1e-17	Tpos:172.0,Tstd:138.9,Bpos:255.5,Bstd:320.8,StrandBias:-0.3,Multiplicity:2.40
0.091	0.001	0.907	0.001
0.001	0.001	0.997	0.001
0.111	0.001	0.001	0.887
0.001	0.997	0.001	0.001
0.001	0.795	0.001	0.203
0.001	0.001	0.001	0.997
0.008	0.001	0.001	0.990
0.001	0.001	0.997	0.001
0.001	0.001	0.997	0.001
0.001	0.997	0.001	0.001
>ACCACATCTC	22-ACCACATCTC	7.425200	-35.730091	0	T:47.0(15.26%),B:1685.0(3.66%),P:1e-15	Tpos:133.2,Tstd:67.1,Bpos:235.2,Bstd:334.9,StrandBias:0.2,Multiplicity:1.03
0.797	0.083	0.001	0.119
0.001	0.863	0.001	0.135
0.145	0.753	0.001	0.101
0.740	0.073	0.119	0.068
0.072	0.854	0.073	0.001
0.880	0.118	0.001	0.001
0.001	0.124	0.001	0.874
0.001	0.608	0.001	0.390
0.003	0.123	0.069	0.805
0.001	0.847	0.083	0.069
>TAAGATCGGG	23-TAAGATCGGG	6.799903	-31.940000	0	T:13.0(4.22%),B:70.1(0.15%),P:1e-13	Tpos:129.7,Tstd:90.4,Bpos:399.0,Bstd:845.9,StrandBias:1.2,Multiplicity:1.08
0.001	0.001	0.001	0.997
0.997	0.001	0.001	0.001
0.997	0.001	0.001	0.001
0.001	0.001	0.997	0.001
0.997	0.001	0.001	0.001
0.001	0.001	0.001	0.997
0.001	0.997	0.001	0.001
0.001	0.221	0.777	0.001
0.121	0.001	0.877	0.001
0.001	0.001	0.997	0.001
>AAAWAATATT	24-AAAWAATATT	-4.154034	-31.314978	0	T:282.0(91.56%),B:34299.9(74.55%),P:1e-13	Tpos:187.3,Tstd:161.4,Bpos:484.1,Bstd:492.5,StrandBias:-0.1,Multiplicity:2.87
0.749	0.001	0.001	0.249
0.525	0.237	0.001	0.237
0.997	0.001	0.001	0.001
0.525	0.001	0.001	0.473
0.973	0.001	0.001	0.025
0.762	0.001	0.001	0.236
0.001	0.001	0.001	0.997
0.762	0.001	0.001	0.236
0.012	0.001	0.001	0.986
0.262	0.001	0.001	0.736
>NNNNNNNNNN	25-NNNNNNNNNN	-nan	0.000000	0	T:0.0(0.00%),B:0.0(0.00%),P:1e0	Tpos:0.0,Tstd:0.0,Bpos:0.0,Bstd:0.0,StrandBias:0.0,Multiplicity:1.00
-nan	-nan	-nan	-nan
-nan	-nan	-nan	-nan
-nan	-nan	-nan	-nan
-nan	-nan	-nan	-nan
-nan	-nan	-nan	-nan
-nan	-nan	-nan	-nan
-nan	-nan	-nan	-nan
-nan	-nan	-nan	-nan
-nan	-nan	-nan	-nan
-nan	-nan	-nan	-nan
>TTTCATCGAACA	1-TTTCATCGAACA	11.243033	-391.428764	0	T:102.0(33.12%),B:103.2(0.22%),P:1e-169	Tpos:123.6,Tstd:57.0,Bpos:323.5,Bstd:390.3,StrandBias:0.4,Multiplicity:1.03
0.001	0.001	0.001	0.997
0.089	0.001	0.001	0.909
0.001	0.177	0.089	0.733
0.089	0.582	0.075	0.254
0.719	0.001	0.279	0.001
0.001	0.088	0.001	0.910
0.001	0.997	0.001	0.001
0.208	0.001	0.790	0.001
0.997	0.001	0.001	0.001
0.910	0.001	0.088	0.001
0.001	0.910	0.088	0.001
0.997	0.001	0.001	0.001
>YTCTCTCAGGCA	2-YTCTCTCAGGCA	10.589836	-178.404259	0	T:53.0(17.21%),B:92.6(0.20%),P:1e-77	Tpos:112.9,Tstd:53.0,Bpos:205.3,Bstd:291.1,StrandBias:1.0,Multiplicity:1.00
0.001	0.522	0.001	0.476
0.001	0.134	0.001	0.864
0.001	0.997	0.001	0.001
0.001	0.001	0.132	0.866
0.135	0.730	0.002	0.133
0.138	0.001	0.001	0.860
0.001	0.763	0.133	0.103
0.997	0.001	0.001	0.001
0.101	0.135	0.763	0.001
0.335	0.001	0.663	0.001
0.001	0.997	0.001	0.001
0.997	0.001	0.001	0.001
>TTTCSTCGWACA	3-TTTCSTCGWACA	-8.176862	-120.806575	0	T:286.0(92.86%),B:24368.2(52.96%),P:1e-52	Tpos:170.5,Tstd:122.1,Bpos:281.7,Bstd:423.4,StrandBias:0.1,Multiplicity:2.01
0.096	0.001	0.001	0.902
0.001	0.001	0.001	0.997
0.001	0.081	0.001	0.917
0.001	0.997	0.001	0.001
0.080	0.451	0.468	0.001
0.001	0.001	0.001	0.997
0.001	0.997	0.001	0.001
0.001	0.001	0.997	0.001
0.548	0.001	0.001	0.450
0.997	0.001	0.001	0.001
0.001	0.997	0.001	0.001
0.997	0.001	0.001	0.001
>TTRTGCACACCA	4-TTRTGCACACCA	1.006231	-117.255716	0	T:181.0(58.77%),B:8932.0(19.41%),P:1e-50	Tpos:144.3,Tstd:99.1,Bpos:267.1,Bstd:412.1,StrandBias:0.1,Multiplicity:1.26
0.130	0.001	0.001	0.868
0.132	0.243	0.131	0.494
0.494	0.122	0.366	0.018
0.001	0.364	0.001	0.634
0.001	0.001	0.997	0.001
0.001	0.997	0.001	0.001
0.635	0.243	0.121	0.001
0.001	0.877	0.001	0.121
0.625	0.001	0.253	0.121
0.001	0.756	0.001	0.242
0.127	0.871	0.001	0.001
0.997	0.001	0.001	0.001
>GCTTTGAGAAGC	5-GCTTTGAGAAGC	12.355432	-83.565794	0	T:18.0(5.84%),B:3.1(0.01%),P:1e-36	Tpos:157.8,Tstd:100.7,Bpos:812.9,Bstd:448.1,StrandBias:0.0,Multiplicity:1.11
0.100	0.100	0.700	0.100
0.100	0.700	0.100	0.100
0.100	0.100	0.100	0.700
0.100	0.100	0.100	0.700
0.100	0.100	0.100	0.700
0.100	0.100	0.700	0.100
0.700	0.100	0.100	0.100
0.100	0.100	0.700	0.100
0.700	0.100	0.100	0.100
0.700	0.100	0.100	0.100
0.100	0.100	0.700	0.100
0.100	0.700	0.100	0.100
>GAAGKTTGGTTA	6-GAAGKTTGGTTA	10.239397	-79.060645	0	T:19.0(6.17%),B:10.1(0.02%),P:1e-34	Tpos:147.0,Tstd:97.5,Bpos:623.5,Bstd:585.1,StrandBias:-0.6,Multiplicity:1.32
0.146	0.082	0.694	0.078
0.617	0.067	0.197	0.119
0.742	0.056	0.067	0.135
0.112	0.232	0.538	0.118
0.141	0.107	0.425	0.327
0.055	0.047	0.088	0.810
0.089	0.078	0.059	0.774
0.105	0.113	0.642	0.140
0.098	0.107	0.707	0.088
0.131	0.137	0.047	0.685
0.128	0.087	0.099	0.686
0.682	0.140	0.040	0.138
>ATTGAGTATAAG	7-ATTGAGTATAAG	13.438800	-76.225320	0	T:19.0(6.17%),B:13.2(0.03%),P:1e-33	Tpos:166.9,Tstd:105.9,Bpos:364.6,Bstd:376.9,StrandBias:0.1,Multiplicity:1.42
0.997	0.001	0.001	0.001
0.001	0.001	0.001	0.997
0.001	0.001	0.001	0.997
0.001	0.001	0.997	0.001
0.997	0.001	0.001	0.001
0.001	0.001	0.997	0.001
0.001	0.001	0.001	0.997
0.997	0.001	0.001	0.001
0.001	0.001	0.001	0.997
0.997	0.001	0.001	0.001
0.931	0.001	0.067	0.001
0.001	0.369	0.629	0.001
>GTCATGTGTATG	8-GTCATGTGTATG	10.409522	-72.767205	0	T:21.0(6.82%),B:33.0(0.07%),P:1e-31	Tpos:175.8,Tstd:103.9,Bpos:421.3,Bstd:457.4,StrandBias:0.0,Multiplicity:1.43
0.100	0.100	0.700	0.100
0.100	0.100	0.100	0.700
0.100	0.700	0.100	0.100
0.700	0.100	0.100	0.100
0.100	0.100	0.100	0.700
0.100	0.100	0.700	0.100
0.100	0.100	0.100	0.700
0.100	0.100	0.700	0.100
0.100	0.100	0.100	0.700
0.700	0.100	0.100	0.100
0.100	0.100	0.100	0.700
0.100	0.100	0.700	0.100
>TCACCAAAGCCC	9-TCACCAAAGCCC	-11.019526	-67.498784	0	T:258.0(83.77%),B:24337.2(52.89%),P:1e-29	Tpos:169.3,Tstd:152.5,Bpos:228.7,Bstd:366.9,StrandBias:-0.1,Multiplicity:1.84
0.001	0.220	0.001	0.778
0.001	0.997	0.001	0.001
0.997	0.001	0.001	0.001
0.259	0.739	0.001	0.001
0.259	0.739	0.001	0.001
0.997	0.001	0.001	0.001
0.997	0.001	0.001	0.001
0.997	0.001	0.001	0.001
0.001	0.001	0.997	0.001
0.001	0.997	0.001	0.001
0.001	0.997	0.001	0.001
0.001	0.739	0.259	0.001
>GCTACACCATGA	10-GCTACACCATGA	9.566695	-64.292007	0	T:18.0(5.84%),B:24.2(0.05%),P:1e-27	Tpos:141.3,Tstd:112.4,Bpos:409.3,Bstd:454.1,StrandBias:0.8,Multiplicity:1.50
0.183	0.155	0.491	0.171
0.105	0.673	0.117	0.105
0.158	0.054	0.114	0.674
0.674	0.111	0.054	0.161
0.147	0.633	0.133	0.087
0.814	0.036	0.039	0.111
0.139	0.710	0.001	0.150
0.182	0.624	0.138	0.056
0.815	0.019	0.071	0.095
0.125	0.071	0.138	0.666
0.068	0.200	0.557	0.175
0.673	0.108	0.078	0.141
>AACTTAAACCGC	11-AACTTAAACCGC	14.216515	-61.151358	0	T:14.0(4.55%),B:5.3(0.01%),P:1e-26	Tpos:172.3,Tstd:102.4,Bpos:344.1,Bstd:293.6,StrandBias:0.0,Multiplicity:1.43
0.997	0.001	0.001	0.001
0.997	0.001	0.001	0.001
0.001	0.997	0.001	0.001
0.001	0.001	0.001	0.997
0.001	0.001	0.001	0.997
0.997	0.001	0.001	0.001
0.997	0.001	0.001	0.001
0.997	0.001	0.001	0.001
0.001	0.997	0.001	0.001
0.001	0.906	0.001	0.092
0.001	0.001	0.997	0.001
0.001	0.997	0.001	0.001
>GCCAAAGACTCA	12-GCCAAAGACTCA	13.818376	-58.860660	0	T:14.0(4.55%),B:7.4(0.02%),P:1e-25	Tpos:167.8,Tstd:132.4,Bpos:605.3,Bstd:572.9,StrandBias:1.0,Multiplicity:1.50
0.087	0.001	0.911	0.001
0.074	0.924	0.001	0.001
0.001	0.997	0.001	0.001
0.911	0.001	0.001	0.087
0.997	0.001	0.001	0.001
0.997	0.001	0.001	0.001
0.001	0.001	0.997	0.001
0.997	0.001	0.001	0.001
0.001	0.997	0.001	0.001
0.001	0.001	0.001	0.997
0.001	0.997	0.001	0.001
0.997	0.001	0.001	0.001
>YGTGTWGCTCCA	13-YGTGTWGCTCCA	-12.583859	-57.367563	0	T:278.0(90.26%),B:29585.2(64.30%),P:1e-24	Tpos:158.9,Tstd:114.4,Bpos:228.2,Bstd:382.7,StrandBias:0.0,Multiplicity:1.85
0.001	0.494	0.001	0.504
0.001	0.001	0.997	0.001
0.001	0.001	0.001	0.997
0.001	0.421	0.577	0.001
0.001	0.001	0.001	0.997
0.504	0.110	0.001	0.385
0.001	0.001	0.997	0.001
0.001	0.997	0.001	0.001
0.001	0.001	0.001	0.997
0.001	0.997	0.001	0.001
0.001	0.962	0.036	0.001
0.997	0.001	0.001	0.001
>KYCWTRTTHGAM	14-KYCWTRTTHGAM	8.565009	-55.681937	0	T:23.0(7.47%),B:123.4(0.27%),P:1e-24	Tpos:175.4,Tstd:104.9,Bpos:456.0,Bstd:545.8,StrandBias:0.0,Multiplicity:2.43
0.119	0.001	0.373	0.507
0.101	0.392	0.001	0.506
0.001	0.746	0.058	0.195
0.496	0.061	0.071	0.373
0.001	0.223	0.001	0.775
0.403	0.128	0.261	0.208
0.001	0.131	0.054	0.814
0.103	0.154	0.220	0.523
0.409	0.287	0.030	0.274
0.001	0.308	0.625	0.066
0.627	0.046	0.112	0.215
0.417	0.379	0.001	0.203
>GATCTTAAAAGC	15-GATCTTAAAAGC	14.273761	-54.210000	0	T:13.0(4.22%),B:7.2(0.02%),P:1e-23	Tpos:171.6,Tstd:86.8,Bpos:286.6,Bstd:259.0,StrandBias:-0.6,Multiplicity:1.15
0.001	0.001	0.997	0.001
0.997	0.001	0.001	0.001
0.001	0.001	0.001	0.997
0.001	0.997	0.001	0.001
0.001	0.001	0.001	0.997
0.001	0.001	0.001	0.997
0.997	0.001	0.001	0.001
0.846	0.001	0.001	0.152
0.997	0.001	0.001	0.001
0.639	0.001	0.359	0.001
0.001	0.001	0.997	0.001
0.001	0.997	0.001	0.001
>TGATTTCTGGGT	16-TGATTTCTGGGT	-5.543062	-46.279188	0	T:142.0(46.10%),B:10098.0(21.95%),P:1e-20	Tpos:139.4,Tstd:103.5,Bpos:263.9,Bstd:393.4,StrandBias:-0.2,Multiplicity:1.22
0.001	0.001	0.001	0.997
0.001	0.281	0.717	0.001
0.521	0.239	0.239	0.001
0.001	0.001	0.001	0.997
0.001	0.001	0.001	0.997
0.001	0.001	0.001	0.997
0.001	0.997	0.001	0.001
0.001	0.001	0.001	0.997
0.001	0.001	0.997	0.001
0.001	0.001	0.997	0.001
0.001	0.001	0.997	0.001
0.001	0.001	0.001	0.997
>CTCTCTCTCTCT	17-CTCTCTCTCTCT	-4.104799	-41.216181	0	T:227.0(73.70%),B:22560.3(49.03%),P:1e-17	Tpos:153.1,Tstd:128.3,Bpos:207.1,Bstd:327.5,StrandBias:-0.2,Multiplicity:2.01
0.001	0.963	0.025	0.011
0.041	0.040	0.001	0.918
0.001	0.943	0.055	0.001
0.036	0.035	0.001	0.928
0.024	0.891	0.084	0.001
0.028	0.032	0.001	0.939
0.019	0.932	0.032	0.017
0.001	0.037	0.001	0.961
0.021	0.939	0.039	0.001
0.001	0.043	0.001	0.955
0.001	0.967	0.031	0.001
0.021	0.031	0.001	0.947
>CTAAGTAGTGTT	18-CTAAGTAGTGTT	10.409522	-39.568325	0	T:12.0(3.90%),B:24.6(0.05%),P:1e-17	Tpos:227.9,Tstd:89.3,Bpos:496.3,Bstd:422.8,StrandBias:0.0,Multiplicity:1.17
0.100	0.700	0.100	0.100
0.100	0.100	0.100	0.700
0.700	0.100	0.100	0.100
0.700	0.100	0.100	0.100
0.100	0.100	0.700	0.100
0.100	0.100	0.100	0.700
0.700	0.100	0.100	0.100
0.100	0.100	0.700	0.100
0.100	0.100	0.100	0.700
0.100	0.100	0.700	0.100
0.100	0.100	0.100	0.700
0.100	0.100	0.100	0.700
>GTCGAACA	1-GTCGAACA	8.614350	-297.599925	0	T:119.0(38.64%),B:649.3(1.41%),P:1e-129	Tpos:134.5,Tstd:77.8,Bpos:252.0,Bstd:411.4,StrandBias:0.5,Multiplicity:1.11
0.302	0.001	0.696	0.001
0.001	0.001	0.001	0.997
0.001	0.997	0.001	0.001
0.001	0.001	0.997	0.001
0.997	0.001	0.001	0.001
0.997	0.001	0.001	0.001
0.001	0.875	0.001	0.123
0.997	0.001	0.001	0.001
>AATGCCTG	2-AATGCCTG	9.255317	-136.483666	0	T:57.0(18.51%),B:315.2(0.69%),P:1e-59	Tpos:127.3,Tstd:64.5,Bpos:180.2,Bstd:274.5,StrandBias:0.2,Multiplicity:1.05
0.997	0.001	0.001	0.001
0.997	0.001	0.001	0.001
0.001	0.001	0.001	0.997
0.001	0.001	0.997	0.001
0.001	0.997	0.001	0.001
0.001	0.997	0.001	0.001
0.001	0.001	0.001	0.997
0.001	0.163	0.835	0.001
>GCACGCCA	3-GCACGCCA	8.003719	-73.694897	0	T:42.0(13.64%),B:469.1(1.02%),P:1e-32	Tpos:142.8,Tstd:62.2,Bpos:195.7,Bstd:274.9,StrandBias:0.3,Multiplicity:1.00
0.001	0.036	0.962	0.001
0.001	0.997	0.001	0.001
0.705	0.293	0.001	0.001
0.001	0.997	0.001	0.001
0.329	0.001	0.669	0.001
0.001	0.997	0.001	0.001
0.105	0.893	0.001	0.001
0.967	0.001	0.031	0.001
>CTTGTTAG	4-CTTGTTAG	4.345134	-63.994576	0	T:286.0(92.86%),B:30527.0(66.35%),P:1e-27	Tpos:165.6,Tstd:126.8,Bpos:281.4,Bstd:406.0,StrandBias:0.1,Multiplicity:2.43
0.100	0.700	0.100	0.100
0.100	0.100	0.100	0.700
0.100	0.100	0.100	0.700
0.100	0.100	0.700	0.100
0.100	0.100	0.100	0.700
0.100	0.100	0.100	0.700
0.700	0.100	0.100	0.100
0.100	0.100	0.700	0.100
>GGTTKGTK	5-GGTTKGTK	1.291450	-61.608522	0	T:255.0(82.79%),B:24519.8(53.29%),P:1e-26	Tpos:156.1,Tstd:121.4,Bpos:243.5,Bstd:394.5,StrandBias:-0.0,Multiplicity:2.61
0.001	0.001	0.997	0.001
0.001	0.324	0.552	0.123
0.001	0.001	0.094	0.904
0.001	0.001	0.001	0.997
0.248	0.034	0.432	0.285
0.001	0.001	0.997	0.001
0.001	0.089	0.001	0.909
0.001	0.123	0.444	0.432
>TGTGTATG	6-TGTGTATG	-2.996207	-57.929854	0	T:285.0(92.53%),B:31074.0(67.54%),P:1e-25	Tpos:168.4,Tstd:134.0,Bpos:311.3,Bstd:419.5,StrandBias:-0.0,Multiplicity:2.73
0.001	0.001	0.001	0.997
0.001	0.001	0.997	0.001
0.077	0.001	0.001	0.921
0.001	0.001	0.997	0.001
0.001	0.001	0.001	0.997
0.997	0.001	0.001	0.001
0.001	0.001	0.001	0.997
0.040	0.001	0.838	0.121
>ATKGWGTA	7-ATKGWGTA	2.006404	-52.963839	0	T:210.0(68.18%),B:18300.4(39.77%),P:1e-23	Tpos:154.4,Tstd:120.6,Bpos:249.4,Bstd:374.7,StrandBias:-0.1,Multiplicity:1.86
0.614	0.001	0.001	0.384
0.001	0.019	0.095	0.885
0.001	0.001	0.479	0.519
0.001	0.001	0.997	0.001
0.406	0.042	0.072	0.480
0.001	0.001	0.997	0.001
0.384	0.001	0.001	0.614
0.997	0.001	0.001	0.001
>ACATCTCT	8-ACATCTCT	3.374377	-52.436941	0	T:300.0(97.40%),B:35723.1(77.64%),P:1e-22	Tpos:168.5,Tstd:138.8,Bpos:395.1,Bstd:465.6,StrandBias:-0.0,Multiplicity:2.39
0.731	0.104	0.104	0.061
0.157	0.481	0.078	0.285
0.739	0.129	0.079	0.053
0.106	0.026	0.001	0.867
0.260	0.426	0.130	0.184
0.191	0.104	0.052	0.653
0.259	0.498	0.078	0.165
0.260	0.129	0.001	0.610
>ACTTATAA	9-ACTTATAA	8.235136	-31.204832	0	T:40.0(12.99%),B:1398.0(3.04%),P:1e-13	Tpos:172.7,Tstd:107.2,Bpos:396.2,Bstd:452.1,StrandBias:0.6,Multiplicity:1.23
0.997	0.001	0.001	0.001
0.001	0.997	0.001	0.001
0.001	0.001	0.001	0.997
0.001	0.001	0.001	0.997
0.997	0.001	0.001	0.001
0.310	0.001	0.001	0.688
0.997	0.001	0.001	0.001
0.809	0.189	0.001	0.001
>ATAWTAWH	10-ATAWTAWH	3.213041	-31.114746	0	T:293.0(95.13%),B:36861.5(80.11%),P:1e-13	Tpos:186.7,Tstd:150.8,Bpos:401.7,Bstd:468.8,StrandBias:-0.0,Multiplicity:2.60
0.682	0.001	0.061	0.256
0.200	0.213	0.001	0.586
0.759	0.001	0.001	0.239
0.419	0.045	0.120	0.416
0.039	0.001	0.001	0.959
0.659	0.300	0.001	0.040
0.497	0.001	0.001	0.501
0.235	0.360	0.080	0.325
>TAGCTTTT	11-TAGCTTTT	-3.153606	-30.748700	0	T:307.0(99.68%),B:41137.2(89.41%),P:1e-13	Tpos:166.3,Tstd:131.8,Bpos:266.4,Bstd:389.8,StrandBias:-0.1,Multiplicity:1.89
0.152	0.001	0.001	0.846
0.997	0.001	0.001	0.001
0.001	0.076	0.922	0.001
0.026	0.871	0.026	0.077
0.001	0.001	0.001	0.997
0.001	0.001	0.001	0.997
0.102	0.001	0.051	0.846
0.001	0.001	0.127	0.871
>KCTCTCTC	12-KCTCTCTC	2.311820	-29.363995	0	T:308.0(100.00%),B:41813.1(90.88%),P:1e-12	Tpos:160.3,Tstd:129.2,Bpos:211.4,Bstd:368.7,StrandBias:0.0,Multiplicity:1.67
0.190	0.001	0.458	0.351
0.001	0.562	0.189	0.248
0.133	0.001	0.293	0.573
0.277	0.705	0.001	0.017
0.357	0.001	0.013	0.629
0.001	0.667	0.001	0.331
0.001	0.001	0.278	0.720
0.017	0.475	0.291	0.216
>AAAYAVGR	13-AAAYAVGR	2.933709	-29.121902	0	T:308.0(100.00%),B:41846.6(90.95%),P:1e-12	Tpos:171.0,Tstd:147.3,Bpos:243.9,Bstd:381.5,StrandBias:0.1,Multiplicity:2.11
0.919	0.079	0.001	0.001
0.680	0.001	0.155	0.164
0.533	0.164	0.001	0.302
0.001	0.301	0.249	0.449
0.400	0.150	0.225	0.225
0.321	0.300	0.229	0.150
0.243	0.075	0.532	0.150
0.305	0.153	0.378	0.164
>GACTTGAT	14-GACTTGAT	8.236954	-27.006189	0	T:18.0(5.84%),B:276.1(0.60%),P:1e-11	Tpos:169.4,Tstd:105.5,Bpos:299.0,Bstd:421.3,StrandBias:-0.8,Multiplicity:1.39
0.100	0.100	0.700	0.100
0.700	0.100	0.100	0.100
0.100	0.700	0.100	0.100
0.100	0.100	0.100	0.700
0.100	0.100	0.100	0.700
0.100	0.100	0.700	0.100
0.700	0.100	0.100	0.100
0.100	0.100	0.100	0.700
>CTCAGACA	15-CTCAGACA	2.399224	-19.463022	0	T:308.0(100.00%),B:43184.9(93.86%),P:1e-8	Tpos:166.8,Tstd:127.8,Bpos:241.5,Bstd:393.1,StrandBias:-0.2,Multiplicity:6.83
0.100	0.700	0.100	0.100
0.100	0.100	0.100	0.700
0.100	0.700	0.100	0.100
0.700	0.100	0.100	0.100
0.100	0.100	0.700	0.100
0.700	0.100	0.100	0.100
0.100	0.700	0.100	0.100
0.700	0.100	0.100	0.100
>TTTAGAAC	16-TTTAGAAC	-0.751964	-12.756610	0	T:308.0(100.00%),B:44138.2(95.93%),P:1e-5	Tpos:168.5,Tstd:134.1,Bpos:239.5,Bstd:396.4,StrandBias:-0.1,Multiplicity:1.88
0.050	0.031	0.257	0.662
0.001	0.050	0.003	0.946
0.276	0.038	0.028	0.658
0.884	0.065	0.050	0.001
0.038	0.019	0.658	0.285
0.928	0.047	0.004	0.021
0.627	0.012	0.321	0.040
0.051	0.909	0.012	0.028
>CAGACATT	17-CAGACATT	0.453314	-0.026688	0	T:308.0(100.00%),B:46007.3(99.99%),P:1e0	Tpos:167.5,Tstd:128.8,Bpos:215.9,Bstd:379.2,StrandBias:-0.1,Multiplicity:2.95
0.100	0.700	0.100	0.100
0.700	0.100	0.100	0.100
0.100	0.100	0.700	0.100
0.700	0.100	0.100	0.100
0.100	0.700	0.100	0.100
0.700	0.100	0.100	0.100
0.100	0.100	0.100	0.700
0.100	0.100	0.100	0.700
>AACCGAAC	18-AACCGAAC	0.000000	-0.020016	0	T:308.0(100.00%),B:46008.0(99.99%),P:1e0
0.700	0.100	0.100	0.100
0.700	0.100	0.100	0.100
0.100	0.700	0.100	0.100
0.100	0.700	0.100	0.100
0.100	0.100	0.700	0.100
0.700	0.100	0.100	0.100
0.700	0.100	0.100	0.100
0.100	0.700	0.100	0.100
>NNNNNNNN	19-NNNNNNNN	-nan	0.000000	0	T:0.0(0.00%),B:0.0(0.00%),P:1e0	Tpos:0.0,Tstd:0.0,Bpos:0.0,Bstd:0.0,StrandBias:0.0,Multiplicity:1.00
-nan	-nan	-nan	-nan
-nan	-nan	-nan	-nan
-nan	-nan	-nan	-nan
-nan	-nan	-nan	-nan
-nan	-nan	-nan	-nan
-nan	-nan	-nan	-nan
-nan	-nan	-nan	-nan
-nan	-nan	-nan	-nan
>AGATGCAG	20-AGATGCAG	-23.457436	0.000000	0	T:308.0(100.00%),B:46011.1(100.00%),P:1e0	Tpos:166.3,Tstd:120.5,Bpos:215.6,Bstd:383.6,StrandBias:0.0,Multiplicity:2.19
0.997	0.001	0.001	0.001
0.001	0.001	0.997	0.001
0.997	0.001	0.001	0.001
0.001	0.001	0.001	0.997
0.001	0.001	0.997	0.001
0.001	0.997	0.001	0.001
0.997	0.001	0.001	0.001
0.001	0.001	0.997	0.001
>NNNNNNNN	21-NNNNNNNN	-nan	0.000000	0	T:0.0(0.00%),B:0.0(0.00%),P:1e0	Tpos:0.0,Tstd:0.0,Bpos:0.0,Bstd:0.0,StrandBias:0.0,Multiplicity:1.00
-nan	-nan	-nan	-nan
-nan	-nan	-nan	-nan
-nan	-nan	-nan	-nan
-nan	-nan	-nan	-nan
-nan	-nan	-nan	-nan
-nan	-nan	-nan	-nan
-nan	-nan	-nan	-nan
-nan	-nan	-nan	-nan
>CTAAACCA	22-CTAAACCA	-5.384417	0.000000	0	T:308.0(100.00%),B:46011.1(100.00%),P:1e0	Tpos:172.7,Tstd:135.6,Bpos:242.0,Bstd:380.2,StrandBias:0.0,Multiplicity:1.29
0.100	0.700	0.100	0.100
0.100	0.100	0.100	0.700
0.700	0.100	0.100	0.100
0.700	0.100	0.100	0.100
0.700	0.100	0.100	0.100
0.100	0.700	0.100	0.100
0.100	0.700	0.100	0.100
0.700	0.100	0.100	0.100
