>TTCGTCGAAC	1-TTCGTCGAAC	7.721844	-297.146597	0	T:103.0(33.44%),B:351.7(0.76%),P:1e-129	Tpos:120.2,Tstd:55.6,Bpos:188.7,Bstd:309.5,StrandBias:0.4,Multiplicity:1.07
0.023	0.001	0.001	0.975
0.020	0.014	0.020	0.946
0.001	0.967	0.011	0.021
0.227	0.044	0.720	0.009
0.001	0.001	0.001	0.997
0.001	0.985	0.013	0.001
0.001	0.001	0.997	0.001
0.981	0.001	0.001	0.017
0.976	0.001	0.022	0.001
0.001	0.997	0.001	0.001
>TCTCAGGCAT	2-TCTCAGGCAT	9.357992	-149.747491	0	T:51.0(16.56%),B:150.4(0.33%),P:1e-65	Tpos:123.0,Tstd:59.3,Bpos:190.0,Bstd:260.8,StrandBias:0.3,Multiplicity:1.06
0.134	0.070	0.187	0.609
0.079	0.560	0.102	0.259
0.119	0.001	0.001	0.879
0.079	0.741	0.119	0.061
0.800	0.001	0.145	0.054
0.095	0.094	0.810	0.001
0.128	0.085	0.760	0.027
0.054	0.944	0.001	0.001
0.947	0.001	0.025	0.027
0.024	0.001	0.001	0.974
>TTGGTTBAMA	3-TTGGTTBAMA	3.246099	-81.870295	0	T:299.0(97.08%),B:31808.0(69.13%),P:1e-35	Tpos:150.0,Tstd:113.4,Bpos:236.2,Bstd:386.4,StrandBias:-0.0,Multiplicity:1.60
0.001	0.070	0.070	0.859
0.281	0.001	0.008	0.710
0.001	0.070	0.783	0.146
0.140	0.001	0.858	0.001
0.140	0.211	0.001	0.648
0.070	0.211	0.282	0.436
0.070	0.291	0.352	0.287
0.708	0.001	0.290	0.001
0.436	0.493	0.001	0.070
0.492	0.001	0.290	0.217
>CCCTGTTAGA	4-CCCTGTTAGA	11.223308	-75.394307	0	T:21.0(6.82%),B:27.3(0.06%),P:1e-32	Tpos:174.5,Tstd:108.9,Bpos:340.6,Bstd:420.0,StrandBias:0.2,Multiplicity:1.43
0.001	0.638	0.360	0.001
0.001	0.997	0.001	0.001
0.001	0.667	0.001	0.331
0.252	0.001	0.001	0.746
0.306	0.001	0.692	0.001
0.001	0.001	0.001	0.997
0.001	0.001	0.001	0.997
0.997	0.001	0.001	0.001
0.001	0.252	0.746	0.001
0.997	0.001	0.001	0.001
>TGCMCGCMAG	5-TGCMCGCMAG	7.554762	-73.556572	0	T:48.0(15.58%),B:690.9(1.50%),P:1e-31	Tpos:146.5,Tstd:69.6,Bpos:256.4,Bstd:406.2,StrandBias:0.4,Multiplicity:1.06
0.001	0.001	0.001	0.997
0.093	0.001	0.905	0.001
0.001	0.997	0.001	0.001
0.416	0.516	0.001	0.067
0.001	0.840	0.083	0.076
0.265	0.001	0.733	0.001
0.143	0.603	0.001	0.253
0.491	0.507	0.001	0.001
0.898	0.100	0.001	0.001
0.196	0.149	0.654	0.001
>AGTCGAATAT	6-AGTCGAATAT	10.296193	-68.237065	0	T:16.0(5.19%),B:8.0(0.02%),P:1e-29	Tpos:163.8,Tstd:113.5,Bpos:424.5,Bstd:337.9,StrandBias:0.0,Multiplicity:1.50
0.700	0.100	0.100	0.100
0.100	0.100	0.700	0.100
0.100	0.100	0.100	0.700
0.100	0.700	0.100	0.100
0.100	0.100	0.700	0.100
0.700	0.100	0.100	0.100
0.700	0.100	0.100	0.100
0.100	0.100	0.100	0.700
0.700	0.100	0.100	0.100
0.100	0.100	0.100	0.700
>GTCATGTGTA	7-GTCATGTGTA	10.296193	-67.977947	0	T:17.0(5.52%),B:12.5(0.03%),P:1e-29	Tpos:161.4,Tstd:93.1,Bpos:538.6,Bstd:459.5,StrandBias:0.0,Multiplicity:1.18
0.100	0.100	0.700	0.100
0.100	0.100	0.100	0.700
0.100	0.700	0.100	0.100
0.700	0.100	0.100	0.100
0.100	0.100	0.100	0.700
0.100	0.100	0.700	0.100
0.100	0.100	0.100	0.700
0.100	0.100	0.700	0.100
0.100	0.100	0.100	0.700
0.700	0.100	0.100	0.100
>TTTGAGAAGC	8-TTTGAGAAGC	10.296193	-65.963725	0	T:20.0(6.49%),B:38.9(0.08%),P:1e-28	Tpos:168.6,Tstd:99.0,Bpos:340.0,Bstd:452.0,StrandBias:-0.3,Multiplicity:1.25
0.100	0.100	0.100	0.700
0.100	0.100	0.100	0.700
0.100	0.100	0.100	0.700
0.100	0.100	0.700	0.100
0.700	0.100	0.100	0.100
0.100	0.100	0.700	0.100
0.700	0.100	0.100	0.100
0.700	0.100	0.100	0.100
0.100	0.100	0.700	0.100
0.100	0.700	0.100	0.100
>GATTGAGTAT	9-GATTGAGTAT	10.917131	-64.952639	0	T:19.0(6.17%),B:31.8(0.07%),P:1e-28	Tpos:174.6,Tstd:108.7,Bpos:421.0,Bstd:446.4,StrandBias:0.2,Multiplicity:1.47
0.001	0.001	0.997	0.001
0.997	0.001	0.001	0.001
0.001	0.001	0.001	0.997
0.001	0.001	0.001	0.997
0.001	0.001	0.997	0.001
0.997	0.001	0.001	0.001
0.001	0.001	0.997	0.001
0.001	0.001	0.001	0.997
0.997	0.001	0.001	0.001
0.001	0.054	0.001	0.944
>TGGTTAGTGT	10-TGGTTAGTGT	9.416858	-61.299183	0	T:18.0(5.84%),B:30.1(0.07%),P:1e-26	Tpos:179.8,Tstd:124.0,Bpos:400.4,Bstd:413.3,StrandBias:0.1,Multiplicity:1.28
0.102	0.056	0.265	0.577
0.148	0.153	0.633	0.066
0.137	0.181	0.640	0.042
0.051	0.041	0.208	0.700
0.026	0.023	0.204	0.747
0.534	0.098	0.126	0.242
0.013	0.079	0.893	0.015
0.001	0.193	0.044	0.762
0.036	0.092	0.833	0.039
0.057	0.067	0.186	0.690
>GGAGTCAAAT	11-GGAGTCAAAT	4.458463	-55.408165	0	T:271.0(87.99%),B:28387.2(61.70%),P:1e-24	Tpos:171.4,Tstd:130.9,Bpos:289.0,Bstd:423.3,StrandBias:-0.0,Multiplicity:2.37
0.100	0.100	0.700	0.100
0.100	0.100	0.700	0.100
0.700	0.100	0.100	0.100
0.100	0.100	0.700	0.100
0.100	0.100	0.100	0.700
0.100	0.700	0.100	0.100
0.700	0.100	0.100	0.100
0.700	0.100	0.100	0.100
0.700	0.100	0.100	0.100
0.100	0.100	0.100	0.700
>AGAAGAAGGT	12-AGAAGAAGGT	-7.138175	-54.638965	0	T:290.0(94.16%),B:32707.6(71.09%),P:1e-23	Tpos:172.8,Tstd:136.8,Bpos:240.1,Bstd:366.5,StrandBias:0.2,Multiplicity:2.20
0.997	0.001	0.001	0.001
0.001	0.001	0.997	0.001
0.997	0.001	0.001	0.001
0.997	0.001	0.001	0.001
0.001	0.001	0.997	0.001
0.893	0.001	0.105	0.001
0.997	0.001	0.001	0.001
0.001	0.001	0.997	0.001
0.001	0.137	0.861	0.001
0.001	0.001	0.001	0.997
>TACACCATGA	13-TACACCATGA	11.883974	-52.664433	0	T:17.0(5.52%),B:42.8(0.09%),P:1e-22	Tpos:144.3,Tstd:115.2,Bpos:360.0,Bstd:447.8,StrandBias:0.5,Multiplicity:1.41
0.001	0.001	0.001	0.997
0.997	0.001	0.001	0.001
0.001	0.997	0.001	0.001
0.997	0.001	0.001	0.001
0.001	0.997	0.001	0.001
0.001	0.997	0.001	0.001
0.997	0.001	0.001	0.001
0.001	0.001	0.001	0.997
0.001	0.142	0.856	0.001
0.997	0.001	0.001	0.001
>CWCTSTCTCT	14-CWCTSTCTCT	-3.138094	-52.640958	0	T:252.0(81.82%),B:25157.7(54.68%),P:1e-22	Tpos:147.5,Tstd:122.0,Bpos:217.4,Bstd:348.2,StrandBias:0.0,Multiplicity:1.86
0.001	0.696	0.302	0.001
0.500	0.047	0.001	0.452
0.001	0.971	0.027	0.001
0.001	0.001	0.001	0.997
0.024	0.493	0.482	0.001
0.001	0.001	0.001	0.997
0.001	0.697	0.301	0.001
0.001	0.001	0.001	0.997
0.001	0.997	0.001	0.001
0.039	0.001	0.001	0.959
>TAAACCGCAA	15-TAAACCGCAA	13.774027	-52.216829	0	T:15.0(4.87%),B:23.3(0.05%),P:1e-22	Tpos:179.2,Tstd:96.5,Bpos:281.6,Bstd:286.6,StrandBias:-0.1,Multiplicity:1.40
0.001	0.001	0.001	0.997
0.997	0.001	0.001	0.001
0.997	0.001	0.001	0.001
0.997	0.001	0.001	0.001
0.001	0.997	0.001	0.001
0.001	0.940	0.001	0.058
0.001	0.001	0.997	0.001
0.001	0.997	0.001	0.001
0.997	0.001	0.001	0.001
0.997	0.001	0.001	0.001
>TAGAGAAATG	16-TAGAGAAATG	2.343770	-51.549055	0	T:272.0(88.31%),B:29118.3(63.29%),P:1e-22	Tpos:174.1,Tstd:145.4,Bpos:306.9,Bstd:419.0,StrandBias:-0.1,Multiplicity:1.88
0.129	0.113	0.276	0.482
0.836	0.103	0.001	0.060
0.169	0.001	0.657	0.173
0.997	0.001	0.001	0.001
0.001	0.184	0.814	0.001
0.906	0.011	0.074	0.009
0.645	0.047	0.307	0.001
0.773	0.001	0.173	0.053
0.009	0.173	0.001	0.817
0.423	0.001	0.575	0.001
>AGCGTVAGTA	17-AGCGTVAGTA	-3.583283	-50.749188	0	T:233.0(75.65%),B:22169.3(48.18%),P:1e-22	Tpos:169.4,Tstd:133.9,Bpos:232.1,Bstd:360.7,StrandBias:0.2,Multiplicity:1.88
0.997	0.001	0.001	0.001
0.001	0.001	0.997	0.001
0.001	0.997	0.001	0.001
0.001	0.330	0.668	0.001
0.001	0.001	0.001	0.997
0.330	0.379	0.289	0.001
0.997	0.001	0.001	0.001
0.001	0.001	0.997	0.001
0.247	0.001	0.001	0.751
0.751	0.247	0.001	0.001
>TTATCGACCA	18-TTATCGACCA	6.989802	-48.861168	0	T:25.0(8.12%),B:225.7(0.49%),P:1e-21	Tpos:154.5,Tstd:46.9,Bpos:247.6,Bstd:337.5,StrandBias:0.7,Multiplicity:1.00
0.042	0.121	0.042	0.795
0.001	0.001	0.001	0.997
0.874	0.001	0.124	0.001
0.001	0.001	0.001	0.997
0.001	0.997	0.001	0.001
0.001	0.001	0.997	0.001
0.997	0.001	0.001	0.001
0.203	0.795	0.001	0.001
0.001	0.997	0.001	0.001
0.997	0.001	0.001	0.001
>TTCTGGGYAT	19-TTCTGGGYAT	8.429022	-47.940683	0	T:41.0(13.31%),B:892.6(1.94%),P:1e-20	Tpos:151.6,Tstd:85.9,Bpos:252.2,Bstd:507.6,StrandBias:0.8,Multiplicity:1.11
0.311	0.001	0.148	0.540
0.001	0.001	0.001	0.997
0.001	0.997	0.001	0.001
0.139	0.307	0.001	0.553
0.001	0.001	0.997	0.001
0.001	0.001	0.669	0.329
0.229	0.001	0.769	0.001
0.110	0.431	0.001	0.458
0.839	0.001	0.001	0.159
0.001	0.001	0.001	0.997
>NCTTCTTCTT	20-NCTTCTTCTT	3.228768	-46.926507	0	T:301.0(97.73%),B:36767.2(79.91%),P:1e-20	Tpos:180.1,Tstd:141.8,Bpos:355.7,Bstd:442.9,StrandBias:-0.3,Multiplicity:2.16
0.296	0.209	0.232	0.264
0.169	0.487	0.126	0.218
0.196	0.104	0.091	0.609
0.135	0.127	0.115	0.623
0.169	0.450	0.176	0.205
0.199	0.106	0.130	0.565
0.125	0.119	0.141	0.615
0.129	0.496	0.174	0.200
0.176	0.146	0.136	0.542
0.223	0.166	0.228	0.383
>GGTCCTTGGC	21-GGTCCTTGGC	9.723510	-40.974013	0	T:15.0(4.87%),B:58.3(0.13%),P:1e-17	Tpos:172.0,Tstd:138.9,Bpos:255.5,Bstd:320.8,StrandBias:-0.3,Multiplicity:2.40
0.091	0.001	0.907	0.001
0.001	0.001	0.997	0.001
0.111	0.001	0.001	0.887
0.001	0.997	0.001	0.001
0.001	0.795	0.001	0.203
0.001	0.001	0.001	0.997
0.008	0.001	0.001	0.990
0.001	0.001	0.997	0.001
0.001	0.001	0.997	0.001
0.001	0.997	0.001	0.001
>ACCACATCTC	22-ACCACATCTC	7.425200	-35.730091	0	T:47.0(15.26%),B:1685.0(3.66%),P:1e-15	Tpos:133.2,Tstd:67.1,Bpos:235.2,Bstd:334.9,StrandBias:0.2,Multiplicity:1.03
0.797	0.083	0.001	0.119
0.001	0.863	0.001	0.135
0.145	0.753	0.001	0.101
0.740	0.073	0.119	0.068
0.072	0.854	0.073	0.001
0.880	0.118	0.001	0.001
0.001	0.124	0.001	0.874
0.001	0.608	0.001	0.390
0.003	0.123	0.069	0.805
0.001	0.847	0.083	0.069
>TAAGATCGGG	23-TAAGATCGGG	6.799903	-31.940000	0	T:13.0(4.22%),B:70.1(0.15%),P:1e-13	Tpos:129.7,Tstd:90.4,Bpos:399.0,Bstd:845.9,StrandBias:1.2,Multiplicity:1.08
0.001	0.001	0.001	0.997
0.997	0.001	0.001	0.001
0.997	0.001	0.001	0.001
0.001	0.001	0.997	0.001
0.997	0.001	0.001	0.001
0.001	0.001	0.001	0.997
0.001	0.997	0.001	0.001
0.001	0.221	0.777	0.001
0.121	0.001	0.877	0.001
0.001	0.001	0.997	0.001
>AAAWAATATT	24-AAAWAATATT	-4.154034	-31.314978	0	T:282.0(91.56%),B:34299.9(74.55%),P:1e-13	Tpos:187.3,Tstd:161.4,Bpos:484.1,Bstd:492.5,StrandBias:-0.1,Multiplicity:2.87
0.749	0.001	0.001	0.249
0.525	0.237	0.001	0.237
0.997	0.001	0.001	0.001
0.525	0.001	0.001	0.473
0.973	0.001	0.001	0.025
0.762	0.001	0.001	0.236
0.001	0.001	0.001	0.997
0.762	0.001	0.001	0.236
0.012	0.001	0.001	0.986
0.262	0.001	0.001	0.736
>NNNNNNNNNN	25-NNNNNNNNNN	-nan	0.000000	0	T:0.0(0.00%),B:0.0(0.00%),P:1e0	Tpos:0.0,Tstd:0.0,Bpos:0.0,Bstd:0.0,StrandBias:0.0,Multiplicity:1.00
-nan	-nan	-nan	-nan
-nan	-nan	-nan	-nan
-nan	-nan	-nan	-nan
-nan	-nan	-nan	-nan
-nan	-nan	-nan	-nan
-nan	-nan	-nan	-nan
-nan	-nan	-nan	-nan
-nan	-nan	-nan	-nan
-nan	-nan	-nan	-nan
-nan	-nan	-nan	-nan
