>GTCGAACA	1-GTCGAACA	8.614350	-297.599925	0	T:119.0(38.64%),B:649.3(1.41%),P:1e-129	Tpos:134.5,Tstd:77.8,Bpos:252.0,Bstd:411.4,StrandBias:0.5,Multiplicity:1.11
0.302	0.001	0.696	0.001
0.001	0.001	0.001	0.997
0.001	0.997	0.001	0.001
0.001	0.001	0.997	0.001
0.997	0.001	0.001	0.001
0.997	0.001	0.001	0.001
0.001	0.875	0.001	0.123
0.997	0.001	0.001	0.001
>AATGCCTG	2-AATGCCTG	9.255317	-136.483666	0	T:57.0(18.51%),B:315.2(0.69%),P:1e-59	Tpos:127.3,Tstd:64.5,Bpos:180.2,Bstd:274.5,StrandBias:0.2,Multiplicity:1.05
0.997	0.001	0.001	0.001
0.997	0.001	0.001	0.001
0.001	0.001	0.001	0.997
0.001	0.001	0.997	0.001
0.001	0.997	0.001	0.001
0.001	0.997	0.001	0.001
0.001	0.001	0.001	0.997
0.001	0.163	0.835	0.001
>GCACGCCA	3-GCACGCCA	8.003719	-73.694897	0	T:42.0(13.64%),B:469.1(1.02%),P:1e-32	Tpos:142.8,Tstd:62.2,Bpos:195.7,Bstd:274.9,StrandBias:0.3,Multiplicity:1.00
0.001	0.036	0.962	0.001
0.001	0.997	0.001	0.001
0.705	0.293	0.001	0.001
0.001	0.997	0.001	0.001
0.329	0.001	0.669	0.001
0.001	0.997	0.001	0.001
0.105	0.893	0.001	0.001
0.967	0.001	0.031	0.001
>CTTGTTAG	4-CTTGTTAG	4.345134	-63.994576	0	T:286.0(92.86%),B:30527.0(66.35%),P:1e-27	Tpos:165.6,Tstd:126.8,Bpos:281.4,Bstd:406.0,StrandBias:0.1,Multiplicity:2.43
0.100	0.700	0.100	0.100
0.100	0.100	0.100	0.700
0.100	0.100	0.100	0.700
0.100	0.100	0.700	0.100
0.100	0.100	0.100	0.700
0.100	0.100	0.100	0.700
0.700	0.100	0.100	0.100
0.100	0.100	0.700	0.100
>GGTTKGTK	5-GGTTKGTK	1.291450	-61.608522	0	T:255.0(82.79%),B:24519.8(53.29%),P:1e-26	Tpos:156.1,Tstd:121.4,Bpos:243.5,Bstd:394.5,StrandBias:-0.0,Multiplicity:2.61
0.001	0.001	0.997	0.001
0.001	0.324	0.552	0.123
0.001	0.001	0.094	0.904
0.001	0.001	0.001	0.997
0.248	0.034	0.432	0.285
0.001	0.001	0.997	0.001
0.001	0.089	0.001	0.909
0.001	0.123	0.444	0.432
>TGTGTATG	6-TGTGTATG	-2.996207	-57.929854	0	T:285.0(92.53%),B:31074.0(67.54%),P:1e-25	Tpos:168.4,Tstd:134.0,Bpos:311.3,Bstd:419.5,StrandBias:-0.0,Multiplicity:2.73
0.001	0.001	0.001	0.997
0.001	0.001	0.997	0.001
0.077	0.001	0.001	0.921
0.001	0.001	0.997	0.001
0.001	0.001	0.001	0.997
0.997	0.001	0.001	0.001
0.001	0.001	0.001	0.997
0.040	0.001	0.838	0.121
>ATKGWGTA	7-ATKGWGTA	2.006404	-52.963839	0	T:210.0(68.18%),B:18300.4(39.77%),P:1e-23	Tpos:154.4,Tstd:120.6,Bpos:249.4,Bstd:374.7,StrandBias:-0.1,Multiplicity:1.86
0.614	0.001	0.001	0.384
0.001	0.019	0.095	0.885
0.001	0.001	0.479	0.519
0.001	0.001	0.997	0.001
0.406	0.042	0.072	0.480
0.001	0.001	0.997	0.001
0.384	0.001	0.001	0.614
0.997	0.001	0.001	0.001
>ACATCTCT	8-ACATCTCT	3.374377	-52.436941	0	T:300.0(97.40%),B:35723.1(77.64%),P:1e-22	Tpos:168.5,Tstd:138.8,Bpos:395.1,Bstd:465.6,StrandBias:-0.0,Multiplicity:2.39
0.731	0.104	0.104	0.061
0.157	0.481	0.078	0.285
0.739	0.129	0.079	0.053
0.106	0.026	0.001	0.867
0.260	0.426	0.130	0.184
0.191	0.104	0.052	0.653
0.259	0.498	0.078	0.165
0.260	0.129	0.001	0.610
>ACTTATAA	9-ACTTATAA	8.235136	-31.204832	0	T:40.0(12.99%),B:1398.0(3.04%),P:1e-13	Tpos:172.7,Tstd:107.2,Bpos:396.2,Bstd:452.1,StrandBias:0.6,Multiplicity:1.23
0.997	0.001	0.001	0.001
0.001	0.997	0.001	0.001
0.001	0.001	0.001	0.997
0.001	0.001	0.001	0.997
0.997	0.001	0.001	0.001
0.310	0.001	0.001	0.688
0.997	0.001	0.001	0.001
0.809	0.189	0.001	0.001
>ATAWTAWH	10-ATAWTAWH	3.213041	-31.114746	0	T:293.0(95.13%),B:36861.5(80.11%),P:1e-13	Tpos:186.7,Tstd:150.8,Bpos:401.7,Bstd:468.8,StrandBias:-0.0,Multiplicity:2.60
0.682	0.001	0.061	0.256
0.200	0.213	0.001	0.586
0.759	0.001	0.001	0.239
0.419	0.045	0.120	0.416
0.039	0.001	0.001	0.959
0.659	0.300	0.001	0.040
0.497	0.001	0.001	0.501
0.235	0.360	0.080	0.325
>TAGCTTTT	11-TAGCTTTT	-3.153606	-30.748700	0	T:307.0(99.68%),B:41137.2(89.41%),P:1e-13	Tpos:166.3,Tstd:131.8,Bpos:266.4,Bstd:389.8,StrandBias:-0.1,Multiplicity:1.89
0.152	0.001	0.001	0.846
0.997	0.001	0.001	0.001
0.001	0.076	0.922	0.001
0.026	0.871	0.026	0.077
0.001	0.001	0.001	0.997
0.001	0.001	0.001	0.997
0.102	0.001	0.051	0.846
0.001	0.001	0.127	0.871
>KCTCTCTC	12-KCTCTCTC	2.311820	-29.363995	0	T:308.0(100.00%),B:41813.1(90.88%),P:1e-12	Tpos:160.3,Tstd:129.2,Bpos:211.4,Bstd:368.7,StrandBias:0.0,Multiplicity:1.67
0.190	0.001	0.458	0.351
0.001	0.562	0.189	0.248
0.133	0.001	0.293	0.573
0.277	0.705	0.001	0.017
0.357	0.001	0.013	0.629
0.001	0.667	0.001	0.331
0.001	0.001	0.278	0.720
0.017	0.475	0.291	0.216
>AAAYAVGR	13-AAAYAVGR	2.933709	-29.121902	0	T:308.0(100.00%),B:41846.6(90.95%),P:1e-12	Tpos:171.0,Tstd:147.3,Bpos:243.9,Bstd:381.5,StrandBias:0.1,Multiplicity:2.11
0.919	0.079	0.001	0.001
0.680	0.001	0.155	0.164
0.533	0.164	0.001	0.302
0.001	0.301	0.249	0.449
0.400	0.150	0.225	0.225
0.321	0.300	0.229	0.150
0.243	0.075	0.532	0.150
0.305	0.153	0.378	0.164
>GACTTGAT	14-GACTTGAT	8.236954	-27.006189	0	T:18.0(5.84%),B:276.1(0.60%),P:1e-11	Tpos:169.4,Tstd:105.5,Bpos:299.0,Bstd:421.3,StrandBias:-0.8,Multiplicity:1.39
0.100	0.100	0.700	0.100
0.700	0.100	0.100	0.100
0.100	0.700	0.100	0.100
0.100	0.100	0.100	0.700
0.100	0.100	0.100	0.700
0.100	0.100	0.700	0.100
0.700	0.100	0.100	0.100
0.100	0.100	0.100	0.700
>CTCAGACA	15-CTCAGACA	2.399224	-19.463022	0	T:308.0(100.00%),B:43184.9(93.86%),P:1e-8	Tpos:166.8,Tstd:127.8,Bpos:241.5,Bstd:393.1,StrandBias:-0.2,Multiplicity:6.83
0.100	0.700	0.100	0.100
0.100	0.100	0.100	0.700
0.100	0.700	0.100	0.100
0.700	0.100	0.100	0.100
0.100	0.100	0.700	0.100
0.700	0.100	0.100	0.100
0.100	0.700	0.100	0.100
0.700	0.100	0.100	0.100
>TTTAGAAC	16-TTTAGAAC	-0.751964	-12.756610	0	T:308.0(100.00%),B:44138.2(95.93%),P:1e-5	Tpos:168.5,Tstd:134.1,Bpos:239.5,Bstd:396.4,StrandBias:-0.1,Multiplicity:1.88
0.050	0.031	0.257	0.662
0.001	0.050	0.003	0.946
0.276	0.038	0.028	0.658
0.884	0.065	0.050	0.001
0.038	0.019	0.658	0.285
0.928	0.047	0.004	0.021
0.627	0.012	0.321	0.040
0.051	0.909	0.012	0.028
>CAGACATT	17-CAGACATT	0.453314	-0.026688	0	T:308.0(100.00%),B:46007.3(99.99%),P:1e0	Tpos:167.5,Tstd:128.8,Bpos:215.9,Bstd:379.2,StrandBias:-0.1,Multiplicity:2.95
0.100	0.700	0.100	0.100
0.700	0.100	0.100	0.100
0.100	0.100	0.700	0.100
0.700	0.100	0.100	0.100
0.100	0.700	0.100	0.100
0.700	0.100	0.100	0.100
0.100	0.100	0.100	0.700
0.100	0.100	0.100	0.700
>AACCGAAC	18-AACCGAAC	0.000000	-0.020016	0	T:308.0(100.00%),B:46008.0(99.99%),P:1e0
0.700	0.100	0.100	0.100
0.700	0.100	0.100	0.100
0.100	0.700	0.100	0.100
0.100	0.700	0.100	0.100
0.100	0.100	0.700	0.100
0.700	0.100	0.100	0.100
0.700	0.100	0.100	0.100
0.100	0.700	0.100	0.100
>NNNNNNNN	19-NNNNNNNN	-nan	0.000000	0	T:0.0(0.00%),B:0.0(0.00%),P:1e0	Tpos:0.0,Tstd:0.0,Bpos:0.0,Bstd:0.0,StrandBias:0.0,Multiplicity:1.00
-nan	-nan	-nan	-nan
-nan	-nan	-nan	-nan
-nan	-nan	-nan	-nan
-nan	-nan	-nan	-nan
-nan	-nan	-nan	-nan
-nan	-nan	-nan	-nan
-nan	-nan	-nan	-nan
-nan	-nan	-nan	-nan
>AGATGCAG	20-AGATGCAG	-23.457436	0.000000	0	T:308.0(100.00%),B:46011.1(100.00%),P:1e0	Tpos:166.3,Tstd:120.5,Bpos:215.6,Bstd:383.6,StrandBias:0.0,Multiplicity:2.19
0.997	0.001	0.001	0.001
0.001	0.001	0.997	0.001
0.997	0.001	0.001	0.001
0.001	0.001	0.001	0.997
0.001	0.001	0.997	0.001
0.001	0.997	0.001	0.001
0.997	0.001	0.001	0.001
0.001	0.001	0.997	0.001
>NNNNNNNN	21-NNNNNNNN	-nan	0.000000	0	T:0.0(0.00%),B:0.0(0.00%),P:1e0	Tpos:0.0,Tstd:0.0,Bpos:0.0,Bstd:0.0,StrandBias:0.0,Multiplicity:1.00
-nan	-nan	-nan	-nan
-nan	-nan	-nan	-nan
-nan	-nan	-nan	-nan
-nan	-nan	-nan	-nan
-nan	-nan	-nan	-nan
-nan	-nan	-nan	-nan
-nan	-nan	-nan	-nan
-nan	-nan	-nan	-nan
>CTAAACCA	22-CTAAACCA	-5.384417	0.000000	0	T:308.0(100.00%),B:46011.1(100.00%),P:1e0	Tpos:172.7,Tstd:135.6,Bpos:242.0,Bstd:380.2,StrandBias:0.0,Multiplicity:1.29
0.100	0.700	0.100	0.100
0.100	0.100	0.100	0.700
0.700	0.100	0.100	0.100
0.700	0.100	0.100	0.100
0.700	0.100	0.100	0.100
0.100	0.700	0.100	0.100
0.100	0.700	0.100	0.100
0.700	0.100	0.100	0.100
