>TTTCATCGAACA	1-TTTCATCGAACA	11.243033	-391.428764	0	T:102.0(33.12%),B:103.2(0.22%),P:1e-169	Tpos:123.6,Tstd:57.0,Bpos:323.5,Bstd:390.3,StrandBias:0.4,Multiplicity:1.03
0.001	0.001	0.001	0.997
0.089	0.001	0.001	0.909
0.001	0.177	0.089	0.733
0.089	0.582	0.075	0.254
0.719	0.001	0.279	0.001
0.001	0.088	0.001	0.910
0.001	0.997	0.001	0.001
0.208	0.001	0.790	0.001
0.997	0.001	0.001	0.001
0.910	0.001	0.088	0.001
0.001	0.910	0.088	0.001
0.997	0.001	0.001	0.001
>YTCTCTCAGGCA	2-YTCTCTCAGGCA	10.589836	-178.404259	0	T:53.0(17.21%),B:92.6(0.20%),P:1e-77	Tpos:112.9,Tstd:53.0,Bpos:205.3,Bstd:291.1,StrandBias:1.0,Multiplicity:1.00
0.001	0.522	0.001	0.476
0.001	0.134	0.001	0.864
0.001	0.997	0.001	0.001
0.001	0.001	0.132	0.866
0.135	0.730	0.002	0.133
0.138	0.001	0.001	0.860
0.001	0.763	0.133	0.103
0.997	0.001	0.001	0.001
0.101	0.135	0.763	0.001
0.335	0.001	0.663	0.001
0.001	0.997	0.001	0.001
0.997	0.001	0.001	0.001
>TTTCSTCGWACA	3-TTTCSTCGWACA	-8.176862	-120.806575	0	T:286.0(92.86%),B:24368.2(52.96%),P:1e-52	Tpos:170.5,Tstd:122.1,Bpos:281.7,Bstd:423.4,StrandBias:0.1,Multiplicity:2.01
0.096	0.001	0.001	0.902
0.001	0.001	0.001	0.997
0.001	0.081	0.001	0.917
0.001	0.997	0.001	0.001
0.080	0.451	0.468	0.001
0.001	0.001	0.001	0.997
0.001	0.997	0.001	0.001
0.001	0.001	0.997	0.001
0.548	0.001	0.001	0.450
0.997	0.001	0.001	0.001
0.001	0.997	0.001	0.001
0.997	0.001	0.001	0.001
>TTRTGCACACCA	4-TTRTGCACACCA	1.006231	-117.255716	0	T:181.0(58.77%),B:8932.0(19.41%),P:1e-50	Tpos:144.3,Tstd:99.1,Bpos:267.1,Bstd:412.1,StrandBias:0.1,Multiplicity:1.26
0.130	0.001	0.001	0.868
0.132	0.243	0.131	0.494
0.494	0.122	0.366	0.018
0.001	0.364	0.001	0.634
0.001	0.001	0.997	0.001
0.001	0.997	0.001	0.001
0.635	0.243	0.121	0.001
0.001	0.877	0.001	0.121
0.625	0.001	0.253	0.121
0.001	0.756	0.001	0.242
0.127	0.871	0.001	0.001
0.997	0.001	0.001	0.001
>GCTTTGAGAAGC	5-GCTTTGAGAAGC	12.355432	-83.565794	0	T:18.0(5.84%),B:3.1(0.01%),P:1e-36	Tpos:157.8,Tstd:100.7,Bpos:812.9,Bstd:448.1,StrandBias:0.0,Multiplicity:1.11
0.100	0.100	0.700	0.100
0.100	0.700	0.100	0.100
0.100	0.100	0.100	0.700
0.100	0.100	0.100	0.700
0.100	0.100	0.100	0.700
0.100	0.100	0.700	0.100
0.700	0.100	0.100	0.100
0.100	0.100	0.700	0.100
0.700	0.100	0.100	0.100
0.700	0.100	0.100	0.100
0.100	0.100	0.700	0.100
0.100	0.700	0.100	0.100
>GAAGKTTGGTTA	6-GAAGKTTGGTTA	10.239397	-79.060645	0	T:19.0(6.17%),B:10.1(0.02%),P:1e-34	Tpos:147.0,Tstd:97.5,Bpos:623.5,Bstd:585.1,StrandBias:-0.6,Multiplicity:1.32
0.146	0.082	0.694	0.078
0.617	0.067	0.197	0.119
0.742	0.056	0.067	0.135
0.112	0.232	0.538	0.118
0.141	0.107	0.425	0.327
0.055	0.047	0.088	0.810
0.089	0.078	0.059	0.774
0.105	0.113	0.642	0.140
0.098	0.107	0.707	0.088
0.131	0.137	0.047	0.685
0.128	0.087	0.099	0.686
0.682	0.140	0.040	0.138
>ATTGAGTATAAG	7-ATTGAGTATAAG	13.438800	-76.225320	0	T:19.0(6.17%),B:13.2(0.03%),P:1e-33	Tpos:166.9,Tstd:105.9,Bpos:364.6,Bstd:376.9,StrandBias:0.1,Multiplicity:1.42
0.997	0.001	0.001	0.001
0.001	0.001	0.001	0.997
0.001	0.001	0.001	0.997
0.001	0.001	0.997	0.001
0.997	0.001	0.001	0.001
0.001	0.001	0.997	0.001
0.001	0.001	0.001	0.997
0.997	0.001	0.001	0.001
0.001	0.001	0.001	0.997
0.997	0.001	0.001	0.001
0.931	0.001	0.067	0.001
0.001	0.369	0.629	0.001
>GTCATGTGTATG	8-GTCATGTGTATG	10.409522	-72.767205	0	T:21.0(6.82%),B:33.0(0.07%),P:1e-31	Tpos:175.8,Tstd:103.9,Bpos:421.3,Bstd:457.4,StrandBias:0.0,Multiplicity:1.43
0.100	0.100	0.700	0.100
0.100	0.100	0.100	0.700
0.100	0.700	0.100	0.100
0.700	0.100	0.100	0.100
0.100	0.100	0.100	0.700
0.100	0.100	0.700	0.100
0.100	0.100	0.100	0.700
0.100	0.100	0.700	0.100
0.100	0.100	0.100	0.700
0.700	0.100	0.100	0.100
0.100	0.100	0.100	0.700
0.100	0.100	0.700	0.100
>TCACCAAAGCCC	9-TCACCAAAGCCC	-11.019526	-67.498784	0	T:258.0(83.77%),B:24337.2(52.89%),P:1e-29	Tpos:169.3,Tstd:152.5,Bpos:228.7,Bstd:366.9,StrandBias:-0.1,Multiplicity:1.84
0.001	0.220	0.001	0.778
0.001	0.997	0.001	0.001
0.997	0.001	0.001	0.001
0.259	0.739	0.001	0.001
0.259	0.739	0.001	0.001
0.997	0.001	0.001	0.001
0.997	0.001	0.001	0.001
0.997	0.001	0.001	0.001
0.001	0.001	0.997	0.001
0.001	0.997	0.001	0.001
0.001	0.997	0.001	0.001
0.001	0.739	0.259	0.001
>GCTACACCATGA	10-GCTACACCATGA	9.566695	-64.292007	0	T:18.0(5.84%),B:24.2(0.05%),P:1e-27	Tpos:141.3,Tstd:112.4,Bpos:409.3,Bstd:454.1,StrandBias:0.8,Multiplicity:1.50
0.183	0.155	0.491	0.171
0.105	0.673	0.117	0.105
0.158	0.054	0.114	0.674
0.674	0.111	0.054	0.161
0.147	0.633	0.133	0.087
0.814	0.036	0.039	0.111
0.139	0.710	0.001	0.150
0.182	0.624	0.138	0.056
0.815	0.019	0.071	0.095
0.125	0.071	0.138	0.666
0.068	0.200	0.557	0.175
0.673	0.108	0.078	0.141
>AACTTAAACCGC	11-AACTTAAACCGC	14.216515	-61.151358	0	T:14.0(4.55%),B:5.3(0.01%),P:1e-26	Tpos:172.3,Tstd:102.4,Bpos:344.1,Bstd:293.6,StrandBias:0.0,Multiplicity:1.43
0.997	0.001	0.001	0.001
0.997	0.001	0.001	0.001
0.001	0.997	0.001	0.001
0.001	0.001	0.001	0.997
0.001	0.001	0.001	0.997
0.997	0.001	0.001	0.001
0.997	0.001	0.001	0.001
0.997	0.001	0.001	0.001
0.001	0.997	0.001	0.001
0.001	0.906	0.001	0.092
0.001	0.001	0.997	0.001
0.001	0.997	0.001	0.001
>GCCAAAGACTCA	12-GCCAAAGACTCA	13.818376	-58.860660	0	T:14.0(4.55%),B:7.4(0.02%),P:1e-25	Tpos:167.8,Tstd:132.4,Bpos:605.3,Bstd:572.9,StrandBias:1.0,Multiplicity:1.50
0.087	0.001	0.911	0.001
0.074	0.924	0.001	0.001
0.001	0.997	0.001	0.001
0.911	0.001	0.001	0.087
0.997	0.001	0.001	0.001
0.997	0.001	0.001	0.001
0.001	0.001	0.997	0.001
0.997	0.001	0.001	0.001
0.001	0.997	0.001	0.001
0.001	0.001	0.001	0.997
0.001	0.997	0.001	0.001
0.997	0.001	0.001	0.001
>YGTGTWGCTCCA	13-YGTGTWGCTCCA	-12.583859	-57.367563	0	T:278.0(90.26%),B:29585.2(64.30%),P:1e-24	Tpos:158.9,Tstd:114.4,Bpos:228.2,Bstd:382.7,StrandBias:0.0,Multiplicity:1.85
0.001	0.494	0.001	0.504
0.001	0.001	0.997	0.001
0.001	0.001	0.001	0.997
0.001	0.421	0.577	0.001
0.001	0.001	0.001	0.997
0.504	0.110	0.001	0.385
0.001	0.001	0.997	0.001
0.001	0.997	0.001	0.001
0.001	0.001	0.001	0.997
0.001	0.997	0.001	0.001
0.001	0.962	0.036	0.001
0.997	0.001	0.001	0.001
>KYCWTRTTHGAM	14-KYCWTRTTHGAM	8.565009	-55.681937	0	T:23.0(7.47%),B:123.4(0.27%),P:1e-24	Tpos:175.4,Tstd:104.9,Bpos:456.0,Bstd:545.8,StrandBias:0.0,Multiplicity:2.43
0.119	0.001	0.373	0.507
0.101	0.392	0.001	0.506
0.001	0.746	0.058	0.195
0.496	0.061	0.071	0.373
0.001	0.223	0.001	0.775
0.403	0.128	0.261	0.208
0.001	0.131	0.054	0.814
0.103	0.154	0.220	0.523
0.409	0.287	0.030	0.274
0.001	0.308	0.625	0.066
0.627	0.046	0.112	0.215
0.417	0.379	0.001	0.203
>GATCTTAAAAGC	15-GATCTTAAAAGC	14.273761	-54.210000	0	T:13.0(4.22%),B:7.2(0.02%),P:1e-23	Tpos:171.6,Tstd:86.8,Bpos:286.6,Bstd:259.0,StrandBias:-0.6,Multiplicity:1.15
0.001	0.001	0.997	0.001
0.997	0.001	0.001	0.001
0.001	0.001	0.001	0.997
0.001	0.997	0.001	0.001
0.001	0.001	0.001	0.997
0.001	0.001	0.001	0.997
0.997	0.001	0.001	0.001
0.846	0.001	0.001	0.152
0.997	0.001	0.001	0.001
0.639	0.001	0.359	0.001
0.001	0.001	0.997	0.001
0.001	0.997	0.001	0.001
>TGATTTCTGGGT	16-TGATTTCTGGGT	-5.543062	-46.279188	0	T:142.0(46.10%),B:10098.0(21.95%),P:1e-20	Tpos:139.4,Tstd:103.5,Bpos:263.9,Bstd:393.4,StrandBias:-0.2,Multiplicity:1.22
0.001	0.001	0.001	0.997
0.001	0.281	0.717	0.001
0.521	0.239	0.239	0.001
0.001	0.001	0.001	0.997
0.001	0.001	0.001	0.997
0.001	0.001	0.001	0.997
0.001	0.997	0.001	0.001
0.001	0.001	0.001	0.997
0.001	0.001	0.997	0.001
0.001	0.001	0.997	0.001
0.001	0.001	0.997	0.001
0.001	0.001	0.001	0.997
>CTCTCTCTCTCT	17-CTCTCTCTCTCT	-4.104799	-41.216181	0	T:227.0(73.70%),B:22560.3(49.03%),P:1e-17	Tpos:153.1,Tstd:128.3,Bpos:207.1,Bstd:327.5,StrandBias:-0.2,Multiplicity:2.01
0.001	0.963	0.025	0.011
0.041	0.040	0.001	0.918
0.001	0.943	0.055	0.001
0.036	0.035	0.001	0.928
0.024	0.891	0.084	0.001
0.028	0.032	0.001	0.939
0.019	0.932	0.032	0.017
0.001	0.037	0.001	0.961
0.021	0.939	0.039	0.001
0.001	0.043	0.001	0.955
0.001	0.967	0.031	0.001
0.021	0.031	0.001	0.947
>CTAAGTAGTGTT	18-CTAAGTAGTGTT	10.409522	-39.568325	0	T:12.0(3.90%),B:24.6(0.05%),P:1e-17	Tpos:227.9,Tstd:89.3,Bpos:496.3,Bstd:422.8,StrandBias:0.0,Multiplicity:1.17
0.100	0.700	0.100	0.100
0.100	0.100	0.100	0.700
0.700	0.100	0.100	0.100
0.700	0.100	0.100	0.100
0.100	0.100	0.700	0.100
0.100	0.100	0.100	0.700
0.700	0.100	0.100	0.100
0.100	0.100	0.700	0.100
0.100	0.100	0.100	0.700
0.100	0.100	0.700	0.100
0.100	0.100	0.100	0.700
0.100	0.100	0.100	0.700
