>ACATTTCGCATA	20-ACATTTCGCATA,BestGuess:POU2F1/MA0785.1/Jaspar(0.648)	11.683422	-26.737132	0	T:10.0(1.51%),B:15.6(0.04%),P:1e-11
0.841	0.079	0.079	0.001
0.160	0.760	0.001	0.079
0.920	0.078	0.001	0.001
0.001	0.078	0.001	0.920
0.078	0.001	0.001	0.920
0.078	0.001	0.001	0.920
0.138	0.716	0.079	0.067
0.133	0.221	0.645	0.001
0.082	0.838	0.079	0.001
0.841	0.157	0.001	0.001
0.066	0.001	0.079	0.854
0.841	0.079	0.001	0.079
