>TCGGTTCGGTTC	22-TCGGTTCGGTTC,BestGuess:OPI1(MacIsaac)/Yeast(0.755)	9.470996	-14.800581	0	T:19.0(2.86%),B:279.9(0.68%),P:1e-6
0.058	0.196	0.155	0.591
0.058	0.656	0.143	0.143
0.001	0.065	0.869	0.065
0.076	0.001	0.922	0.001
0.001	0.001	0.147	0.851
0.001	0.076	0.001	0.922
0.001	0.944	0.001	0.054
0.001	0.001	0.791	0.207
0.001	0.076	0.922	0.001
0.058	0.001	0.040	0.901
0.079	0.001	0.001	0.919
0.222	0.726	0.001	0.051
