>CTTYCTATCTCT	7-CTTYCTATCTCT	9.897222	-0.000000	0	T:6.0(0.03%),B:139.0(0.16%),P:1e0
0.182	0.467	0.116	0.234
0.167	0.165	0.057	0.611
0.166	0.198	0.181	0.455
0.149	0.373	0.152	0.326
0.192	0.552	0.077	0.179
0.123	0.126	0.019	0.732
0.468	0.222	0.154	0.156
0.083	0.077	0.072	0.768
0.156	0.605	0.104	0.135
0.122	0.094	0.023	0.761
0.141	0.531	0.178	0.150
0.133	0.140	0.038	0.689
