>TCTVTCTNTCTN	12-TCTVTCTNTCTN	7.741056	-0.000000	0	T:898.0(4.79%),B:17729.7(20.52%),P:1e0
0.173	0.181	0.172	0.474
0.233	0.487	0.102	0.177
0.084	0.071	0.005	0.840
0.374	0.283	0.233	0.110
0.066	0.086	0.064	0.784
0.104	0.661	0.095	0.140
0.078	0.020	0.001	0.901
0.281	0.278	0.294	0.147
0.088	0.158	0.072	0.682
0.107	0.547	0.117	0.229
0.214	0.149	0.016	0.621
0.265	0.270	0.228	0.238
