>NCTATCTATCTN	23-NCTATCTATCTN	8.719278	-0.000000	0	T:263.0(1.40%),B:4577.8(5.30%),P:1e0
0.240	0.235	0.248	0.277
0.141	0.631	0.097	0.131
0.115	0.113	0.009	0.763
0.638	0.114	0.125	0.123
0.096	0.101	0.106	0.697
0.118	0.712	0.086	0.084
0.109	0.075	0.003	0.813
0.607	0.122	0.145	0.126
0.097	0.100	0.091	0.712
0.107	0.674	0.095	0.124
0.145	0.102	0.011	0.742
0.261	0.255	0.238	0.246
