>ADANAGATADDD	25-ADANAGATADDD	8.049881	0.000000	0	T:89.0(0.47%),B:2219.0(2.57%),P:1e0
0.435	0.056	0.262	0.248
0.326	0.105	0.350	0.219
0.490	0.060	0.228	0.221
0.194	0.305	0.319	0.181
0.830	0.017	0.049	0.104
0.080	0.071	0.738	0.111
0.841	0.065	0.040	0.054
0.020	0.102	0.178	0.700
0.709	0.035	0.086	0.170
0.272	0.058	0.375	0.295
0.346	0.163	0.291	0.200
0.302	0.147	0.260	0.290
