>AGAGAGATGATA	20-AGAGAGATGATA	12.716137	-0.000000	0	T:2.0(0.01%),B:138.0(0.16%),P:1e0
0.786	0.017	0.084	0.113
0.118	0.104	0.661	0.117
0.836	0.007	0.086	0.071
0.117	0.120	0.609	0.154
0.847	0.012	0.058	0.083
0.144	0.083	0.593	0.180
0.706	0.118	0.089	0.087
0.288	0.013	0.098	0.601
0.091	0.051	0.774	0.084
0.801	0.052	0.062	0.085
0.100	0.077	0.126	0.697
0.815	0.039	0.069	0.077
