>DDANAGATADRN	17-DDANAGATADRN	7.486485	-0.000000	0	T:46.0(0.25%),B:1224.6(1.42%),P:1e0
0.371	0.120	0.250	0.259
0.351	0.100	0.306	0.242
0.430	0.068	0.246	0.256
0.215	0.321	0.264	0.200
0.745	0.005	0.044	0.206
0.077	0.017	0.845	0.061
0.933	0.036	0.001	0.030
0.087	0.179	0.193	0.541
0.617	0.041	0.100	0.242
0.261	0.091	0.359	0.288
0.360	0.138	0.291	0.210
0.264	0.197	0.248	0.291
