>AGATAGCAGATA	4-AGATAGCAGATA	11.730673	-0.006251	0	T:7.0(0.04%),B:74.7(0.09%),P:1e0
0.704	0.043	0.114	0.139
0.125	0.112	0.643	0.120
0.668	0.120	0.104	0.108
0.129	0.119	0.133	0.619
0.693	0.047	0.126	0.134
0.127	0.123	0.606	0.144
0.140	0.602	0.140	0.118
0.770	0.014	0.051	0.165
0.108	0.096	0.692	0.104
0.682	0.108	0.097	0.113
0.112	0.112	0.127	0.649
0.664	0.106	0.116	0.114
