>TATCTATCTATC	8-TATCTATCTATC	5.677937	-0.000000	0	T:7040.0(37.52%),B:43114.7(49.90%),P:1e0
0.058	0.127	0.096	0.719
0.642	0.148	0.155	0.055
0.050	0.111	0.148	0.691
0.081	0.714	0.050	0.155
0.065	0.050	0.022	0.863
0.564	0.169	0.212	0.055
0.063	0.144	0.145	0.648
0.118	0.701	0.049	0.132
0.152	0.117	0.042	0.689
0.566	0.142	0.165	0.127
0.137	0.182	0.163	0.518
0.141	0.597	0.091	0.171
