>DARANAGATADR	18-DARANAGATADR	8.227445	-0.000000	0	T:69.0(0.37%),B:1921.2(2.22%),P:1e0
0.341	0.103	0.272	0.283
0.424	0.062	0.257	0.257
0.389	0.063	0.386	0.163
0.524	0.060	0.247	0.169
0.237	0.301	0.259	0.203
0.696	0.033	0.056	0.215
0.085	0.043	0.802	0.070
0.875	0.049	0.031	0.045
0.049	0.138	0.156	0.657
0.682	0.040	0.080	0.198
0.308	0.038	0.383	0.272
0.381	0.194	0.233	0.191
