>TCTVTCTNTCTN	9-TCTVTCTNTCTN	8.267345	-0.000000	0	T:494.0(2.63%),B:12676.7(14.67%),P:1e0
0.186	0.177	0.164	0.473
0.192	0.513	0.109	0.186
0.085	0.009	0.001	0.905
0.325	0.254	0.257	0.164
0.070	0.103	0.072	0.755
0.095	0.657	0.109	0.139
0.084	0.001	0.001	0.914
0.236	0.261	0.320	0.183
0.090	0.126	0.077	0.707
0.097	0.576	0.115	0.212
0.197	0.123	0.001	0.679
0.238	0.274	0.214	0.274
