>ATCTNHTCTNTN	5-ATCTNHTCTNTN	8.675799	-0.001581	0	T:6.0(0.03%),B:77.7(0.09%),P:1e0
0.608	0.188	0.091	0.113
0.031	0.041	0.043	0.885
0.030	0.902	0.040	0.028
0.215	0.020	0.007	0.758
0.322	0.198	0.216	0.264
0.339	0.202	0.133	0.326
0.041	0.167	0.040	0.752
0.147	0.468	0.114	0.271
0.265	0.055	0.008	0.672
0.242	0.284	0.236	0.238
0.237	0.217	0.130	0.415
0.221	0.297	0.171	0.312
