>TYYHTMTCTCTB	21-TYYHTMTCTCTB	7.846697	-0.000000	0	T:468.0(2.49%),B:9343.3(10.81%),P:1e0
0.200	0.191	0.159	0.450
0.101	0.393	0.195	0.312
0.175	0.420	0.072	0.332
0.244	0.284	0.081	0.391
0.150	0.176	0.079	0.595
0.383	0.303	0.126	0.188
0.060	0.085	0.054	0.801
0.228	0.524	0.082	0.166
0.072	0.105	0.063	0.760
0.084	0.600	0.154	0.162
0.145	0.005	0.019	0.831
0.152	0.295	0.338	0.215
