>RADRRVAGATAG	6-RADRRVAGATAG	9.605933	-0.000006	0	T:4.0(0.02%),B:96.9(0.11%),P:1e0
0.338	0.185	0.298	0.178
0.456	0.045	0.221	0.279
0.278	0.094	0.370	0.258
0.439	0.058	0.328	0.176
0.424	0.043	0.306	0.226
0.199	0.323	0.310	0.168
0.780	0.014	0.021	0.185
0.040	0.033	0.892	0.035
0.916	0.033	0.019	0.032
0.056	0.060	0.235	0.649
0.888	0.008	0.035	0.069
0.015	0.044	0.703	0.238
