>AGAGAKAGAGAG	24-AGAGAKAGAGAG	10.204936	-0.000000	0	T:69.0(0.37%),B:5130.5(5.94%),P:1e0
0.743	0.025	0.118	0.114
0.168	0.173	0.537	0.122
0.785	0.019	0.094	0.102
0.149	0.080	0.648	0.123
0.823	0.044	0.068	0.065
0.173	0.145	0.279	0.402
0.807	0.016	0.096	0.081
0.177	0.082	0.582	0.159
0.490	0.065	0.315	0.130
0.234	0.175	0.448	0.143
0.691	0.045	0.129	0.135
0.220	0.086	0.524	0.170
