>GAAGCAAGAAGA	9-GAAGCAAGAAGA	2.686427	-107.274274	0	T:654.0(98.49%),B:34327.4(80.50%),P:1e-46
0.001	0.029	0.941	0.029
0.700	0.088	0.183	0.029
0.829	0.059	0.058	0.054
0.280	0.088	0.613	0.019
0.165	0.496	0.164	0.175
0.627	0.145	0.117	0.111
0.603	0.174	0.136	0.087
0.135	0.148	0.569	0.148
0.741	0.029	0.177	0.053
0.644	0.116	0.182	0.058
0.173	0.177	0.596	0.054
0.647	0.058	0.189	0.106
