>HAAGAAYTTAAW	15-HAAGAAYTTAAW	2.491629	-67.974278	0	T:658.0(99.10%),B:37268.8(87.40%),P:1e-29
0.295	0.272	0.092	0.342
0.547	0.113	0.091	0.249
0.409	0.182	0.250	0.159
0.204	0.159	0.410	0.226
0.796	0.113	0.023	0.068
0.591	0.023	0.227	0.159
0.227	0.409	0.068	0.296
0.159	0.159	0.023	0.659
0.068	0.045	0.205	0.682
0.682	0.249	0.068	0.001
0.864	0.023	0.068	0.045
0.362	0.204	0.024	0.410
