>AWTCGGAKBCGG	16-CCGVMTCCGAWT	-2.784058	-33.251196	0	T:664.0(100.00%),B:40543.2(95.08%),P:1e-14
0.559	0.014	0.275	0.152
0.434	0.001	0.001	0.564
0.001	0.174	0.137	0.688
0.007	0.717	0.138	0.138
0.008	0.137	0.854	0.001
0.152	0.289	0.552	0.007
0.434	0.138	0.282	0.146
0.001	0.001	0.426	0.572
0.001	0.420	0.283	0.296
0.297	0.551	0.151	0.001
0.001	0.001	0.717	0.281
0.139	0.001	0.571	0.289
