>ACACCTCACGTA	24-ACACCTCACGTA,BestGuess:HIF2a(bHLH)/785_O-HIF2a-ChIP-Seq(GSE34871)/Homer(0.664)	8.880524	-20.087471	0	T:6.0(1.95%),B:12.1(0.03%),P:1e-8
0.745	0.076	0.067	0.112
0.144	0.602	0.152	0.102
0.728	0.062	0.064	0.146
0.143	0.626	0.084	0.147
0.111	0.626	0.113	0.150
0.140	0.084	0.097	0.679
0.134	0.702	0.059	0.105
0.732	0.093	0.073	0.102
0.112	0.628	0.130	0.130
0.120	0.131	0.596	0.153
0.157	0.085	0.104	0.654
0.683	0.077	0.120	0.120
