>ATCTNHNNNNNN	22-ATCTNHNNNNNN	6.672948	-0.000000	0	T:305.0(1.42%),B:14713.6(16.79%),P:1e0
0.969	0.016	0.014	0.001
0.002	0.002	0.012	0.984
0.011	0.986	0.002	0.001
0.277	0.004	0.001	0.718
0.209	0.217	0.311	0.263
0.256	0.250	0.151	0.343
0.305	0.224	0.175	0.296
0.303	0.205	0.181	0.312
0.284	0.208	0.191	0.317
0.265	0.228	0.192	0.315
0.310	0.219	0.165	0.306
0.311	0.204	0.186	0.299
