>BCTTATCAGNNN	2-BCTTATCAGNNN	5.661353	-75.568401	0	T:11907.0(55.25%),B:44416.3(50.69%),P:1e-32
0.147	0.285	0.224	0.345
0.128	0.440	0.233	0.198
0.131	0.143	0.005	0.721
0.175	0.008	0.028	0.789
0.958	0.001	0.028	0.013
0.014	0.018	0.010	0.958
0.013	0.973	0.003	0.011
0.978	0.007	0.013	0.002
0.171	0.195	0.486	0.148
0.240	0.264	0.221	0.275
0.260	0.260	0.239	0.241
0.246	0.266	0.254	0.234
