>CTAATCTAATCT	4-CTAATCTAATCT	13.100496	-0.488848	0	T:19.0(0.09%),B:81.4(0.09%),P:1e0
0.167	0.671	0.045	0.117
0.116	0.096	0.001	0.787
0.707	0.182	0.104	0.007
0.785	0.018	0.055	0.142
0.061	0.104	0.090	0.745
0.012	0.805	0.070	0.113
0.016	0.063	0.002	0.919
0.660	0.130	0.130	0.080
0.711	0.127	0.044	0.118
0.044	0.119	0.074	0.763
0.153	0.674	0.072	0.101
0.108	0.128	0.016	0.748
