>DWMAGATKANDN	21-DWMAGATKANDN	7.720624	-0.000000	0	T:12.0(0.06%),B:214.5(0.24%),P:1e0
0.400	0.042	0.272	0.285
0.394	0.049	0.220	0.337
0.298	0.376	0.167	0.159
0.861	0.030	0.053	0.056
0.060	0.073	0.813	0.054
0.751	0.093	0.071	0.085
0.085	0.073	0.131	0.711
0.007	0.184	0.377	0.432
0.524	0.064	0.065	0.347
0.269	0.174	0.286	0.272
0.342	0.164	0.240	0.254
0.274	0.205	0.247	0.274
