>CAGVCACAGATA	11-TATCTGTGBCTG	9.690530	-0.000000	0	T:439.0(2.04%),B:10418.7(11.89%),P:1e0
0.030	0.873	0.053	0.044
0.943	0.001	0.001	0.055
0.063	0.001	0.921	0.015
0.317	0.261	0.390	0.032
0.068	0.859	0.056	0.017
0.899	0.075	0.022	0.004
0.069	0.729	0.201	0.001
0.739	0.065	0.001	0.195
0.076	0.008	0.884	0.032
0.819	0.029	0.029	0.123
0.142	0.085	0.245	0.528
0.757	0.091	0.078	0.074
