>RAWWAMAGATKA	24-RAWWAMAGATKA	9.966794	-0.000000	0	T:4.0(0.02%),B:148.5(0.17%),P:1e0
0.386	0.072	0.320	0.223
0.536	0.078	0.091	0.295
0.338	0.065	0.174	0.422
0.393	0.067	0.192	0.348
0.543	0.052	0.204	0.201
0.278	0.417	0.159	0.145
0.904	0.022	0.014	0.060
0.037	0.020	0.920	0.023
0.927	0.033	0.015	0.025
0.028	0.035	0.021	0.916
0.010	0.095	0.394	0.501
0.462	0.016	0.241	0.281
