>NNHNNNYTTATC	23-NNHNNNYTTATC	7.281999	-0.000000	0	T:9.0(0.04%),B:356.0(0.41%),P:1e0
0.298	0.220	0.191	0.290
0.266	0.251	0.183	0.299
0.337	0.293	0.029	0.341
0.273	0.239	0.205	0.283
0.256	0.240	0.205	0.299
0.231	0.270	0.207	0.292
0.010	0.427	0.029	0.534
0.203	0.001	0.138	0.658
0.341	0.006	0.003	0.650
0.778	0.075	0.074	0.073
0.066	0.062	0.066	0.806
0.058	0.806	0.068	0.068
