>ATCAGANTAGAT	8-ATCTANTCTGAT	10.247792	-0.000000	0	T:6.0(0.03%),B:130.5(0.15%),P:1e0
0.627	0.124	0.123	0.126
0.139	0.114	0.124	0.623
0.148	0.616	0.116	0.120
0.817	0.007	0.005	0.171
0.121	0.130	0.617	0.132
0.608	0.119	0.123	0.150
0.278	0.232	0.241	0.250
0.169	0.133	0.137	0.561
0.662	0.069	0.112	0.157
0.133	0.130	0.601	0.136
0.654	0.118	0.114	0.114
0.135	0.115	0.125	0.625
