>WWWWWWWNAGAT	14-WWWWWWWNAGAT	6.708013	-0.000000	0	T:4123.0(19.13%),B:40844.4(46.61%),P:1e0
0.300	0.158	0.163	0.379
0.377	0.066	0.082	0.475
0.367	0.208	0.074	0.351
0.386	0.120	0.128	0.367
0.322	0.174	0.134	0.369
0.350	0.172	0.019	0.459
0.350	0.132	0.151	0.366
0.206	0.347	0.231	0.216
0.587	0.031	0.041	0.341
0.009	0.015	0.946	0.030
0.938	0.026	0.020	0.016
0.017	0.028	0.041	0.914
