>MTATCATCTDTC	7-MTATCATCTDTC	11.469333	-0.000002	0	T:4.0(0.02%),B:92.9(0.11%),P:1e0
0.502	0.362	0.044	0.092
0.127	0.082	0.048	0.743
0.616	0.143	0.111	0.130
0.109	0.081	0.084	0.726
0.139	0.705	0.083	0.073
0.811	0.081	0.030	0.078
0.113	0.080	0.081	0.726
0.093	0.679	0.096	0.132
0.079	0.064	0.021	0.836
0.298	0.074	0.304	0.324
0.089	0.090	0.084	0.737
0.135	0.608	0.084	0.173
