>SACACACACACN	25-SACACACACACN	6.781057	-0.000001	0	T:22.0(5.63%),B:7624.7(13.02%),P:1e0
0.163	0.386	0.252	0.199
0.542	0.132	0.190	0.136
0.091	0.729	0.118	0.062
0.619	0.118	0.145	0.118
0.118	0.696	0.086	0.100
0.542	0.226	0.136	0.096
0.127	0.673	0.064	0.136
0.605	0.069	0.235	0.091
0.099	0.656	0.136	0.109
0.520	0.154	0.217	0.109
0.091	0.738	0.081	0.090
0.290	0.203	0.326	0.181
