>NGGCGCTGCGCN	7-NGGCGCTGCGCN	9.714718	-4.893479	0	T:3.0(0.77%),B:57.0(0.10%),P:1e-2
0.197	0.301	0.287	0.215
0.096	0.167	0.649	0.088
0.072	0.163	0.672	0.093
0.116	0.678	0.120	0.086
0.095	0.115	0.647	0.143
0.106	0.666	0.136	0.092
0.136	0.180	0.177	0.507
0.097	0.152	0.643	0.108
0.120	0.655	0.125	0.100
0.094	0.138	0.640	0.128
0.113	0.654	0.134	0.099
0.219	0.302	0.260	0.218
