>SVGCGTWCCCCG	12-SVGCGTWCCCCG	9.557698	-2.282890	0	T:4.0(1.02%),B:262.3(0.45%),P:1e0
0.029	0.457	0.458	0.056
0.318	0.336	0.273	0.072
0.231	0.057	0.711	0.001
0.370	0.586	0.043	0.001
0.085	0.043	0.676	0.196
0.058	0.115	0.326	0.501
0.331	0.159	0.029	0.481
0.058	0.640	0.188	0.114
0.127	0.629	0.130	0.114
0.071	0.715	0.201	0.013
0.001	0.797	0.201	0.001
0.070	0.071	0.788	0.071
