>DKYKCCGCGCSR	11-YSGCGCGGMRMH	8.061046	-3.052207	0	T:5.0(1.28%),B:290.0(0.50%),P:1e-1
0.228	0.152	0.255	0.365
0.046	0.164	0.335	0.456
0.001	0.440	0.001	0.558
0.030	0.152	0.453	0.365
0.001	0.559	0.182	0.258
0.030	0.456	0.304	0.210
0.075	0.182	0.742	0.001
0.045	0.953	0.001	0.001
0.001	0.167	0.547	0.285
0.015	0.577	0.407	0.001
0.076	0.407	0.471	0.046
0.304	0.167	0.410	0.119
