>CGCGSCTYCCSC	15-CGCGSCTYCCSC	7.723484	-1.890648	0	T:6.0(1.53%),B:533.6(0.91%),P:1e0
0.051	0.481	0.169	0.299
0.042	0.123	0.563	0.272
0.001	0.584	0.390	0.025
0.230	0.179	0.510	0.081
0.051	0.328	0.408	0.213
0.288	0.448	0.068	0.195
0.102	0.192	0.111	0.595
0.026	0.451	0.026	0.498
0.077	0.536	0.068	0.319
0.118	0.600	0.205	0.077
0.001	0.437	0.391	0.171
0.050	0.485	0.222	0.243
