>CGGGAGCCGCGC	14-CGGGAGCCGCGC	11.960562	-2.082227	0	T:1.0(0.26%),B:19.7(0.03%),P:1e0
0.077	0.757	0.114	0.052
0.098	0.319	0.552	0.031
0.036	0.292	0.630	0.042
0.048	0.126	0.797	0.029
0.622	0.192	0.122	0.064
0.064	0.297	0.561	0.078
0.026	0.705	0.082	0.187
0.102	0.723	0.096	0.079
0.063	0.168	0.715	0.054
0.063	0.738	0.120	0.079
0.030	0.089	0.634	0.247
0.067	0.747	0.140	0.046
