>SCGCAGGGGTCS	24-SGACCCCTGCGS	8.768875	-0.324400	0	T:25.0(6.39%),B:4132.2(7.06%),P:1e0
0.004	0.423	0.513	0.060
0.065	0.933	0.001	0.001
0.065	0.001	0.858	0.076
0.001	0.959	0.039	0.001
0.642	0.253	0.104	0.001
0.074	0.074	0.812	0.040
0.001	0.147	0.778	0.074
0.213	0.004	0.782	0.001
0.188	0.085	0.649	0.078
0.035	0.150	0.096	0.719
0.001	0.844	0.090	0.065
0.001	0.422	0.385	0.192
