>AGAGCBCSSCGS	16-SCGSSGVGCTCT	9.234009	-1.715212	0	T:2.0(0.51%),B:114.5(0.20%),P:1e0
0.631	0.001	0.335	0.033
0.262	0.263	0.475	0.001
0.582	0.001	0.345	0.072
0.264	0.001	0.734	0.001
0.001	0.618	0.380	0.001
0.001	0.262	0.406	0.330
0.001	0.872	0.001	0.126
0.200	0.411	0.388	0.001
0.073	0.396	0.302	0.229
0.001	0.733	0.126	0.140
0.001	0.151	0.630	0.218
0.170	0.489	0.340	0.001
