>GSCGCMGCTCSS	23-GSCGCMGCTCSS	8.414275	-0.491712	0	T:5.0(1.28%),B:793.7(1.36%),P:1e0
0.237	0.157	0.580	0.026
0.040	0.381	0.526	0.053
0.026	0.739	0.144	0.091
0.001	0.263	0.472	0.263
0.119	0.513	0.236	0.132
0.369	0.447	0.079	0.106
0.001	0.237	0.511	0.251
0.001	0.591	0.092	0.316
0.145	0.131	0.211	0.513
0.064	0.922	0.001	0.013
0.132	0.393	0.396	0.079
0.197	0.420	0.382	0.001
