>CGCGGGCCGAGC	9-GCTCGGCCCGCG	9.448087	-4.730436	0	T:10.0(2.56%),B:607.7(1.04%),P:1e-2
0.096	0.698	0.097	0.109
0.078	0.116	0.666	0.140
0.125	0.635	0.102	0.138
0.065	0.162	0.698	0.075
0.132	0.189	0.570	0.109
0.131	0.117	0.672	0.080
0.110	0.654	0.147	0.089
0.121	0.656	0.142	0.081
0.121	0.072	0.720	0.087
0.632	0.192	0.081	0.095
0.105	0.088	0.705	0.102
0.074	0.696	0.155	0.075
