>HGCGRCGCGACD	20-HGCGRCGCGACD	7.583214	-1.395552	0	T:2.0(0.51%),B:142.6(0.24%),P:1e0
0.231	0.320	0.141	0.307
0.115	0.218	0.577	0.090
0.090	0.705	0.141	0.064
0.244	0.103	0.512	0.141
0.423	0.115	0.398	0.064
0.128	0.706	0.115	0.051
0.039	0.372	0.525	0.064
0.154	0.615	0.192	0.039
0.141	0.244	0.589	0.026
0.539	0.128	0.128	0.205
0.141	0.564	0.141	0.154
0.320	0.154	0.231	0.295
