>SSGVVRDDCGCG	21-SSGVVRDDCGCG	8.315995	-0.829556	0	T:5.0(1.28%),B:648.9(1.11%),P:1e0
0.001	0.341	0.454	0.204
0.001	0.476	0.365	0.159
0.001	0.136	0.862	0.001
0.364	0.318	0.295	0.023
0.340	0.340	0.318	0.001
0.455	0.204	0.340	0.001
0.341	0.114	0.272	0.273
0.273	0.114	0.318	0.295
0.227	0.704	0.068	0.001
0.001	0.136	0.773	0.090
0.001	0.976	0.022	0.001
0.001	0.205	0.704	0.090
