>TCTGTCTAATCT	2-AGATTAGACAGA	10.694054	-0.113191	0	T:59.0(0.31%),B:319.1(0.37%),P:1e0
0.088	0.072	0.074	0.766
0.123	0.666	0.083	0.128
0.092	0.043	0.031	0.834
0.206	0.178	0.434	0.182
0.073	0.072	0.068	0.787
0.154	0.580	0.081	0.185
0.116	0.088	0.040	0.756
0.509	0.154	0.121	0.216
0.589	0.134	0.066	0.211
0.088	0.095	0.052	0.765
0.165	0.575	0.072	0.188
0.122	0.090	0.051	0.737
