>TCTATCTATCTN	11-TCTATCTATCTN	7.978316	-0.000000	0	T:692.0(3.69%),B:13485.9(15.68%),P:1e0
0.173	0.200	0.167	0.460
0.264	0.430	0.079	0.227
0.154	0.158	0.063	0.625
0.442	0.216	0.144	0.198
0.096	0.116	0.129	0.659
0.166	0.660	0.095	0.079
0.059	0.069	0.032	0.840
0.441	0.270	0.179	0.109
0.070	0.077	0.070	0.783
0.088	0.684	0.089	0.139
0.128	0.057	0.035	0.780
0.281	0.260	0.250	0.208
