>AAAAAAAAAAAA	10-AAAAAAAAAAAA	6.233828	-0.000000	0	T:4573.0(24.37%),B:44232.7(51.42%),P:1e0
0.583	0.001	0.110	0.306
0.517	0.079	0.139	0.265
0.557	0.080	0.126	0.237
0.571	0.081	0.127	0.221
0.587	0.075	0.126	0.212
0.598	0.072	0.129	0.201
0.601	0.078	0.127	0.194
0.597	0.078	0.118	0.207
0.554	0.099	0.132	0.215
0.539	0.091	0.119	0.251
0.538	0.082	0.134	0.246
0.543	0.051	0.127	0.279
