>TATCTATCTATC	6-TATCTATCTATC	4.793495	-0.000000	0	T:6331.0(33.74%),B:42860.5(49.83%),P:1e0
0.039	0.087	0.046	0.828
0.820	0.073	0.087	0.020
0.020	0.033	0.067	0.880
0.065	0.853	0.035	0.047
0.024	0.034	0.012	0.930
0.761	0.083	0.114	0.042
0.023	0.055	0.080	0.842
0.070	0.847	0.025	0.058
0.047	0.053	0.015	0.885
0.818	0.055	0.085	0.042
0.086	0.063	0.073	0.778
0.100	0.760	0.045	0.095
