>TCTATCTATCTN	23-TCTATCTATCTN	8.417832	-0.000000	0	T:265.0(1.41%),B:4768.4(5.54%),P:1e0
0.214	0.223	0.189	0.373
0.202	0.495	0.113	0.190
0.099	0.130	0.041	0.730
0.507	0.192	0.143	0.158
0.093	0.095	0.095	0.717
0.154	0.652	0.081	0.113
0.077	0.073	0.026	0.824
0.483	0.214	0.174	0.129
0.090	0.092	0.081	0.737
0.132	0.612	0.090	0.166
0.148	0.119	0.055	0.678
0.192	0.275	0.262	0.271
