>WWDWWWWWWWDW	9-WWDWWWWWWWDW	6.083208	-0.000000	0	T:3976.0(21.19%),B:42925.0(49.90%),P:1e0
0.338	0.165	0.176	0.320
0.425	0.009	0.158	0.408
0.386	0.001	0.237	0.375
0.470	0.001	0.091	0.438
0.427	0.001	0.159	0.413
0.444	0.001	0.147	0.408
0.467	0.001	0.138	0.394
0.505	0.001	0.001	0.493
0.373	0.124	0.166	0.338
0.522	0.001	0.001	0.476
0.374	0.001	0.270	0.355
0.573	0.001	0.001	0.425
