>NWRAWAGATAKA	16-NWRAWAGATAKA	7.159006	-0.000000	0	T:189.0(1.01%),B:4562.5(5.30%),P:1e0
0.290	0.247	0.195	0.268
0.420	0.001	0.090	0.489
0.280	0.142	0.375	0.203
0.553	0.081	0.114	0.252
0.262	0.186	0.168	0.384
0.536	0.001	0.096	0.367
0.232	0.096	0.444	0.228
0.740	0.060	0.047	0.153
0.210	0.154	0.213	0.423
0.858	0.001	0.018	0.123
0.114	0.057	0.440	0.389
0.468	0.174	0.154	0.203
