>AGAGAGATTAGA	3-AGAGAGATTAGA	13.102379	-0.009086	0	T:14.0(0.07%),B:116.5(0.14%),P:1e0
0.762	0.032	0.105	0.101
0.188	0.091	0.608	0.113
0.808	0.030	0.084	0.078
0.161	0.109	0.654	0.076
0.886	0.021	0.031	0.062
0.112	0.054	0.769	0.065
0.886	0.024	0.037	0.053
0.139	0.046	0.100	0.715
0.127	0.097	0.122	0.654
0.825	0.028	0.068	0.079
0.116	0.099	0.685	0.100
0.748	0.078	0.106	0.068
