>AAAAAAAAAAAA	17-AAAAAAAAAAAA	6.361482	-0.000000	0	T:4290.0(22.87%),B:43573.1(50.65%),P:1e0
0.584	0.021	0.108	0.287
0.535	0.077	0.128	0.260
0.628	0.001	0.131	0.240
0.573	0.074	0.142	0.211
0.584	0.071	0.130	0.215
0.572	0.084	0.132	0.212
0.571	0.085	0.124	0.220
0.571	0.086	0.124	0.219
0.537	0.097	0.137	0.229
0.529	0.103	0.125	0.243
0.530	0.093	0.136	0.241
0.548	0.031	0.137	0.284
