>TTTTTTTTTTTT	15-TTTTTTTTTTTT	6.123021	-0.000000	0	T:5227.0(27.86%),B:45875.1(53.33%),P:1e0
0.281	0.126	0.045	0.548
0.232	0.123	0.067	0.578
0.232	0.112	0.093	0.563
0.197	0.122	0.088	0.593
0.200	0.108	0.072	0.620
0.190	0.121	0.078	0.611
0.195	0.123	0.073	0.609
0.210	0.128	0.072	0.590
0.210	0.127	0.078	0.585
0.218	0.138	0.077	0.567
0.255	0.131	0.059	0.555
0.291	0.103	0.071	0.535
