>TCTVTCTVTCTN	25-TCTVTCTVTCTN	9.581373	0.000000	0	T:13.0(0.07%),B:766.5(0.89%),P:1e0
0.169	0.183	0.158	0.490
0.180	0.548	0.116	0.156
0.085	0.088	0.038	0.789
0.302	0.231	0.316	0.152
0.064	0.085	0.075	0.776
0.075	0.720	0.096	0.109
0.076	0.051	0.015	0.858
0.234	0.261	0.332	0.173
0.074	0.114	0.066	0.746
0.086	0.596	0.123	0.195
0.132	0.127	0.037	0.704
0.228	0.278	0.235	0.259
