>TCTMTCTVTCTN	24-TCTMTCTVTCTN	8.308062	0.000000	0	T:224.0(1.19%),B:4621.2(5.37%),P:1e0
0.197	0.135	0.198	0.469
0.250	0.442	0.145	0.163
0.179	0.109	0.001	0.711
0.379	0.241	0.228	0.152
0.147	0.001	0.071	0.781
0.185	0.460	0.243	0.112
0.100	0.023	0.001	0.876
0.319	0.282	0.242	0.157
0.109	0.058	0.029	0.804
0.128	0.523	0.155	0.194
0.253	0.008	0.001	0.738
0.243	0.247	0.263	0.247
