>AAAAAAAAAAAW	8-AAAAAAAAAAAW	6.893935	-0.000000	0	T:2435.0(12.98%),B:38337.0(44.57%),P:1e0
0.516	0.069	0.098	0.317
0.602	0.062	0.096	0.240
0.662	0.052	0.104	0.182
0.690	0.056	0.107	0.147
0.648	0.056	0.114	0.182
0.604	0.076	0.122	0.198
0.563	0.094	0.125	0.218
0.534	0.107	0.128	0.231
0.492	0.126	0.133	0.249
0.460	0.132	0.133	0.274
0.472	0.117	0.144	0.267
0.407	0.114	0.153	0.326
