>TTTTTTTTTTTT	7-TTTTTTTTTTTT	5.647296	-0.000000	0	T:6742.0(35.93%),B:49204.3(57.20%),P:1e0
0.268	0.119	0.051	0.562
0.222	0.140	0.071	0.567
0.216	0.105	0.075	0.604
0.209	0.123	0.085	0.583
0.213	0.101	0.064	0.622
0.236	0.124	0.079	0.561
0.249	0.119	0.073	0.559
0.250	0.123	0.087	0.540
0.253	0.126	0.076	0.545
0.230	0.126	0.089	0.555
0.277	0.126	0.083	0.514
0.302	0.113	0.077	0.508
