>TATCWVTATCWG	22-TATCWVTATCWG	10.566323	-0.000000	0	T:2.0(0.01%),B:269.7(0.31%),P:1e0
0.073	0.037	0.018	0.872
0.566	0.189	0.076	0.169
0.049	0.004	0.025	0.922
0.083	0.697	0.108	0.112
0.470	0.060	0.003	0.467
0.207	0.352	0.239	0.201
0.193	0.149	0.017	0.641
0.492	0.130	0.130	0.249
0.157	0.074	0.126	0.643
0.044	0.771	0.128	0.057
0.536	0.001	0.001	0.462
0.131	0.089	0.526	0.254
