>AAAAAAAAAAAA	13-AAAAAAAAAAAA	6.200177	-0.000000	0	T:5118.0(27.28%),B:45423.3(52.80%),P:1e0
0.520	0.065	0.079	0.336
0.510	0.069	0.109	0.312
0.591	0.058	0.086	0.265
0.573	0.056	0.103	0.268
0.619	0.049	0.101	0.231
0.637	0.054	0.098	0.211
0.634	0.055	0.101	0.210
0.614	0.067	0.093	0.226
0.544	0.092	0.101	0.263
0.537	0.093	0.090	0.280
0.521	0.060	0.123	0.296
0.512	0.050	0.105	0.333
