>TGACHHNNNN	1-TGACHHNNNN	4.693603	-1561.404237	0	T:16739.0(86.95%),B:36574.0(67.07%),P:1e-678	Tpos:99.6,Tstd:56.1,Bpos:495.3,Bstd:729.1,StrandBias:0.0,Multiplicity:1.70
0.001	0.001	0.001	0.997
0.001	0.001	0.576	0.422
0.997	0.001	0.001	0.001
0.001	0.575	0.423	0.001
0.301	0.284	0.001	0.414
0.290	0.201	0.165	0.345
0.293	0.193	0.187	0.327
0.307	0.198	0.195	0.300
0.284	0.221	0.201	0.293
0.280	0.196	0.239	0.286
>WHDAGTCAAC	2-WHDAGTCAAC	3.260441	-1494.914925	0	T:14835.0(77.06%),B:30154.0(55.29%),P:1e-649	Tpos:99.5,Tstd:55.1,Bpos:445.3,Bstd:702.6,StrandBias:-0.0,Multiplicity:1.80
0.398	0.115	0.153	0.334
0.302	0.308	0.104	0.286
0.373	0.144	0.258	0.225
0.650	0.001	0.285	0.064
0.001	0.121	0.877	0.001
0.001	0.001	0.001	0.997
0.063	0.935	0.001	0.001
0.916	0.001	0.001	0.082
0.911	0.001	0.087	0.001
0.184	0.489	0.165	0.161
>TTTTWWWWAW	3-TTTTWWWWAW	-3.312962	-1302.326237	0	T:17025.0(88.43%),B:38760.1(71.08%),P:1e-565	Tpos:100.2,Tstd:57.9,Bpos:541.8,Bstd:756.5,StrandBias:-0.0,Multiplicity:1.82
0.171	0.001	0.001	0.827
0.001	0.001	0.001	0.997
0.001	0.001	0.001	0.997
0.382	0.001	0.001	0.616
0.436	0.001	0.001	0.562
0.458	0.001	0.001	0.540
0.568	0.001	0.001	0.430
0.550	0.001	0.001	0.448
0.579	0.001	0.001	0.419
0.469	0.001	0.001	0.529
>TAAAAWATTT	4-TAAAAWATTT	3.304121	-1286.037174	0	T:15300.0(79.47%),B:32623.8(59.82%),P:1e-558	Tpos:100.0,Tstd:57.0,Bpos:590.2,Bstd:783.7,StrandBias:0.0,Multiplicity:2.11
0.074	0.001	0.001	0.924
0.799	0.199	0.001	0.001
0.712	0.215	0.072	0.001
0.997	0.001	0.001	0.001
0.650	0.020	0.001	0.329
0.420	0.030	0.001	0.549
0.631	0.001	0.001	0.367
0.213	0.001	0.018	0.768
0.087	0.001	0.159	0.753
0.311	0.001	0.097	0.591
>AACCMAAMMA	5-AACCMAAMMA	2.254774	-1148.034781	0	T:19232.0(99.90%),B:50544.5(92.69%),P:1e-498	Tpos:98.9,Tstd:57.4,Bpos:361.5,Bstd:636.4,StrandBias:-0.0,Multiplicity:1.67
0.503	0.216	0.043	0.238
0.443	0.247	0.064	0.247
0.293	0.489	0.169	0.048
0.335	0.556	0.108	0.001
0.509	0.406	0.020	0.065
0.599	0.313	0.001	0.087
0.551	0.253	0.050	0.146
0.388	0.381	0.129	0.102
0.484	0.343	0.060	0.113
0.527	0.229	0.007	0.237
>WWAAWDVAAW	6-WWAAWDVAAW	3.480867	-1142.029015	0	T:18898.0(98.16%),B:47987.8(88.00%),P:1e-495	Tpos:100.5,Tstd:56.8,Bpos:385.6,Bstd:653.4,StrandBias:-0.0,Multiplicity:1.72
0.400	0.103	0.166	0.331
0.435	0.102	0.167	0.296
0.589	0.001	0.271	0.139
0.466	0.055	0.168	0.311
0.467	0.001	0.157	0.375
0.365	0.083	0.227	0.325
0.394	0.278	0.326	0.001
0.607	0.170	0.222	0.001
0.675	0.001	0.065	0.259
0.444	0.060	0.148	0.348
>HCTCTCTTTN	7-HCTCTCTTTN	2.673362	-1127.821980	0	T:19225.0(99.86%),B:50523.1(92.65%),P:1e-489	Tpos:100.4,Tstd:55.8,Bpos:316.0,Bstd:577.1,StrandBias:-0.0,Multiplicity:1.72
0.351	0.203	0.147	0.299
0.136	0.586	0.133	0.145
0.254	0.062	0.020	0.664
0.155	0.678	0.076	0.091
0.275	0.056	0.029	0.640
0.110	0.494	0.092	0.304
0.222	0.066	0.016	0.696
0.166	0.184	0.067	0.583
0.144	0.094	0.067	0.695
0.258	0.326	0.226	0.190
>WWTTTTTTTT	8-WWTTTTTTTT	3.555554	-1125.310519	0	T:18258.0(94.84%),B:44706.3(81.98%),P:1e-488	Tpos:99.5,Tstd:57.1,Bpos:425.3,Bstd:688.4,StrandBias:0.1,Multiplicity:1.69
0.389	0.081	0.096	0.434
0.345	0.092	0.112	0.451
0.305	0.109	0.128	0.458
0.283	0.113	0.159	0.446
0.173	0.118	0.188	0.521
0.179	0.110	0.185	0.526
0.149	0.075	0.165	0.611
0.001	0.071	0.164	0.764
0.001	0.074	0.212	0.713
0.279	0.093	0.125	0.503
>TWWWWSWTNN	9-TWWWWSWTNN	3.155797	-1062.872411	0	T:19088.0(99.15%),B:49525.3(90.82%),P:1e-461	Tpos:99.7,Tstd:57.4,Bpos:384.1,Bstd:642.7,StrandBias:-0.0,Multiplicity:1.68
0.144	0.227	0.170	0.459
0.349	0.142	0.089	0.420
0.360	0.133	0.137	0.370
0.437	0.093	0.067	0.403
0.382	0.055	0.067	0.497
0.001	0.497	0.501	0.001
0.502	0.042	0.019	0.437
0.363	0.057	0.065	0.515
0.250	0.240	0.268	0.241
0.301	0.220	0.216	0.264
>KCACTCGACC	10-KCACTCGACC	-3.447745	-889.984160	0	T:12987.0(67.46%),B:27301.8(50.06%),P:1e-386	Tpos:100.0,Tstd:55.3,Bpos:370.2,Bstd:646.0,StrandBias:0.0,Multiplicity:1.84
0.127	0.180	0.359	0.335
0.001	0.594	0.034	0.371
0.997	0.001	0.001	0.001
0.001	0.997	0.001	0.001
0.001	0.048	0.001	0.950
0.001	0.925	0.073	0.001
0.001	0.001	0.997	0.001
0.921	0.001	0.077	0.001
0.001	0.665	0.001	0.333
0.001	0.843	0.001	0.155
>GATTTTAAAA	11-GATTTTAAAA	0.000000	-66.935813	0	T:19252.0(100.00%),B:54312.3(99.59%),P:1e-29
0.100	0.100	0.700	0.100
0.700	0.100	0.100	0.100
0.100	0.100	0.100	0.700
0.100	0.100	0.100	0.700
0.100	0.100	0.100	0.700
0.100	0.100	0.100	0.700
0.700	0.100	0.100	0.100
0.700	0.100	0.100	0.100
0.700	0.100	0.100	0.100
0.700	0.100	0.100	0.100
>TCTGTCTCTC	12-TCTGTCTCTC	0.000000	-53.287322	0	T:19252.0(100.00%),B:54357.7(99.68%),P:1e-23
0.100	0.100	0.100	0.700
0.100	0.700	0.100	0.100
0.100	0.100	0.100	0.700
0.100	0.100	0.700	0.100
0.100	0.100	0.100	0.700
0.100	0.700	0.100	0.100
0.100	0.100	0.100	0.700
0.100	0.700	0.100	0.100
0.100	0.100	0.100	0.700
0.100	0.700	0.100	0.100
>ATAATAATGA	13-ATAATAATGA	0.000000	-51.771424	0	T:19252.0(100.00%),B:54362.9(99.69%),P:1e-22
0.700	0.100	0.100	0.100
0.100	0.100	0.100	0.700
0.700	0.100	0.100	0.100
0.700	0.100	0.100	0.100
0.100	0.100	0.100	0.700
0.700	0.100	0.100	0.100
0.700	0.100	0.100	0.100
0.100	0.100	0.100	0.700
0.100	0.100	0.700	0.100
0.700	0.100	0.100	0.100
>TAAAAATACA	14-TAAAAATACA	0.000000	-43.587657	0	T:19252.0(100.00%),B:54389.3(99.74%),P:1e-18
0.100	0.100	0.100	0.700
0.700	0.100	0.100	0.100
0.700	0.100	0.100	0.100
0.700	0.100	0.100	0.100
0.700	0.100	0.100	0.100
0.700	0.100	0.100	0.100
0.100	0.100	0.100	0.700
0.700	0.100	0.100	0.100
0.100	0.700	0.100	0.100
0.700	0.100	0.100	0.100
>TACTTTTAAA	15-TACTTTTAAA	0.000000	-42.981591	0	T:19252.0(100.00%),B:54391.0(99.74%),P:1e-18
0.100	0.100	0.100	0.700
0.700	0.100	0.100	0.100
0.100	0.700	0.100	0.100
0.100	0.100	0.100	0.700
0.100	0.100	0.100	0.700
0.100	0.100	0.100	0.700
0.100	0.100	0.100	0.700
0.700	0.100	0.100	0.100
0.700	0.100	0.100	0.100
0.700	0.100	0.100	0.100
>TATTCAAAAT	16-TATTCAAAAT	0.000000	-38.436712	0	T:19252.0(100.00%),B:54406.5(99.77%),P:1e-16
0.100	0.100	0.100	0.700
0.700	0.100	0.100	0.100
0.100	0.100	0.100	0.700
0.100	0.100	0.100	0.700
0.100	0.700	0.100	0.100
0.700	0.100	0.100	0.100
0.700	0.100	0.100	0.100
0.700	0.100	0.100	0.100
0.700	0.100	0.100	0.100
0.100	0.100	0.100	0.700
>CCATTAAAAA	17-CCATTAAAAA	0.000000	-29.653010	0	T:19252.0(100.00%),B:54435.8(99.82%),P:1e-12
0.100	0.700	0.100	0.100
0.100	0.700	0.100	0.100
0.700	0.100	0.100	0.100
0.100	0.100	0.100	0.700
0.100	0.100	0.100	0.700
0.700	0.100	0.100	0.100
0.700	0.100	0.100	0.100
0.700	0.100	0.100	0.100
0.700	0.100	0.100	0.100
0.700	0.100	0.100	0.100
>TTTGAGAGAG	18-TTTGAGAGAG	0.000000	-25.414047	0	T:19252.0(100.00%),B:54449.4(99.85%),P:1e-11
0.100	0.100	0.100	0.700
0.100	0.100	0.100	0.700
0.100	0.100	0.100	0.700
0.100	0.100	0.700	0.100
0.700	0.100	0.100	0.100
0.100	0.100	0.700	0.100
0.700	0.100	0.100	0.100
0.100	0.100	0.700	0.100
0.700	0.100	0.100	0.100
0.100	0.100	0.700	0.100
>TTTGTTTTCA	19-TTTGTTTTCA	0.000000	-23.597636	0	T:19252.0(100.00%),B:54455.0(99.86%),P:1e-10
0.100	0.100	0.100	0.700
0.100	0.100	0.100	0.700
0.100	0.100	0.100	0.700
0.100	0.100	0.700	0.100
0.100	0.100	0.100	0.700
0.100	0.100	0.100	0.700
0.100	0.100	0.100	0.700
0.100	0.100	0.100	0.700
0.100	0.700	0.100	0.100
0.700	0.100	0.100	0.100
>CTTTGAGAAG	20-CTTTGAGAAG	0.000000	-19.057365	0	T:19252.0(100.00%),B:54470.6(99.88%),P:1e-8
0.100	0.700	0.100	0.100
0.100	0.100	0.100	0.700
0.100	0.100	0.100	0.700
0.100	0.100	0.100	0.700
0.100	0.100	0.700	0.100
0.700	0.100	0.100	0.100
0.100	0.100	0.700	0.100
0.700	0.100	0.100	0.100
0.700	0.100	0.100	0.100
0.100	0.100	0.700	0.100
>CTTTTTTGCT	21-CTTTTTTGCT	0.000000	-14.518173	0	T:19252.0(100.00%),B:54485.8(99.91%),P:1e-6
0.100	0.700	0.100	0.100
0.100	0.100	0.100	0.700
0.100	0.100	0.100	0.700
0.100	0.100	0.100	0.700
0.100	0.100	0.100	0.700
0.100	0.100	0.100	0.700
0.100	0.100	0.100	0.700
0.100	0.100	0.700	0.100
0.100	0.700	0.100	0.100
0.100	0.100	0.100	0.700
>TTTCTCTTAA	22-TTTCTCTTAA	0.000000	-13.913029	0	T:19252.0(100.00%),B:54487.1(99.92%),P:1e-6
0.100	0.100	0.100	0.700
0.100	0.100	0.100	0.700
0.100	0.100	0.100	0.700
0.100	0.700	0.100	0.100
0.100	0.100	0.100	0.700
0.100	0.700	0.100	0.100
0.100	0.100	0.100	0.700
0.100	0.100	0.100	0.700
0.700	0.100	0.100	0.100
0.700	0.100	0.100	0.100
>CTTCTTCTCT	23-CTTCTTCTCT	0.566642	-11.492644	0	T:19252.0(100.00%),B:54495.5(99.93%),P:1e-4	Tpos:100.0,Tstd:57.2,Bpos:313.4,Bstd:584.2,StrandBias:-0.0,Multiplicity:2.64
0.100	0.700	0.100	0.100
0.100	0.100	0.100	0.700
0.100	0.100	0.100	0.700
0.100	0.700	0.100	0.100
0.100	0.100	0.100	0.700
0.100	0.100	0.100	0.700
0.100	0.700	0.100	0.100
0.100	0.100	0.100	0.700
0.100	0.700	0.100	0.100
0.100	0.100	0.100	0.700
>AAAAATTCAA	24-AAAAATTCAA	-3.325178	0.000000	0	T:19252.0(100.00%),B:54533.4(100.00%),P:1e0	Tpos:100.0,Tstd:59.3,Bpos:387.8,Bstd:658.9,StrandBias:-0.0,Multiplicity:1.61
0.700	0.100	0.100	0.100
0.700	0.100	0.100	0.100
0.700	0.100	0.100	0.100
0.700	0.100	0.100	0.100
0.700	0.100	0.100	0.100
0.100	0.100	0.100	0.700
0.100	0.100	0.100	0.700
0.100	0.700	0.100	0.100
0.700	0.100	0.100	0.100
0.700	0.100	0.100	0.100
>GTTGCAARAV	25-GTTGCAARAV	-17.196532	0.000000	0	T:19252.0(100.00%),B:54533.4(100.00%),P:1e0	Tpos:102.1,Tstd:58.1,Bpos:324.5,Bstd:583.0,StrandBias:-0.0,Multiplicity:1.08
0.001	0.251	0.477	0.272
0.001	0.118	0.041	0.840
0.001	0.081	0.001	0.917
0.001	0.205	0.633	0.161
0.003	0.597	0.285	0.115
0.879	0.077	0.043	0.001
0.997	0.001	0.001	0.001
0.364	0.154	0.482	0.001
0.533	0.154	0.272	0.041
0.308	0.379	0.236	0.077
>DWGAGATGAGAD	1-DWGAGATGAGAD	3.358351	-1668.288140	0	T:19166.0(99.55%),B:48213.1(88.41%),P:1e-724	Tpos:100.2,Tstd:56.8,Bpos:374.5,Bstd:639.2,StrandBias:0.0,Multiplicity:1.70
0.335	0.146	0.256	0.263
0.456	0.001	0.184	0.359
0.202	0.160	0.508	0.130
0.628	0.001	0.001	0.370
0.210	0.042	0.462	0.286
0.628	0.008	0.362	0.002
0.337	0.001	0.160	0.502
0.134	0.199	0.666	0.001
0.670	0.001	0.001	0.328
0.146	0.215	0.419	0.220
0.496	0.001	0.262	0.241
0.294	0.120	0.255	0.331
>TTTCTTTTTCTT	2-TTTCTTTTTCTT	4.571791	-1569.459199	0	T:18499.0(96.09%),B:44210.0(81.07%),P:1e-681	Tpos:100.5,Tstd:55.6,Bpos:324.8,Bstd:589.0,StrandBias:0.0,Multiplicity:1.94
0.100	0.100	0.100	0.700
0.100	0.100	0.100	0.700
0.100	0.100	0.100	0.700
0.100	0.700	0.100	0.100
0.100	0.100	0.100	0.700
0.100	0.100	0.100	0.700
0.100	0.100	0.100	0.700
0.100	0.100	0.100	0.700
0.100	0.100	0.100	0.700
0.100	0.700	0.100	0.100
0.100	0.100	0.100	0.700
0.100	0.100	0.100	0.700
>ACTAACCAARCT	3-ACTAACCAARCT	5.010893	-1488.554116	0	T:15073.0(78.29%),B:30967.7(56.79%),P:1e-646	Tpos:99.7,Tstd:56.0,Bpos:547.3,Bstd:762.3,StrandBias:0.0,Multiplicity:1.96
0.728	0.079	0.056	0.137
0.261	0.467	0.097	0.176
0.257	0.107	0.060	0.576
0.709	0.098	0.062	0.131
0.754	0.046	0.062	0.138
0.275	0.447	0.095	0.182
0.304	0.467	0.093	0.136
0.846	0.046	0.026	0.082
0.797	0.040	0.040	0.123
0.291	0.099	0.392	0.217
0.272	0.441	0.086	0.201
0.191	0.078	0.047	0.684
>DTTWRAAWTTTD	4-DTTWRAAWTTTD	3.679961	-1431.845440	0	T:18494.0(96.06%),B:44683.3(81.94%),P:1e-621	Tpos:99.6,Tstd:57.1,Bpos:432.7,Bstd:690.5,StrandBias:0.0,Multiplicity:1.81
0.311	0.170	0.190	0.329
0.288	0.028	0.070	0.614
0.255	0.041	0.172	0.532
0.303	0.025	0.226	0.447
0.356	0.081	0.358	0.204
0.575	0.001	0.423	0.001
0.498	0.162	0.338	0.001
0.344	0.135	0.181	0.340
0.239	0.095	0.130	0.536
0.153	0.076	0.038	0.733
0.192	0.016	0.188	0.604
0.281	0.138	0.260	0.321
>WAAAAAAAAAAW	5-WAAAAAAAAAAW	3.975663	-1296.253317	0	T:16372.0(85.04%),B:36329.1(66.62%),P:1e-562	Tpos:100.2,Tstd:57.4,Bpos:595.7,Bstd:788.3,StrandBias:0.0,Multiplicity:1.97
0.425	0.136	0.101	0.338
0.580	0.084	0.078	0.258
0.609	0.085	0.080	0.226
0.573	0.079	0.085	0.263
0.525	0.090	0.118	0.267
0.578	0.083	0.078	0.261
0.566	0.092	0.079	0.263
0.538	0.095	0.077	0.290
0.572	0.094	0.084	0.250
0.609	0.084	0.075	0.232
0.592	0.075	0.076	0.257
0.456	0.105	0.110	0.330
>CYACTCGAYCWC	6-CYACTCGAYCWC	-0.739957	-1242.253783	0	T:14504.0(75.34%),B:30210.7(55.40%),P:1e-539	Tpos:99.5,Tstd:54.9,Bpos:415.6,Bstd:682.6,StrandBias:-0.0,Multiplicity:1.69
0.197	0.408	0.161	0.234
0.106	0.375	0.001	0.518
0.997	0.001	0.001	0.001
0.001	0.997	0.001	0.001
0.035	0.017	0.001	0.947
0.035	0.963	0.001	0.001
0.088	0.001	0.910	0.001
0.822	0.001	0.176	0.001
0.001	0.430	0.053	0.516
0.001	0.626	0.053	0.320
0.375	0.108	0.180	0.337
0.161	0.590	0.018	0.231
>TTTGBCCMAAWW	7-TTTGBCCMAAWW	1.607144	-957.939602	0	T:19228.0(99.88%),B:51099.9(93.70%),P:1e-416	Tpos:100.6,Tstd:57.5,Bpos:379.1,Bstd:641.8,StrandBias:-0.0,Multiplicity:1.66
0.084	0.234	0.066	0.616
0.031	0.001	0.001	0.967
0.241	0.017	0.158	0.584
0.109	0.074	0.643	0.174
0.131	0.289	0.324	0.256
0.151	0.504	0.084	0.261
0.144	0.473	0.287	0.097
0.362	0.361	0.155	0.121
0.901	0.001	0.001	0.097
0.583	0.019	0.025	0.373
0.378	0.128	0.158	0.337
0.328	0.030	0.212	0.431
>GTGTCGATCGAC	8-GTGTCGATCGAC	3.067714	-936.583091	0	T:13034.0(67.70%),B:27189.8(49.86%),P:1e-406	Tpos:100.0,Tstd:54.8,Bpos:430.2,Bstd:688.4,StrandBias:-0.0,Multiplicity:1.63
0.155	0.081	0.615	0.149
0.103	0.011	0.046	0.840
0.190	0.046	0.672	0.092
0.109	0.023	0.011	0.857
0.063	0.690	0.103	0.144
0.167	0.012	0.798	0.023
0.706	0.041	0.132	0.121
0.154	0.081	0.063	0.702
0.057	0.771	0.063	0.109
0.149	0.057	0.691	0.103
0.805	0.006	0.080	0.109
0.080	0.684	0.074	0.162
>TGTTACTCGACC	9-TGTTACTCGACC	0.000000	-239.441340	0	T:19252.0(100.00%),B:53746.6(98.56%),P:1e-103
0.100	0.100	0.100	0.700
0.100	0.100	0.700	0.100
0.100	0.100	0.100	0.700
0.100	0.100	0.100	0.700
0.700	0.100	0.100	0.100
0.100	0.700	0.100	0.100
0.100	0.100	0.100	0.700
0.100	0.700	0.100	0.100
0.100	0.100	0.700	0.100
0.700	0.100	0.100	0.100
0.100	0.700	0.100	0.100
0.100	0.700	0.100	0.100
>AAGAGAGAGAGA	10-AAGAGAGAGAGA	0.000000	-231.176799	0	T:19252.0(100.00%),B:53773.7(98.61%),P:1e-100
0.700	0.100	0.100	0.100
0.700	0.100	0.100	0.100
0.100	0.100	0.700	0.100
0.700	0.100	0.100	0.100
0.100	0.100	0.700	0.100
0.700	0.100	0.100	0.100
0.100	0.100	0.700	0.100
0.700	0.100	0.100	0.100
0.100	0.100	0.700	0.100
0.700	0.100	0.100	0.100
0.100	0.100	0.700	0.100
0.700	0.100	0.100	0.100
>CTTCTTCTTCTT	11-CTTCTTCTTCTT	0.000000	-146.594596	0	T:19252.0(100.00%),B:54050.5(99.11%),P:1e-63
0.100	0.700	0.100	0.100
0.100	0.100	0.100	0.700
0.100	0.100	0.100	0.700
0.100	0.700	0.100	0.100
0.100	0.100	0.100	0.700
0.100	0.100	0.100	0.700
0.100	0.700	0.100	0.100
0.100	0.100	0.100	0.700
0.100	0.100	0.100	0.700
0.100	0.700	0.100	0.100
0.100	0.100	0.100	0.700
0.100	0.100	0.100	0.700
>TTTGTTTTTCTT	12-TTTGTTTTTCTT	0.000000	-142.329609	0	T:19252.0(100.00%),B:54064.7(99.14%),P:1e-61
0.100	0.100	0.100	0.700
0.100	0.100	0.100	0.700
0.100	0.100	0.100	0.700
0.100	0.100	0.700	0.100
0.100	0.100	0.100	0.700
0.100	0.100	0.100	0.700
0.100	0.100	0.100	0.700
0.100	0.100	0.100	0.700
0.100	0.100	0.100	0.700
0.100	0.700	0.100	0.100
0.100	0.100	0.100	0.700
0.100	0.100	0.100	0.700
>GGAAGAAGAAGA	13-GGAAGAAGAAGA	0.679971	-141.720403	0	T:19252.0(100.00%),B:54066.2(99.14%),P:1e-61	Tpos:99.9,Tstd:57.0,Bpos:311.1,Bstd:582.8,StrandBias:0.0,Multiplicity:2.08
0.100	0.100	0.700	0.100
0.100	0.100	0.700	0.100
0.700	0.100	0.100	0.100
0.700	0.100	0.100	0.100
0.100	0.100	0.700	0.100
0.700	0.100	0.100	0.100
0.700	0.100	0.100	0.100
0.100	0.100	0.700	0.100
0.700	0.100	0.100	0.100
0.700	0.100	0.100	0.100
0.100	0.100	0.700	0.100
0.700	0.100	0.100	0.100
>CTCTTCTTCTTC	14-CTCTTCTTCTTC	0.000000	-140.806631	0	T:19252.0(100.00%),B:54069.1(99.15%),P:1e-61
0.100	0.700	0.100	0.100
0.100	0.100	0.100	0.700
0.100	0.700	0.100	0.100
0.100	0.100	0.100	0.700
0.100	0.100	0.100	0.700
0.100	0.700	0.100	0.100
0.100	0.100	0.100	0.700
0.100	0.100	0.100	0.700
0.100	0.700	0.100	0.100
0.100	0.100	0.100	0.700
0.100	0.100	0.100	0.700
0.100	0.700	0.100	0.100
>AAGAAATAAAAA	15-AAGAAATAAAAA	0.000000	-137.151977	0	T:19252.0(100.00%),B:54081.2(99.17%),P:1e-59
0.700	0.100	0.100	0.100
0.700	0.100	0.100	0.100
0.100	0.100	0.700	0.100
0.700	0.100	0.100	0.100
0.700	0.100	0.100	0.100
0.700	0.100	0.100	0.100
0.100	0.100	0.100	0.700
0.700	0.100	0.100	0.100
0.700	0.100	0.100	0.100
0.700	0.100	0.100	0.100
0.700	0.100	0.100	0.100
0.700	0.100	0.100	0.100
>TAACCAAGCTTC	16-TAACCAAGCTTC	0.000000	-115.847085	0	T:19252.0(100.00%),B:54151.6(99.30%),P:1e-50
0.100	0.100	0.100	0.700
0.700	0.100	0.100	0.100
0.700	0.100	0.100	0.100
0.100	0.700	0.100	0.100
0.100	0.700	0.100	0.100
0.700	0.100	0.100	0.100
0.700	0.100	0.100	0.100
0.100	0.100	0.700	0.100
0.100	0.700	0.100	0.100
0.100	0.100	0.100	0.700
0.100	0.100	0.100	0.700
0.100	0.700	0.100	0.100
>TAGAGAGAGAAA	17-TAGAGAGAGAAA	0.000000	-111.588957	0	T:19252.0(100.00%),B:54165.4(99.33%),P:1e-48
0.100	0.100	0.100	0.700
0.700	0.100	0.100	0.100
0.100	0.100	0.700	0.100
0.700	0.100	0.100	0.100
0.100	0.100	0.700	0.100
0.700	0.100	0.100	0.100
0.100	0.100	0.700	0.100
0.700	0.100	0.100	0.100
0.100	0.100	0.700	0.100
0.700	0.100	0.100	0.100
0.700	0.100	0.100	0.100
0.700	0.100	0.100	0.100
>ATAAGTGTTGTC	18-ATAAGTGTTGTC	0.000000	-111.588957	0	T:19252.0(100.00%),B:54165.0(99.32%),P:1e-48
0.700	0.100	0.100	0.100
0.100	0.100	0.100	0.700
0.700	0.100	0.100	0.100
0.700	0.100	0.100	0.100
0.100	0.100	0.700	0.100
0.100	0.100	0.100	0.700
0.100	0.100	0.700	0.100
0.100	0.100	0.100	0.700
0.100	0.100	0.100	0.700
0.100	0.100	0.700	0.100
0.100	0.100	0.100	0.700
0.100	0.700	0.100	0.100
>CAAAAACCCTAA	19-CAAAAACCCTAA	0.000000	-110.980730	0	T:19252.0(100.00%),B:54167.0(99.33%),P:1e-48
0.100	0.700	0.100	0.100
0.700	0.100	0.100	0.100
0.700	0.100	0.100	0.100
0.700	0.100	0.100	0.100
0.700	0.100	0.100	0.100
0.700	0.100	0.100	0.100
0.100	0.700	0.100	0.100
0.100	0.700	0.100	0.100
0.100	0.700	0.100	0.100
0.100	0.100	0.100	0.700
0.700	0.100	0.100	0.100
0.700	0.100	0.100	0.100
>GTGATGACAAAT	20-GTGATGACAAAT	0.000000	-80.594062	0	T:19252.0(100.00%),B:54267.7(99.51%),P:1e-35
0.100	0.100	0.700	0.100
0.100	0.100	0.100	0.700
0.100	0.100	0.700	0.100
0.700	0.100	0.100	0.100
0.100	0.100	0.100	0.700
0.100	0.100	0.700	0.100
0.700	0.100	0.100	0.100
0.100	0.700	0.100	0.100
0.700	0.100	0.100	0.100
0.700	0.100	0.100	0.100
0.700	0.100	0.100	0.100
0.100	0.100	0.100	0.700
>TATTTGACTCCA	21-TATTTGACTCCA	0.000000	-78.468804	0	T:19252.0(100.00%),B:54274.5(99.53%),P:1e-34
0.100	0.100	0.100	0.700
0.700	0.100	0.100	0.100
0.100	0.100	0.100	0.700
0.100	0.100	0.100	0.700
0.100	0.100	0.100	0.700
0.100	0.100	0.700	0.100
0.700	0.100	0.100	0.100
0.100	0.700	0.100	0.100
0.100	0.100	0.100	0.700
0.100	0.700	0.100	0.100
0.100	0.700	0.100	0.100
0.700	0.100	0.100	0.100
>ACTACAAGAAAA	22-ACTACAAGAAAA	0.000000	-73.308447	0	T:19252.0(100.00%),B:54292.0(99.56%),P:1e-31
0.700	0.100	0.100	0.100
0.100	0.700	0.100	0.100
0.100	0.100	0.100	0.700
0.700	0.100	0.100	0.100
0.100	0.700	0.100	0.100
0.700	0.100	0.100	0.100
0.700	0.100	0.100	0.100
0.100	0.100	0.700	0.100
0.700	0.100	0.100	0.100
0.700	0.100	0.100	0.100
0.700	0.100	0.100	0.100
0.700	0.100	0.100	0.100
>TTTGAGAAGCAA	23-TTTGAGAAGCAA	0.000000	-65.115451	0	T:19252.0(100.00%),B:54318.1(99.61%),P:1e-28
0.100	0.100	0.100	0.700
0.100	0.100	0.100	0.700
0.100	0.100	0.100	0.700
0.100	0.100	0.700	0.100
0.700	0.100	0.100	0.100
0.100	0.100	0.700	0.100
0.700	0.100	0.100	0.100
0.700	0.100	0.100	0.100
0.100	0.100	0.700	0.100
0.100	0.700	0.100	0.100
0.700	0.100	0.100	0.100
0.700	0.100	0.100	0.100
>NDDDSDWTDCWD	24-NDDDSDWTDCWD	-7.310646	0.000000	0	T:19252.0(100.00%),B:54533.4(100.00%),P:1e0	Tpos:100.3,Tstd:59.1,Bpos:376.5,Bstd:649.0,StrandBias:-0.0,Multiplicity:1.59
0.256	0.263	0.241	0.240
0.369	0.001	0.253	0.378
0.296	0.001	0.305	0.398
0.283	0.001	0.345	0.371
0.177	0.447	0.376	0.001
0.275	0.001	0.304	0.421
0.341	0.001	0.252	0.406
0.206	0.002	0.318	0.474
0.277	0.001	0.382	0.339
0.001	0.599	0.399	0.001
0.451	0.001	0.001	0.547
0.312	0.032	0.308	0.348
>CMSMGASAGDGT	25-CMSMGASAGDGT	-41.732850	0.000000	0	T:19252.0(100.00%),B:54533.4(100.00%),P:1e0	Tpos:101.5,Tstd:59.9,Bpos:340.7,Bstd:620.5,StrandBias:-0.0,Multiplicity:1.16
0.001	0.727	0.001	0.271
0.430	0.341	0.163	0.067
0.001	0.492	0.506	0.001
0.480	0.448	0.067	0.005
0.001	0.218	0.648	0.133
0.997	0.001	0.001	0.001
0.001	0.566	0.432	0.001
0.932	0.066	0.001	0.001
0.001	0.001	0.777	0.221
0.289	0.089	0.334	0.289
0.001	0.362	0.636	0.001
0.001	0.072	0.278	0.649
>TCAAWNWN	1-TCAAWNWN	0.291218	-1926.713499	0	T:17843.0(92.68%),B:39743.5(72.88%),P:1e-836	Tpos:99.9,Tstd:57.1,Bpos:411.5,Bstd:673.5,StrandBias:-0.0,Multiplicity:1.64
0.001	0.001	0.001	0.997
0.001	0.997	0.001	0.001
0.997	0.001	0.001	0.001
0.997	0.001	0.001	0.001
0.395	0.185	0.001	0.419
0.293	0.219	0.188	0.300
0.336	0.162	0.141	0.360
0.295	0.190	0.205	0.309
>WWSTCAAH	2-WWSTCAAH	4.261798	-1663.388987	0	T:16499.0(85.70%),B:35255.5(64.65%),P:1e-722	Tpos:99.2,Tstd:56.6,Bpos:455.5,Bstd:712.9,StrandBias:-0.0,Multiplicity:1.67
0.427	0.115	0.176	0.283
0.445	0.063	0.073	0.419
0.057	0.381	0.518	0.044
0.032	0.001	0.001	0.966
0.001	0.968	0.016	0.015
0.689	0.090	0.150	0.071
0.938	0.014	0.018	0.030
0.378	0.265	0.025	0.332
>CAAWWWTT	3-CAAWWWTT	4.865917	-1518.090380	0	T:16638.0(86.42%),B:36367.6(66.69%),P:1e-659	Tpos:100.6,Tstd:56.7,Bpos:502.4,Bstd:733.9,StrandBias:-0.0,Multiplicity:1.79
0.001	0.997	0.001	0.001
0.997	0.001	0.001	0.001
0.997	0.001	0.001	0.001
0.343	0.186	0.001	0.470
0.378	0.183	0.046	0.393
0.331	0.089	0.121	0.460
0.214	0.143	0.089	0.554
0.282	0.116	0.105	0.497
>WAAWWWTT	4-WAAWWWTT	0.669484	-1296.146608	0	T:16589.0(86.17%),B:37129.8(68.09%),P:1e-562	Tpos:100.0,Tstd:57.8,Bpos:597.0,Bstd:791.0,StrandBias:-0.0,Multiplicity:2.16
0.479	0.001	0.188	0.332
0.575	0.001	0.001	0.423
0.600	0.001	0.001	0.398
0.525	0.001	0.001	0.473
0.521	0.001	0.001	0.477
0.466	0.001	0.001	0.532
0.001	0.001	0.001	0.997
0.001	0.001	0.001	0.997
>VGTTGACT	5-VGTTGACT	1.008707	-1239.999374	0	T:13627.0(70.78%),B:27472.0(50.38%),P:1e-538	Tpos:99.4,Tstd:55.4,Bpos:409.1,Bstd:679.1,StrandBias:0.0,Multiplicity:1.83
0.324	0.279	0.396	0.001
0.198	0.001	0.608	0.193
0.001	0.001	0.001	0.997
0.001	0.202	0.001	0.796
0.001	0.001	0.997	0.001
0.997	0.001	0.001	0.001
0.001	0.993	0.005	0.001
0.197	0.002	0.001	0.800
>WTTTTWWW	6-WTTTTWWW	3.517125	-1223.608560	0	T:17845.0(92.69%),B:42448.1(77.84%),P:1e-531	Tpos:100.4,Tstd:57.6,Bpos:512.1,Bstd:741.1,StrandBias:0.0,Multiplicity:1.82
0.417	0.032	0.012	0.539
0.308	0.067	0.057	0.568
0.340	0.039	0.086	0.535
0.124	0.036	0.105	0.735
0.306	0.082	0.135	0.477
0.346	0.111	0.143	0.400
0.358	0.080	0.131	0.431
0.377	0.132	0.099	0.392
>WTTTTTTW	7-WTTTTTTW	2.455949	-842.634532	0	T:18744.0(97.36%),B:48244.7(88.47%),P:1e-365	Tpos:100.0,Tstd:57.5,Bpos:469.4,Bstd:713.4,StrandBias:0.0,Multiplicity:1.67
0.392	0.123	0.166	0.319
0.258	0.124	0.166	0.452
0.267	0.075	0.177	0.482
0.249	0.099	0.199	0.452
0.305	0.050	0.135	0.510
0.304	0.043	0.136	0.517
0.254	0.137	0.158	0.451
0.385	0.105	0.176	0.335
>AAACCCAA	8-AAACCCAA	2.144220	-748.748081	0	T:19247.0(99.97%),B:52016.4(95.38%),P:1e-325	Tpos:99.8,Tstd:57.2,Bpos:362.2,Bstd:631.0,StrandBias:-0.0,Multiplicity:1.80
0.419	0.187	0.160	0.235
0.549	0.164	0.082	0.205
0.482	0.183	0.107	0.228
0.164	0.502	0.185	0.149
0.219	0.464	0.153	0.164
0.173	0.489	0.142	0.195
0.561	0.167	0.047	0.225
0.468	0.177	0.052	0.302
>WTTHWTTW	9-WTTHWTTW	2.308557	-723.001152	0	T:19024.0(98.82%),B:50296.3(92.23%),P:1e-313	Tpos:100.6,Tstd:57.4,Bpos:393.9,Bstd:658.3,StrandBias:-0.0,Multiplicity:1.71
0.408	0.082	0.083	0.426
0.203	0.153	0.103	0.541
0.278	0.134	0.142	0.446
0.275	0.209	0.160	0.356
0.282	0.122	0.177	0.419
0.239	0.135	0.151	0.475
0.191	0.174	0.133	0.502
0.335	0.154	0.164	0.347
>NNDVWWWW	10-NNDVWWWW	2.509373	-677.398906	0	T:19143.0(99.43%),B:51267.0(94.01%),P:1e-294	Tpos:99.9,Tstd:57.4,Bpos:415.1,Bstd:679.4,StrandBias:0.0,Multiplicity:1.69
0.280	0.232	0.174	0.313
0.289	0.164	0.261	0.286
0.341	0.154	0.206	0.298
0.243	0.327	0.301	0.129
0.501	0.001	0.063	0.435
0.445	0.004	0.124	0.427
0.416	0.001	0.087	0.497
0.388	0.086	0.185	0.341
>WAWWWRAA	11-WAWWWRAA	2.419052	-610.661325	0	T:19220.0(99.83%),B:52144.7(95.62%),P:1e-265	Tpos:99.4,Tstd:57.3,Bpos:370.3,Bstd:634.4,StrandBias:-0.0,Multiplicity:1.70
0.270	0.189	0.153	0.388
0.526	0.211	0.211	0.052
0.414	0.104	0.141	0.341
0.332	0.166	0.179	0.323
0.395	0.009	0.208	0.389
0.432	0.276	0.290	0.001
0.436	0.113	0.188	0.262
0.658	0.170	0.166	0.006
>AWGAGAGA	12-AWGAGAGA	2.019308	-600.705262	0	T:19251.0(99.99%),B:52557.3(96.38%),P:1e-260	Tpos:100.6,Tstd:56.5,Bpos:297.9,Bstd:563.0,StrandBias:0.0,Multiplicity:1.83
0.571	0.183	0.044	0.202
0.404	0.122	0.152	0.322
0.136	0.175	0.581	0.108
0.540	0.143	0.158	0.159
0.122	0.168	0.633	0.077
0.560	0.145	0.156	0.139
0.144	0.151	0.620	0.085
0.573	0.125	0.146	0.156
>WWTTWTSW	13-WWTTWTSW	2.346774	-561.743042	0	T:19240.0(99.94%),B:52524.4(96.32%),P:1e-243	Tpos:100.6,Tstd:57.5,Bpos:371.1,Bstd:642.0,StrandBias:0.0,Multiplicity:1.67
0.379	0.133	0.142	0.346
0.375	0.133	0.055	0.436
0.230	0.130	0.193	0.447
0.190	0.115	0.159	0.536
0.276	0.078	0.224	0.422
0.117	0.168	0.186	0.529
0.021	0.511	0.467	0.001
0.346	0.147	0.149	0.358
>BTTCAAAA	14-BTTCAAAA	5.444770	-481.032906	0	T:10208.0(53.02%),B:21894.5(40.15%),P:1e-208	Tpos:110.0,Tstd:51.6,Bpos:241.5,Bstd:425.5,StrandBias:-0.5,Multiplicity:1.00
0.001	0.298	0.333	0.368
0.286	0.001	0.166	0.547
0.001	0.362	0.001	0.636
0.143	0.631	0.225	0.001
0.517	0.172	0.310	0.001
0.511	0.178	0.310	0.001
0.997	0.001	0.001	0.001
0.660	0.001	0.001	0.338
>BNHAWCWH	15-BNHAWCWH	2.344363	-473.242102	0	T:19252.0(100.00%),B:52987.8(97.17%),P:1e-205	Tpos:100.5,Tstd:57.4,Bpos:340.5,Bstd:608.4,StrandBias:-0.0,Multiplicity:1.74
0.151	0.305	0.239	0.305
0.213	0.203	0.257	0.326
0.243	0.288	0.124	0.345
0.534	0.057	0.077	0.332
0.405	0.155	0.001	0.439
0.001	0.616	0.382	0.001
0.329	0.231	0.001	0.439
0.221	0.260	0.161	0.358
>TTCGCAAW	16-TTCGCAAW	6.388191	-183.741226	0	T:6356.0(33.01%),B:14078.5(25.82%),P:1e-79	Tpos:58.0,Tstd:50.0,Bpos:621.6,Bstd:896.9,StrandBias:1.6,Multiplicity:1.00
0.001	0.001	0.001	0.997
0.001	0.001	0.001	0.997
0.001	0.666	0.001	0.332
0.001	0.332	0.666	0.001
0.167	0.500	0.167	0.167
0.997	0.001	0.001	0.001
0.832	0.001	0.166	0.001
0.499	0.001	0.001	0.499
>HTTCVAAA	17-HTTCVAAA	6.672113	-29.695692	0	T:2777.0(14.42%),B:6732.9(12.35%),P:1e-12	Tpos:91.7,Tstd:69.1,Bpos:389.2,Bstd:750.6,StrandBias:1.0,Multiplicity:1.00
0.308	0.231	0.154	0.308
0.231	0.231	0.077	0.462
0.001	0.153	0.001	0.845
0.077	0.462	0.308	0.154
0.384	0.307	0.307	0.001
0.769	0.077	0.077	0.077
0.997	0.001	0.001	0.001
0.922	0.001	0.001	0.076
>TTYGAARA	18-TTYGAARA	9.682028	-15.875688	0	T:1886.0(9.80%),B:4664.7(8.55%),P:1e-6	Tpos:127.5,Tstd:14.5,Bpos:151.6,Bstd:77.6,StrandBias:-10.0,Multiplicity:1.00
0.001	0.001	0.001	0.997
0.001	0.001	0.001	0.997
0.001	0.499	0.001	0.499
0.001	0.001	0.997	0.001
0.997	0.001	0.001	0.001
0.997	0.001	0.001	0.001
0.499	0.001	0.499	0.001
0.997	0.001	0.001	0.001
>CACGTGTA	19-CACGTGTA	0.453314	-10.282566	0	T:19252.0(100.00%),B:54499.8(99.94%),P:1e-4	Tpos:99.0,Tstd:57.3,Bpos:340.6,Bstd:617.1,StrandBias:-0.0,Multiplicity:2.21
0.100	0.700	0.100	0.100
0.700	0.100	0.100	0.100
0.100	0.700	0.100	0.100
0.100	0.100	0.700	0.100
0.100	0.100	0.100	0.700
0.100	0.100	0.700	0.100
0.100	0.100	0.100	0.700
0.700	0.100	0.100	0.100
>CAATAATT	20-CAATAATT	0.000000	-7.560172	0	T:19252.0(100.00%),B:54508.2(99.95%),P:1e-3
0.100	0.700	0.100	0.100
0.700	0.100	0.100	0.100
0.700	0.100	0.100	0.100
0.100	0.100	0.100	0.700
0.700	0.100	0.100	0.100
0.700	0.100	0.100	0.100
0.100	0.100	0.100	0.700
0.100	0.100	0.100	0.700
>AAAATACA	21-AAAATACA	0.453314	-7.257707	0	T:19252.0(100.00%),B:54509.5(99.96%),P:1e-3	Tpos:196.0,Tstd:0.0,Bpos:92.9,Bstd:49.8,StrandBias:-10.0,Multiplicity:1.00
0.700	0.100	0.100	0.100
0.700	0.100	0.100	0.100
0.700	0.100	0.100	0.100
0.700	0.100	0.100	0.100
0.100	0.100	0.100	0.700
0.700	0.100	0.100	0.100
0.100	0.700	0.100	0.100
0.700	0.100	0.100	0.100
>SBARVAAC	22-SBARVAAC	-0.454850	-1.511795	0	T:19252.0(100.00%),B:54528.0(99.99%),P:1e0	Tpos:100.2,Tstd:58.0,Bpos:334.0,Bstd:612.8,StrandBias:-0.0,Multiplicity:1.66
0.072	0.427	0.377	0.125
0.123	0.289	0.283	0.305
0.461	0.182	0.249	0.107
0.407	0.202	0.362	0.030
0.366	0.225	0.356	0.053
0.552	0.141	0.224	0.083
0.396	0.234	0.194	0.176
0.010	0.643	0.339	0.008
>WTTCAGAA	23-WTTCAGAA	7.739193	-1.454519	0	T:1601.0(8.32%),B:4442.2(8.15%),P:1e0	Tpos:66.0,Tstd:48.3,Bpos:1178.9,Bstd:1508.3,StrandBias:1.6,Multiplicity:1.00
0.503	0.090	0.001	0.406
0.001	0.001	0.001	0.997
0.045	0.226	0.045	0.684
0.090	0.729	0.180	0.001
0.774	0.090	0.135	0.001
0.090	0.226	0.683	0.001
0.997	0.001	0.001	0.001
0.997	0.001	0.001	0.001
>AGAAAACT	24-AGAAAACT	0.000000	-1.209426	0	T:19252.0(100.00%),B:54529.5(99.99%),P:1e0
0.700	0.100	0.100	0.100
0.100	0.100	0.700	0.100
0.700	0.100	0.100	0.100
0.700	0.100	0.100	0.100
0.700	0.100	0.100	0.100
0.700	0.100	0.100	0.100
0.100	0.700	0.100	0.100
0.100	0.100	0.100	0.700
>SNRWNNBT	25-SNRWNNBT	-10.186250	0.000000	0	T:19252.0(100.00%),B:54533.4(100.00%),P:1e0	Tpos:100.0,Tstd:60.1,Bpos:405.0,Bstd:669.3,StrandBias:0.0,Multiplicity:1.19
0.265	0.303	0.432	0.001
0.198	0.243	0.330	0.229
0.530	0.051	0.418	0.001
0.376	0.082	0.225	0.316
0.316	0.203	0.252	0.229
0.287	0.274	0.247	0.191
0.001	0.361	0.302	0.336
0.395	0.001	0.001	0.603
