>TGACHHNNNN	1-TGACHHNNNN	4.693603	-1561.404237	0	T:16739.0(86.95%),B:36574.0(67.07%),P:1e-678	Tpos:99.6,Tstd:56.1,Bpos:495.3,Bstd:729.1,StrandBias:0.0,Multiplicity:1.70
0.001	0.001	0.001	0.997
0.001	0.001	0.576	0.422
0.997	0.001	0.001	0.001
0.001	0.575	0.423	0.001
0.301	0.284	0.001	0.414
0.290	0.201	0.165	0.345
0.293	0.193	0.187	0.327
0.307	0.198	0.195	0.300
0.284	0.221	0.201	0.293
0.280	0.196	0.239	0.286
>WHDAGTCAAC	2-WHDAGTCAAC	3.260441	-1494.914925	0	T:14835.0(77.06%),B:30154.0(55.29%),P:1e-649	Tpos:99.5,Tstd:55.1,Bpos:445.3,Bstd:702.6,StrandBias:-0.0,Multiplicity:1.80
0.398	0.115	0.153	0.334
0.302	0.308	0.104	0.286
0.373	0.144	0.258	0.225
0.650	0.001	0.285	0.064
0.001	0.121	0.877	0.001
0.001	0.001	0.001	0.997
0.063	0.935	0.001	0.001
0.916	0.001	0.001	0.082
0.911	0.001	0.087	0.001
0.184	0.489	0.165	0.161
>TTTTWWWWAW	3-TTTTWWWWAW	-3.312962	-1302.326237	0	T:17025.0(88.43%),B:38760.1(71.08%),P:1e-565	Tpos:100.2,Tstd:57.9,Bpos:541.8,Bstd:756.5,StrandBias:-0.0,Multiplicity:1.82
0.171	0.001	0.001	0.827
0.001	0.001	0.001	0.997
0.001	0.001	0.001	0.997
0.382	0.001	0.001	0.616
0.436	0.001	0.001	0.562
0.458	0.001	0.001	0.540
0.568	0.001	0.001	0.430
0.550	0.001	0.001	0.448
0.579	0.001	0.001	0.419
0.469	0.001	0.001	0.529
>TAAAAWATTT	4-TAAAAWATTT	3.304121	-1286.037174	0	T:15300.0(79.47%),B:32623.8(59.82%),P:1e-558	Tpos:100.0,Tstd:57.0,Bpos:590.2,Bstd:783.7,StrandBias:0.0,Multiplicity:2.11
0.074	0.001	0.001	0.924
0.799	0.199	0.001	0.001
0.712	0.215	0.072	0.001
0.997	0.001	0.001	0.001
0.650	0.020	0.001	0.329
0.420	0.030	0.001	0.549
0.631	0.001	0.001	0.367
0.213	0.001	0.018	0.768
0.087	0.001	0.159	0.753
0.311	0.001	0.097	0.591
>AACCMAAMMA	5-AACCMAAMMA	2.254774	-1148.034781	0	T:19232.0(99.90%),B:50544.5(92.69%),P:1e-498	Tpos:98.9,Tstd:57.4,Bpos:361.5,Bstd:636.4,StrandBias:-0.0,Multiplicity:1.67
0.503	0.216	0.043	0.238
0.443	0.247	0.064	0.247
0.293	0.489	0.169	0.048
0.335	0.556	0.108	0.001
0.509	0.406	0.020	0.065
0.599	0.313	0.001	0.087
0.551	0.253	0.050	0.146
0.388	0.381	0.129	0.102
0.484	0.343	0.060	0.113
0.527	0.229	0.007	0.237
>WWAAWDVAAW	6-WWAAWDVAAW	3.480867	-1142.029015	0	T:18898.0(98.16%),B:47987.8(88.00%),P:1e-495	Tpos:100.5,Tstd:56.8,Bpos:385.6,Bstd:653.4,StrandBias:-0.0,Multiplicity:1.72
0.400	0.103	0.166	0.331
0.435	0.102	0.167	0.296
0.589	0.001	0.271	0.139
0.466	0.055	0.168	0.311
0.467	0.001	0.157	0.375
0.365	0.083	0.227	0.325
0.394	0.278	0.326	0.001
0.607	0.170	0.222	0.001
0.675	0.001	0.065	0.259
0.444	0.060	0.148	0.348
>HCTCTCTTTN	7-HCTCTCTTTN	2.673362	-1127.821980	0	T:19225.0(99.86%),B:50523.1(92.65%),P:1e-489	Tpos:100.4,Tstd:55.8,Bpos:316.0,Bstd:577.1,StrandBias:-0.0,Multiplicity:1.72
0.351	0.203	0.147	0.299
0.136	0.586	0.133	0.145
0.254	0.062	0.020	0.664
0.155	0.678	0.076	0.091
0.275	0.056	0.029	0.640
0.110	0.494	0.092	0.304
0.222	0.066	0.016	0.696
0.166	0.184	0.067	0.583
0.144	0.094	0.067	0.695
0.258	0.326	0.226	0.190
>WWTTTTTTTT	8-WWTTTTTTTT	3.555554	-1125.310519	0	T:18258.0(94.84%),B:44706.3(81.98%),P:1e-488	Tpos:99.5,Tstd:57.1,Bpos:425.3,Bstd:688.4,StrandBias:0.1,Multiplicity:1.69
0.389	0.081	0.096	0.434
0.345	0.092	0.112	0.451
0.305	0.109	0.128	0.458
0.283	0.113	0.159	0.446
0.173	0.118	0.188	0.521
0.179	0.110	0.185	0.526
0.149	0.075	0.165	0.611
0.001	0.071	0.164	0.764
0.001	0.074	0.212	0.713
0.279	0.093	0.125	0.503
>TWWWWSWTNN	9-TWWWWSWTNN	3.155797	-1062.872411	0	T:19088.0(99.15%),B:49525.3(90.82%),P:1e-461	Tpos:99.7,Tstd:57.4,Bpos:384.1,Bstd:642.7,StrandBias:-0.0,Multiplicity:1.68
0.144	0.227	0.170	0.459
0.349	0.142	0.089	0.420
0.360	0.133	0.137	0.370
0.437	0.093	0.067	0.403
0.382	0.055	0.067	0.497
0.001	0.497	0.501	0.001
0.502	0.042	0.019	0.437
0.363	0.057	0.065	0.515
0.250	0.240	0.268	0.241
0.301	0.220	0.216	0.264
>KCACTCGACC	10-KCACTCGACC	-3.447745	-889.984160	0	T:12987.0(67.46%),B:27301.8(50.06%),P:1e-386	Tpos:100.0,Tstd:55.3,Bpos:370.2,Bstd:646.0,StrandBias:0.0,Multiplicity:1.84
0.127	0.180	0.359	0.335
0.001	0.594	0.034	0.371
0.997	0.001	0.001	0.001
0.001	0.997	0.001	0.001
0.001	0.048	0.001	0.950
0.001	0.925	0.073	0.001
0.001	0.001	0.997	0.001
0.921	0.001	0.077	0.001
0.001	0.665	0.001	0.333
0.001	0.843	0.001	0.155
>GATTTTAAAA	11-GATTTTAAAA	0.000000	-66.935813	0	T:19252.0(100.00%),B:54312.3(99.59%),P:1e-29
0.100	0.100	0.700	0.100
0.700	0.100	0.100	0.100
0.100	0.100	0.100	0.700
0.100	0.100	0.100	0.700
0.100	0.100	0.100	0.700
0.100	0.100	0.100	0.700
0.700	0.100	0.100	0.100
0.700	0.100	0.100	0.100
0.700	0.100	0.100	0.100
0.700	0.100	0.100	0.100
>TCTGTCTCTC	12-TCTGTCTCTC	0.000000	-53.287322	0	T:19252.0(100.00%),B:54357.7(99.68%),P:1e-23
0.100	0.100	0.100	0.700
0.100	0.700	0.100	0.100
0.100	0.100	0.100	0.700
0.100	0.100	0.700	0.100
0.100	0.100	0.100	0.700
0.100	0.700	0.100	0.100
0.100	0.100	0.100	0.700
0.100	0.700	0.100	0.100
0.100	0.100	0.100	0.700
0.100	0.700	0.100	0.100
>ATAATAATGA	13-ATAATAATGA	0.000000	-51.771424	0	T:19252.0(100.00%),B:54362.9(99.69%),P:1e-22
0.700	0.100	0.100	0.100
0.100	0.100	0.100	0.700
0.700	0.100	0.100	0.100
0.700	0.100	0.100	0.100
0.100	0.100	0.100	0.700
0.700	0.100	0.100	0.100
0.700	0.100	0.100	0.100
0.100	0.100	0.100	0.700
0.100	0.100	0.700	0.100
0.700	0.100	0.100	0.100
>TAAAAATACA	14-TAAAAATACA	0.000000	-43.587657	0	T:19252.0(100.00%),B:54389.3(99.74%),P:1e-18
0.100	0.100	0.100	0.700
0.700	0.100	0.100	0.100
0.700	0.100	0.100	0.100
0.700	0.100	0.100	0.100
0.700	0.100	0.100	0.100
0.700	0.100	0.100	0.100
0.100	0.100	0.100	0.700
0.700	0.100	0.100	0.100
0.100	0.700	0.100	0.100
0.700	0.100	0.100	0.100
>TACTTTTAAA	15-TACTTTTAAA	0.000000	-42.981591	0	T:19252.0(100.00%),B:54391.0(99.74%),P:1e-18
0.100	0.100	0.100	0.700
0.700	0.100	0.100	0.100
0.100	0.700	0.100	0.100
0.100	0.100	0.100	0.700
0.100	0.100	0.100	0.700
0.100	0.100	0.100	0.700
0.100	0.100	0.100	0.700
0.700	0.100	0.100	0.100
0.700	0.100	0.100	0.100
0.700	0.100	0.100	0.100
>TATTCAAAAT	16-TATTCAAAAT	0.000000	-38.436712	0	T:19252.0(100.00%),B:54406.5(99.77%),P:1e-16
0.100	0.100	0.100	0.700
0.700	0.100	0.100	0.100
0.100	0.100	0.100	0.700
0.100	0.100	0.100	0.700
0.100	0.700	0.100	0.100
0.700	0.100	0.100	0.100
0.700	0.100	0.100	0.100
0.700	0.100	0.100	0.100
0.700	0.100	0.100	0.100
0.100	0.100	0.100	0.700
>CCATTAAAAA	17-CCATTAAAAA	0.000000	-29.653010	0	T:19252.0(100.00%),B:54435.8(99.82%),P:1e-12
0.100	0.700	0.100	0.100
0.100	0.700	0.100	0.100
0.700	0.100	0.100	0.100
0.100	0.100	0.100	0.700
0.100	0.100	0.100	0.700
0.700	0.100	0.100	0.100
0.700	0.100	0.100	0.100
0.700	0.100	0.100	0.100
0.700	0.100	0.100	0.100
0.700	0.100	0.100	0.100
>TTTGAGAGAG	18-TTTGAGAGAG	0.000000	-25.414047	0	T:19252.0(100.00%),B:54449.4(99.85%),P:1e-11
0.100	0.100	0.100	0.700
0.100	0.100	0.100	0.700
0.100	0.100	0.100	0.700
0.100	0.100	0.700	0.100
0.700	0.100	0.100	0.100
0.100	0.100	0.700	0.100
0.700	0.100	0.100	0.100
0.100	0.100	0.700	0.100
0.700	0.100	0.100	0.100
0.100	0.100	0.700	0.100
>TTTGTTTTCA	19-TTTGTTTTCA	0.000000	-23.597636	0	T:19252.0(100.00%),B:54455.0(99.86%),P:1e-10
0.100	0.100	0.100	0.700
0.100	0.100	0.100	0.700
0.100	0.100	0.100	0.700
0.100	0.100	0.700	0.100
0.100	0.100	0.100	0.700
0.100	0.100	0.100	0.700
0.100	0.100	0.100	0.700
0.100	0.100	0.100	0.700
0.100	0.700	0.100	0.100
0.700	0.100	0.100	0.100
>CTTTGAGAAG	20-CTTTGAGAAG	0.000000	-19.057365	0	T:19252.0(100.00%),B:54470.6(99.88%),P:1e-8
0.100	0.700	0.100	0.100
0.100	0.100	0.100	0.700
0.100	0.100	0.100	0.700
0.100	0.100	0.100	0.700
0.100	0.100	0.700	0.100
0.700	0.100	0.100	0.100
0.100	0.100	0.700	0.100
0.700	0.100	0.100	0.100
0.700	0.100	0.100	0.100
0.100	0.100	0.700	0.100
>CTTTTTTGCT	21-CTTTTTTGCT	0.000000	-14.518173	0	T:19252.0(100.00%),B:54485.8(99.91%),P:1e-6
0.100	0.700	0.100	0.100
0.100	0.100	0.100	0.700
0.100	0.100	0.100	0.700
0.100	0.100	0.100	0.700
0.100	0.100	0.100	0.700
0.100	0.100	0.100	0.700
0.100	0.100	0.100	0.700
0.100	0.100	0.700	0.100
0.100	0.700	0.100	0.100
0.100	0.100	0.100	0.700
>TTTCTCTTAA	22-TTTCTCTTAA	0.000000	-13.913029	0	T:19252.0(100.00%),B:54487.1(99.92%),P:1e-6
0.100	0.100	0.100	0.700
0.100	0.100	0.100	0.700
0.100	0.100	0.100	0.700
0.100	0.700	0.100	0.100
0.100	0.100	0.100	0.700
0.100	0.700	0.100	0.100
0.100	0.100	0.100	0.700
0.100	0.100	0.100	0.700
0.700	0.100	0.100	0.100
0.700	0.100	0.100	0.100
>CTTCTTCTCT	23-CTTCTTCTCT	0.566642	-11.492644	0	T:19252.0(100.00%),B:54495.5(99.93%),P:1e-4	Tpos:100.0,Tstd:57.2,Bpos:313.4,Bstd:584.2,StrandBias:-0.0,Multiplicity:2.64
0.100	0.700	0.100	0.100
0.100	0.100	0.100	0.700
0.100	0.100	0.100	0.700
0.100	0.700	0.100	0.100
0.100	0.100	0.100	0.700
0.100	0.100	0.100	0.700
0.100	0.700	0.100	0.100
0.100	0.100	0.100	0.700
0.100	0.700	0.100	0.100
0.100	0.100	0.100	0.700
>AAAAATTCAA	24-AAAAATTCAA	-3.325178	0.000000	0	T:19252.0(100.00%),B:54533.4(100.00%),P:1e0	Tpos:100.0,Tstd:59.3,Bpos:387.8,Bstd:658.9,StrandBias:-0.0,Multiplicity:1.61
0.700	0.100	0.100	0.100
0.700	0.100	0.100	0.100
0.700	0.100	0.100	0.100
0.700	0.100	0.100	0.100
0.700	0.100	0.100	0.100
0.100	0.100	0.100	0.700
0.100	0.100	0.100	0.700
0.100	0.700	0.100	0.100
0.700	0.100	0.100	0.100
0.700	0.100	0.100	0.100
>GTTGCAARAV	25-GTTGCAARAV	-17.196532	0.000000	0	T:19252.0(100.00%),B:54533.4(100.00%),P:1e0	Tpos:102.1,Tstd:58.1,Bpos:324.5,Bstd:583.0,StrandBias:-0.0,Multiplicity:1.08
0.001	0.251	0.477	0.272
0.001	0.118	0.041	0.840
0.001	0.081	0.001	0.917
0.001	0.205	0.633	0.161
0.003	0.597	0.285	0.115
0.879	0.077	0.043	0.001
0.997	0.001	0.001	0.001
0.364	0.154	0.482	0.001
0.533	0.154	0.272	0.041
0.308	0.379	0.236	0.077
