>DWGAGATGAGAD	1-DWGAGATGAGAD	3.358351	-1668.288140	0	T:19166.0(99.55%),B:48213.1(88.41%),P:1e-724	Tpos:100.2,Tstd:56.8,Bpos:374.5,Bstd:639.2,StrandBias:0.0,Multiplicity:1.70
0.335	0.146	0.256	0.263
0.456	0.001	0.184	0.359
0.202	0.160	0.508	0.130
0.628	0.001	0.001	0.370
0.210	0.042	0.462	0.286
0.628	0.008	0.362	0.002
0.337	0.001	0.160	0.502
0.134	0.199	0.666	0.001
0.670	0.001	0.001	0.328
0.146	0.215	0.419	0.220
0.496	0.001	0.262	0.241
0.294	0.120	0.255	0.331
>TTTCTTTTTCTT	2-TTTCTTTTTCTT	4.571791	-1569.459199	0	T:18499.0(96.09%),B:44210.0(81.07%),P:1e-681	Tpos:100.5,Tstd:55.6,Bpos:324.8,Bstd:589.0,StrandBias:0.0,Multiplicity:1.94
0.100	0.100	0.100	0.700
0.100	0.100	0.100	0.700
0.100	0.100	0.100	0.700
0.100	0.700	0.100	0.100
0.100	0.100	0.100	0.700
0.100	0.100	0.100	0.700
0.100	0.100	0.100	0.700
0.100	0.100	0.100	0.700
0.100	0.100	0.100	0.700
0.100	0.700	0.100	0.100
0.100	0.100	0.100	0.700
0.100	0.100	0.100	0.700
>ACTAACCAARCT	3-ACTAACCAARCT	5.010893	-1488.554116	0	T:15073.0(78.29%),B:30967.7(56.79%),P:1e-646	Tpos:99.7,Tstd:56.0,Bpos:547.3,Bstd:762.3,StrandBias:0.0,Multiplicity:1.96
0.728	0.079	0.056	0.137
0.261	0.467	0.097	0.176
0.257	0.107	0.060	0.576
0.709	0.098	0.062	0.131
0.754	0.046	0.062	0.138
0.275	0.447	0.095	0.182
0.304	0.467	0.093	0.136
0.846	0.046	0.026	0.082
0.797	0.040	0.040	0.123
0.291	0.099	0.392	0.217
0.272	0.441	0.086	0.201
0.191	0.078	0.047	0.684
>DTTWRAAWTTTD	4-DTTWRAAWTTTD	3.679961	-1431.845440	0	T:18494.0(96.06%),B:44683.3(81.94%),P:1e-621	Tpos:99.6,Tstd:57.1,Bpos:432.7,Bstd:690.5,StrandBias:0.0,Multiplicity:1.81
0.311	0.170	0.190	0.329
0.288	0.028	0.070	0.614
0.255	0.041	0.172	0.532
0.303	0.025	0.226	0.447
0.356	0.081	0.358	0.204
0.575	0.001	0.423	0.001
0.498	0.162	0.338	0.001
0.344	0.135	0.181	0.340
0.239	0.095	0.130	0.536
0.153	0.076	0.038	0.733
0.192	0.016	0.188	0.604
0.281	0.138	0.260	0.321
>WAAAAAAAAAAW	5-WAAAAAAAAAAW	3.975663	-1296.253317	0	T:16372.0(85.04%),B:36329.1(66.62%),P:1e-562	Tpos:100.2,Tstd:57.4,Bpos:595.7,Bstd:788.3,StrandBias:0.0,Multiplicity:1.97
0.425	0.136	0.101	0.338
0.580	0.084	0.078	0.258
0.609	0.085	0.080	0.226
0.573	0.079	0.085	0.263
0.525	0.090	0.118	0.267
0.578	0.083	0.078	0.261
0.566	0.092	0.079	0.263
0.538	0.095	0.077	0.290
0.572	0.094	0.084	0.250
0.609	0.084	0.075	0.232
0.592	0.075	0.076	0.257
0.456	0.105	0.110	0.330
>CYACTCGAYCWC	6-CYACTCGAYCWC	-0.739957	-1242.253783	0	T:14504.0(75.34%),B:30210.7(55.40%),P:1e-539	Tpos:99.5,Tstd:54.9,Bpos:415.6,Bstd:682.6,StrandBias:-0.0,Multiplicity:1.69
0.197	0.408	0.161	0.234
0.106	0.375	0.001	0.518
0.997	0.001	0.001	0.001
0.001	0.997	0.001	0.001
0.035	0.017	0.001	0.947
0.035	0.963	0.001	0.001
0.088	0.001	0.910	0.001
0.822	0.001	0.176	0.001
0.001	0.430	0.053	0.516
0.001	0.626	0.053	0.320
0.375	0.108	0.180	0.337
0.161	0.590	0.018	0.231
>TTTGBCCMAAWW	7-TTTGBCCMAAWW	1.607144	-957.939602	0	T:19228.0(99.88%),B:51099.9(93.70%),P:1e-416	Tpos:100.6,Tstd:57.5,Bpos:379.1,Bstd:641.8,StrandBias:-0.0,Multiplicity:1.66
0.084	0.234	0.066	0.616
0.031	0.001	0.001	0.967
0.241	0.017	0.158	0.584
0.109	0.074	0.643	0.174
0.131	0.289	0.324	0.256
0.151	0.504	0.084	0.261
0.144	0.473	0.287	0.097
0.362	0.361	0.155	0.121
0.901	0.001	0.001	0.097
0.583	0.019	0.025	0.373
0.378	0.128	0.158	0.337
0.328	0.030	0.212	0.431
>GTGTCGATCGAC	8-GTGTCGATCGAC	3.067714	-936.583091	0	T:13034.0(67.70%),B:27189.8(49.86%),P:1e-406	Tpos:100.0,Tstd:54.8,Bpos:430.2,Bstd:688.4,StrandBias:-0.0,Multiplicity:1.63
0.155	0.081	0.615	0.149
0.103	0.011	0.046	0.840
0.190	0.046	0.672	0.092
0.109	0.023	0.011	0.857
0.063	0.690	0.103	0.144
0.167	0.012	0.798	0.023
0.706	0.041	0.132	0.121
0.154	0.081	0.063	0.702
0.057	0.771	0.063	0.109
0.149	0.057	0.691	0.103
0.805	0.006	0.080	0.109
0.080	0.684	0.074	0.162
>TGTTACTCGACC	9-TGTTACTCGACC	0.000000	-239.441340	0	T:19252.0(100.00%),B:53746.6(98.56%),P:1e-103
0.100	0.100	0.100	0.700
0.100	0.100	0.700	0.100
0.100	0.100	0.100	0.700
0.100	0.100	0.100	0.700
0.700	0.100	0.100	0.100
0.100	0.700	0.100	0.100
0.100	0.100	0.100	0.700
0.100	0.700	0.100	0.100
0.100	0.100	0.700	0.100
0.700	0.100	0.100	0.100
0.100	0.700	0.100	0.100
0.100	0.700	0.100	0.100
>AAGAGAGAGAGA	10-AAGAGAGAGAGA	0.000000	-231.176799	0	T:19252.0(100.00%),B:53773.7(98.61%),P:1e-100
0.700	0.100	0.100	0.100
0.700	0.100	0.100	0.100
0.100	0.100	0.700	0.100
0.700	0.100	0.100	0.100
0.100	0.100	0.700	0.100
0.700	0.100	0.100	0.100
0.100	0.100	0.700	0.100
0.700	0.100	0.100	0.100
0.100	0.100	0.700	0.100
0.700	0.100	0.100	0.100
0.100	0.100	0.700	0.100
0.700	0.100	0.100	0.100
>CTTCTTCTTCTT	11-CTTCTTCTTCTT	0.000000	-146.594596	0	T:19252.0(100.00%),B:54050.5(99.11%),P:1e-63
0.100	0.700	0.100	0.100
0.100	0.100	0.100	0.700
0.100	0.100	0.100	0.700
0.100	0.700	0.100	0.100
0.100	0.100	0.100	0.700
0.100	0.100	0.100	0.700
0.100	0.700	0.100	0.100
0.100	0.100	0.100	0.700
0.100	0.100	0.100	0.700
0.100	0.700	0.100	0.100
0.100	0.100	0.100	0.700
0.100	0.100	0.100	0.700
>TTTGTTTTTCTT	12-TTTGTTTTTCTT	0.000000	-142.329609	0	T:19252.0(100.00%),B:54064.7(99.14%),P:1e-61
0.100	0.100	0.100	0.700
0.100	0.100	0.100	0.700
0.100	0.100	0.100	0.700
0.100	0.100	0.700	0.100
0.100	0.100	0.100	0.700
0.100	0.100	0.100	0.700
0.100	0.100	0.100	0.700
0.100	0.100	0.100	0.700
0.100	0.100	0.100	0.700
0.100	0.700	0.100	0.100
0.100	0.100	0.100	0.700
0.100	0.100	0.100	0.700
>GGAAGAAGAAGA	13-GGAAGAAGAAGA	0.679971	-141.720403	0	T:19252.0(100.00%),B:54066.2(99.14%),P:1e-61	Tpos:99.9,Tstd:57.0,Bpos:311.1,Bstd:582.8,StrandBias:0.0,Multiplicity:2.08
0.100	0.100	0.700	0.100
0.100	0.100	0.700	0.100
0.700	0.100	0.100	0.100
0.700	0.100	0.100	0.100
0.100	0.100	0.700	0.100
0.700	0.100	0.100	0.100
0.700	0.100	0.100	0.100
0.100	0.100	0.700	0.100
0.700	0.100	0.100	0.100
0.700	0.100	0.100	0.100
0.100	0.100	0.700	0.100
0.700	0.100	0.100	0.100
>CTCTTCTTCTTC	14-CTCTTCTTCTTC	0.000000	-140.806631	0	T:19252.0(100.00%),B:54069.1(99.15%),P:1e-61
0.100	0.700	0.100	0.100
0.100	0.100	0.100	0.700
0.100	0.700	0.100	0.100
0.100	0.100	0.100	0.700
0.100	0.100	0.100	0.700
0.100	0.700	0.100	0.100
0.100	0.100	0.100	0.700
0.100	0.100	0.100	0.700
0.100	0.700	0.100	0.100
0.100	0.100	0.100	0.700
0.100	0.100	0.100	0.700
0.100	0.700	0.100	0.100
>AAGAAATAAAAA	15-AAGAAATAAAAA	0.000000	-137.151977	0	T:19252.0(100.00%),B:54081.2(99.17%),P:1e-59
0.700	0.100	0.100	0.100
0.700	0.100	0.100	0.100
0.100	0.100	0.700	0.100
0.700	0.100	0.100	0.100
0.700	0.100	0.100	0.100
0.700	0.100	0.100	0.100
0.100	0.100	0.100	0.700
0.700	0.100	0.100	0.100
0.700	0.100	0.100	0.100
0.700	0.100	0.100	0.100
0.700	0.100	0.100	0.100
0.700	0.100	0.100	0.100
>TAACCAAGCTTC	16-TAACCAAGCTTC	0.000000	-115.847085	0	T:19252.0(100.00%),B:54151.6(99.30%),P:1e-50
0.100	0.100	0.100	0.700
0.700	0.100	0.100	0.100
0.700	0.100	0.100	0.100
0.100	0.700	0.100	0.100
0.100	0.700	0.100	0.100
0.700	0.100	0.100	0.100
0.700	0.100	0.100	0.100
0.100	0.100	0.700	0.100
0.100	0.700	0.100	0.100
0.100	0.100	0.100	0.700
0.100	0.100	0.100	0.700
0.100	0.700	0.100	0.100
>TAGAGAGAGAAA	17-TAGAGAGAGAAA	0.000000	-111.588957	0	T:19252.0(100.00%),B:54165.4(99.33%),P:1e-48
0.100	0.100	0.100	0.700
0.700	0.100	0.100	0.100
0.100	0.100	0.700	0.100
0.700	0.100	0.100	0.100
0.100	0.100	0.700	0.100
0.700	0.100	0.100	0.100
0.100	0.100	0.700	0.100
0.700	0.100	0.100	0.100
0.100	0.100	0.700	0.100
0.700	0.100	0.100	0.100
0.700	0.100	0.100	0.100
0.700	0.100	0.100	0.100
>ATAAGTGTTGTC	18-ATAAGTGTTGTC	0.000000	-111.588957	0	T:19252.0(100.00%),B:54165.0(99.32%),P:1e-48
0.700	0.100	0.100	0.100
0.100	0.100	0.100	0.700
0.700	0.100	0.100	0.100
0.700	0.100	0.100	0.100
0.100	0.100	0.700	0.100
0.100	0.100	0.100	0.700
0.100	0.100	0.700	0.100
0.100	0.100	0.100	0.700
0.100	0.100	0.100	0.700
0.100	0.100	0.700	0.100
0.100	0.100	0.100	0.700
0.100	0.700	0.100	0.100
>CAAAAACCCTAA	19-CAAAAACCCTAA	0.000000	-110.980730	0	T:19252.0(100.00%),B:54167.0(99.33%),P:1e-48
0.100	0.700	0.100	0.100
0.700	0.100	0.100	0.100
0.700	0.100	0.100	0.100
0.700	0.100	0.100	0.100
0.700	0.100	0.100	0.100
0.700	0.100	0.100	0.100
0.100	0.700	0.100	0.100
0.100	0.700	0.100	0.100
0.100	0.700	0.100	0.100
0.100	0.100	0.100	0.700
0.700	0.100	0.100	0.100
0.700	0.100	0.100	0.100
>GTGATGACAAAT	20-GTGATGACAAAT	0.000000	-80.594062	0	T:19252.0(100.00%),B:54267.7(99.51%),P:1e-35
0.100	0.100	0.700	0.100
0.100	0.100	0.100	0.700
0.100	0.100	0.700	0.100
0.700	0.100	0.100	0.100
0.100	0.100	0.100	0.700
0.100	0.100	0.700	0.100
0.700	0.100	0.100	0.100
0.100	0.700	0.100	0.100
0.700	0.100	0.100	0.100
0.700	0.100	0.100	0.100
0.700	0.100	0.100	0.100
0.100	0.100	0.100	0.700
>TATTTGACTCCA	21-TATTTGACTCCA	0.000000	-78.468804	0	T:19252.0(100.00%),B:54274.5(99.53%),P:1e-34
0.100	0.100	0.100	0.700
0.700	0.100	0.100	0.100
0.100	0.100	0.100	0.700
0.100	0.100	0.100	0.700
0.100	0.100	0.100	0.700
0.100	0.100	0.700	0.100
0.700	0.100	0.100	0.100
0.100	0.700	0.100	0.100
0.100	0.100	0.100	0.700
0.100	0.700	0.100	0.100
0.100	0.700	0.100	0.100
0.700	0.100	0.100	0.100
>ACTACAAGAAAA	22-ACTACAAGAAAA	0.000000	-73.308447	0	T:19252.0(100.00%),B:54292.0(99.56%),P:1e-31
0.700	0.100	0.100	0.100
0.100	0.700	0.100	0.100
0.100	0.100	0.100	0.700
0.700	0.100	0.100	0.100
0.100	0.700	0.100	0.100
0.700	0.100	0.100	0.100
0.700	0.100	0.100	0.100
0.100	0.100	0.700	0.100
0.700	0.100	0.100	0.100
0.700	0.100	0.100	0.100
0.700	0.100	0.100	0.100
0.700	0.100	0.100	0.100
>TTTGAGAAGCAA	23-TTTGAGAAGCAA	0.000000	-65.115451	0	T:19252.0(100.00%),B:54318.1(99.61%),P:1e-28
0.100	0.100	0.100	0.700
0.100	0.100	0.100	0.700
0.100	0.100	0.100	0.700
0.100	0.100	0.700	0.100
0.700	0.100	0.100	0.100
0.100	0.100	0.700	0.100
0.700	0.100	0.100	0.100
0.700	0.100	0.100	0.100
0.100	0.100	0.700	0.100
0.100	0.700	0.100	0.100
0.700	0.100	0.100	0.100
0.700	0.100	0.100	0.100
>NDDDSDWTDCWD	24-NDDDSDWTDCWD	-7.310646	0.000000	0	T:19252.0(100.00%),B:54533.4(100.00%),P:1e0	Tpos:100.3,Tstd:59.1,Bpos:376.5,Bstd:649.0,StrandBias:-0.0,Multiplicity:1.59
0.256	0.263	0.241	0.240
0.369	0.001	0.253	0.378
0.296	0.001	0.305	0.398
0.283	0.001	0.345	0.371
0.177	0.447	0.376	0.001
0.275	0.001	0.304	0.421
0.341	0.001	0.252	0.406
0.206	0.002	0.318	0.474
0.277	0.001	0.382	0.339
0.001	0.599	0.399	0.001
0.451	0.001	0.001	0.547
0.312	0.032	0.308	0.348
>CMSMGASAGDGT	25-CMSMGASAGDGT	-41.732850	0.000000	0	T:19252.0(100.00%),B:54533.4(100.00%),P:1e0	Tpos:101.5,Tstd:59.9,Bpos:340.7,Bstd:620.5,StrandBias:-0.0,Multiplicity:1.16
0.001	0.727	0.001	0.271
0.430	0.341	0.163	0.067
0.001	0.492	0.506	0.001
0.480	0.448	0.067	0.005
0.001	0.218	0.648	0.133
0.997	0.001	0.001	0.001
0.001	0.566	0.432	0.001
0.932	0.066	0.001	0.001
0.001	0.001	0.777	0.221
0.289	0.089	0.334	0.289
0.001	0.362	0.636	0.001
0.001	0.072	0.278	0.649
