>TCAAWNWN	1-TCAAWNWN	0.291218	-1926.713499	0	T:17843.0(92.68%),B:39743.5(72.88%),P:1e-836	Tpos:99.9,Tstd:57.1,Bpos:411.5,Bstd:673.5,StrandBias:-0.0,Multiplicity:1.64
0.001	0.001	0.001	0.997
0.001	0.997	0.001	0.001
0.997	0.001	0.001	0.001
0.997	0.001	0.001	0.001
0.395	0.185	0.001	0.419
0.293	0.219	0.188	0.300
0.336	0.162	0.141	0.360
0.295	0.190	0.205	0.309
>WWSTCAAH	2-WWSTCAAH	4.261798	-1663.388987	0	T:16499.0(85.70%),B:35255.5(64.65%),P:1e-722	Tpos:99.2,Tstd:56.6,Bpos:455.5,Bstd:712.9,StrandBias:-0.0,Multiplicity:1.67
0.427	0.115	0.176	0.283
0.445	0.063	0.073	0.419
0.057	0.381	0.518	0.044
0.032	0.001	0.001	0.966
0.001	0.968	0.016	0.015
0.689	0.090	0.150	0.071
0.938	0.014	0.018	0.030
0.378	0.265	0.025	0.332
>CAAWWWTT	3-CAAWWWTT	4.865917	-1518.090380	0	T:16638.0(86.42%),B:36367.6(66.69%),P:1e-659	Tpos:100.6,Tstd:56.7,Bpos:502.4,Bstd:733.9,StrandBias:-0.0,Multiplicity:1.79
0.001	0.997	0.001	0.001
0.997	0.001	0.001	0.001
0.997	0.001	0.001	0.001
0.343	0.186	0.001	0.470
0.378	0.183	0.046	0.393
0.331	0.089	0.121	0.460
0.214	0.143	0.089	0.554
0.282	0.116	0.105	0.497
>WAAWWWTT	4-WAAWWWTT	0.669484	-1296.146608	0	T:16589.0(86.17%),B:37129.8(68.09%),P:1e-562	Tpos:100.0,Tstd:57.8,Bpos:597.0,Bstd:791.0,StrandBias:-0.0,Multiplicity:2.16
0.479	0.001	0.188	0.332
0.575	0.001	0.001	0.423
0.600	0.001	0.001	0.398
0.525	0.001	0.001	0.473
0.521	0.001	0.001	0.477
0.466	0.001	0.001	0.532
0.001	0.001	0.001	0.997
0.001	0.001	0.001	0.997
>VGTTGACT	5-VGTTGACT	1.008707	-1239.999374	0	T:13627.0(70.78%),B:27472.0(50.38%),P:1e-538	Tpos:99.4,Tstd:55.4,Bpos:409.1,Bstd:679.1,StrandBias:0.0,Multiplicity:1.83
0.324	0.279	0.396	0.001
0.198	0.001	0.608	0.193
0.001	0.001	0.001	0.997
0.001	0.202	0.001	0.796
0.001	0.001	0.997	0.001
0.997	0.001	0.001	0.001
0.001	0.993	0.005	0.001
0.197	0.002	0.001	0.800
>WTTTTWWW	6-WTTTTWWW	3.517125	-1223.608560	0	T:17845.0(92.69%),B:42448.1(77.84%),P:1e-531	Tpos:100.4,Tstd:57.6,Bpos:512.1,Bstd:741.1,StrandBias:0.0,Multiplicity:1.82
0.417	0.032	0.012	0.539
0.308	0.067	0.057	0.568
0.340	0.039	0.086	0.535
0.124	0.036	0.105	0.735
0.306	0.082	0.135	0.477
0.346	0.111	0.143	0.400
0.358	0.080	0.131	0.431
0.377	0.132	0.099	0.392
>WTTTTTTW	7-WTTTTTTW	2.455949	-842.634532	0	T:18744.0(97.36%),B:48244.7(88.47%),P:1e-365	Tpos:100.0,Tstd:57.5,Bpos:469.4,Bstd:713.4,StrandBias:0.0,Multiplicity:1.67
0.392	0.123	0.166	0.319
0.258	0.124	0.166	0.452
0.267	0.075	0.177	0.482
0.249	0.099	0.199	0.452
0.305	0.050	0.135	0.510
0.304	0.043	0.136	0.517
0.254	0.137	0.158	0.451
0.385	0.105	0.176	0.335
>AAACCCAA	8-AAACCCAA	2.144220	-748.748081	0	T:19247.0(99.97%),B:52016.4(95.38%),P:1e-325	Tpos:99.8,Tstd:57.2,Bpos:362.2,Bstd:631.0,StrandBias:-0.0,Multiplicity:1.80
0.419	0.187	0.160	0.235
0.549	0.164	0.082	0.205
0.482	0.183	0.107	0.228
0.164	0.502	0.185	0.149
0.219	0.464	0.153	0.164
0.173	0.489	0.142	0.195
0.561	0.167	0.047	0.225
0.468	0.177	0.052	0.302
>WTTHWTTW	9-WTTHWTTW	2.308557	-723.001152	0	T:19024.0(98.82%),B:50296.3(92.23%),P:1e-313	Tpos:100.6,Tstd:57.4,Bpos:393.9,Bstd:658.3,StrandBias:-0.0,Multiplicity:1.71
0.408	0.082	0.083	0.426
0.203	0.153	0.103	0.541
0.278	0.134	0.142	0.446
0.275	0.209	0.160	0.356
0.282	0.122	0.177	0.419
0.239	0.135	0.151	0.475
0.191	0.174	0.133	0.502
0.335	0.154	0.164	0.347
>NNDVWWWW	10-NNDVWWWW	2.509373	-677.398906	0	T:19143.0(99.43%),B:51267.0(94.01%),P:1e-294	Tpos:99.9,Tstd:57.4,Bpos:415.1,Bstd:679.4,StrandBias:0.0,Multiplicity:1.69
0.280	0.232	0.174	0.313
0.289	0.164	0.261	0.286
0.341	0.154	0.206	0.298
0.243	0.327	0.301	0.129
0.501	0.001	0.063	0.435
0.445	0.004	0.124	0.427
0.416	0.001	0.087	0.497
0.388	0.086	0.185	0.341
>WAWWWRAA	11-WAWWWRAA	2.419052	-610.661325	0	T:19220.0(99.83%),B:52144.7(95.62%),P:1e-265	Tpos:99.4,Tstd:57.3,Bpos:370.3,Bstd:634.4,StrandBias:-0.0,Multiplicity:1.70
0.270	0.189	0.153	0.388
0.526	0.211	0.211	0.052
0.414	0.104	0.141	0.341
0.332	0.166	0.179	0.323
0.395	0.009	0.208	0.389
0.432	0.276	0.290	0.001
0.436	0.113	0.188	0.262
0.658	0.170	0.166	0.006
>AWGAGAGA	12-AWGAGAGA	2.019308	-600.705262	0	T:19251.0(99.99%),B:52557.3(96.38%),P:1e-260	Tpos:100.6,Tstd:56.5,Bpos:297.9,Bstd:563.0,StrandBias:0.0,Multiplicity:1.83
0.571	0.183	0.044	0.202
0.404	0.122	0.152	0.322
0.136	0.175	0.581	0.108
0.540	0.143	0.158	0.159
0.122	0.168	0.633	0.077
0.560	0.145	0.156	0.139
0.144	0.151	0.620	0.085
0.573	0.125	0.146	0.156
>WWTTWTSW	13-WWTTWTSW	2.346774	-561.743042	0	T:19240.0(99.94%),B:52524.4(96.32%),P:1e-243	Tpos:100.6,Tstd:57.5,Bpos:371.1,Bstd:642.0,StrandBias:0.0,Multiplicity:1.67
0.379	0.133	0.142	0.346
0.375	0.133	0.055	0.436
0.230	0.130	0.193	0.447
0.190	0.115	0.159	0.536
0.276	0.078	0.224	0.422
0.117	0.168	0.186	0.529
0.021	0.511	0.467	0.001
0.346	0.147	0.149	0.358
>BTTCAAAA	14-BTTCAAAA	5.444770	-481.032906	0	T:10208.0(53.02%),B:21894.5(40.15%),P:1e-208	Tpos:110.0,Tstd:51.6,Bpos:241.5,Bstd:425.5,StrandBias:-0.5,Multiplicity:1.00
0.001	0.298	0.333	0.368
0.286	0.001	0.166	0.547
0.001	0.362	0.001	0.636
0.143	0.631	0.225	0.001
0.517	0.172	0.310	0.001
0.511	0.178	0.310	0.001
0.997	0.001	0.001	0.001
0.660	0.001	0.001	0.338
>BNHAWCWH	15-BNHAWCWH	2.344363	-473.242102	0	T:19252.0(100.00%),B:52987.8(97.17%),P:1e-205	Tpos:100.5,Tstd:57.4,Bpos:340.5,Bstd:608.4,StrandBias:-0.0,Multiplicity:1.74
0.151	0.305	0.239	0.305
0.213	0.203	0.257	0.326
0.243	0.288	0.124	0.345
0.534	0.057	0.077	0.332
0.405	0.155	0.001	0.439
0.001	0.616	0.382	0.001
0.329	0.231	0.001	0.439
0.221	0.260	0.161	0.358
>TTCGCAAW	16-TTCGCAAW	6.388191	-183.741226	0	T:6356.0(33.01%),B:14078.5(25.82%),P:1e-79	Tpos:58.0,Tstd:50.0,Bpos:621.6,Bstd:896.9,StrandBias:1.6,Multiplicity:1.00
0.001	0.001	0.001	0.997
0.001	0.001	0.001	0.997
0.001	0.666	0.001	0.332
0.001	0.332	0.666	0.001
0.167	0.500	0.167	0.167
0.997	0.001	0.001	0.001
0.832	0.001	0.166	0.001
0.499	0.001	0.001	0.499
>HTTCVAAA	17-HTTCVAAA	6.672113	-29.695692	0	T:2777.0(14.42%),B:6732.9(12.35%),P:1e-12	Tpos:91.7,Tstd:69.1,Bpos:389.2,Bstd:750.6,StrandBias:1.0,Multiplicity:1.00
0.308	0.231	0.154	0.308
0.231	0.231	0.077	0.462
0.001	0.153	0.001	0.845
0.077	0.462	0.308	0.154
0.384	0.307	0.307	0.001
0.769	0.077	0.077	0.077
0.997	0.001	0.001	0.001
0.922	0.001	0.001	0.076
>TTYGAARA	18-TTYGAARA	9.682028	-15.875688	0	T:1886.0(9.80%),B:4664.7(8.55%),P:1e-6	Tpos:127.5,Tstd:14.5,Bpos:151.6,Bstd:77.6,StrandBias:-10.0,Multiplicity:1.00
0.001	0.001	0.001	0.997
0.001	0.001	0.001	0.997
0.001	0.499	0.001	0.499
0.001	0.001	0.997	0.001
0.997	0.001	0.001	0.001
0.997	0.001	0.001	0.001
0.499	0.001	0.499	0.001
0.997	0.001	0.001	0.001
>CACGTGTA	19-CACGTGTA	0.453314	-10.282566	0	T:19252.0(100.00%),B:54499.8(99.94%),P:1e-4	Tpos:99.0,Tstd:57.3,Bpos:340.6,Bstd:617.1,StrandBias:-0.0,Multiplicity:2.21
0.100	0.700	0.100	0.100
0.700	0.100	0.100	0.100
0.100	0.700	0.100	0.100
0.100	0.100	0.700	0.100
0.100	0.100	0.100	0.700
0.100	0.100	0.700	0.100
0.100	0.100	0.100	0.700
0.700	0.100	0.100	0.100
>CAATAATT	20-CAATAATT	0.000000	-7.560172	0	T:19252.0(100.00%),B:54508.2(99.95%),P:1e-3
0.100	0.700	0.100	0.100
0.700	0.100	0.100	0.100
0.700	0.100	0.100	0.100
0.100	0.100	0.100	0.700
0.700	0.100	0.100	0.100
0.700	0.100	0.100	0.100
0.100	0.100	0.100	0.700
0.100	0.100	0.100	0.700
>AAAATACA	21-AAAATACA	0.453314	-7.257707	0	T:19252.0(100.00%),B:54509.5(99.96%),P:1e-3	Tpos:196.0,Tstd:0.0,Bpos:92.9,Bstd:49.8,StrandBias:-10.0,Multiplicity:1.00
0.700	0.100	0.100	0.100
0.700	0.100	0.100	0.100
0.700	0.100	0.100	0.100
0.700	0.100	0.100	0.100
0.100	0.100	0.100	0.700
0.700	0.100	0.100	0.100
0.100	0.700	0.100	0.100
0.700	0.100	0.100	0.100
>SBARVAAC	22-SBARVAAC	-0.454850	-1.511795	0	T:19252.0(100.00%),B:54528.0(99.99%),P:1e0	Tpos:100.2,Tstd:58.0,Bpos:334.0,Bstd:612.8,StrandBias:-0.0,Multiplicity:1.66
0.072	0.427	0.377	0.125
0.123	0.289	0.283	0.305
0.461	0.182	0.249	0.107
0.407	0.202	0.362	0.030
0.366	0.225	0.356	0.053
0.552	0.141	0.224	0.083
0.396	0.234	0.194	0.176
0.010	0.643	0.339	0.008
>WTTCAGAA	23-WTTCAGAA	7.739193	-1.454519	0	T:1601.0(8.32%),B:4442.2(8.15%),P:1e0	Tpos:66.0,Tstd:48.3,Bpos:1178.9,Bstd:1508.3,StrandBias:1.6,Multiplicity:1.00
0.503	0.090	0.001	0.406
0.001	0.001	0.001	0.997
0.045	0.226	0.045	0.684
0.090	0.729	0.180	0.001
0.774	0.090	0.135	0.001
0.090	0.226	0.683	0.001
0.997	0.001	0.001	0.001
0.997	0.001	0.001	0.001
>AGAAAACT	24-AGAAAACT	0.000000	-1.209426	0	T:19252.0(100.00%),B:54529.5(99.99%),P:1e0
0.700	0.100	0.100	0.100
0.100	0.100	0.700	0.100
0.700	0.100	0.100	0.100
0.700	0.100	0.100	0.100
0.700	0.100	0.100	0.100
0.700	0.100	0.100	0.100
0.100	0.700	0.100	0.100
0.100	0.100	0.100	0.700
>SNRWNNBT	25-SNRWNNBT	-10.186250	0.000000	0	T:19252.0(100.00%),B:54533.4(100.00%),P:1e0	Tpos:100.0,Tstd:60.1,Bpos:405.0,Bstd:669.3,StrandBias:0.0,Multiplicity:1.19
0.265	0.303	0.432	0.001
0.198	0.243	0.330	0.229
0.530	0.051	0.418	0.001
0.376	0.082	0.225	0.316
0.316	0.203	0.252	0.229
0.287	0.274	0.247	0.191
0.001	0.361	0.302	0.336
0.395	0.001	0.001	0.603
