>VGGCGCGSSRCV	14-VGGCGCGSSRCV	8.418817	-0.183799	0	T:1.0(0.09%),B:116.6(0.16%),P:1e0
0.295	0.356	0.252	0.097
0.102	0.306	0.486	0.106
0.199	0.187	0.554	0.060
0.137	0.670	0.146	0.047
0.090	0.145	0.702	0.063
0.065	0.777	0.114	0.044
0.065	0.138	0.606	0.191
0.233	0.442	0.309	0.016
0.137	0.441	0.406	0.016
0.409	0.152	0.392	0.047
0.121	0.560	0.160	0.159
0.210	0.323	0.316	0.151
