>CTCCAGGCACCG	9-CGGTGCCTGGAG	11.683403	-1.336572	0	T:1.0(0.09%),B:19.3(0.03%),P:1e0
0.116	0.639	0.146	0.099
0.065	0.085	0.201	0.649
0.150	0.734	0.050	0.066
0.061	0.727	0.140	0.072
0.546	0.191	0.153	0.110
0.071	0.108	0.748	0.073
0.091	0.177	0.630	0.102
0.092	0.619	0.143	0.146
0.545	0.113	0.185	0.157
0.056	0.648	0.145	0.151
0.035	0.829	0.115	0.021
0.111	0.143	0.685	0.061
