>CSGGCGCCGCRN	8-CSGGCGCCGCRN	10.210585	-1.380627	0	T:1.0(0.09%),B:18.2(0.03%),P:1e0
0.191	0.461	0.115	0.233
0.205	0.359	0.387	0.049
0.064	0.210	0.701	0.025
0.051	0.115	0.770	0.064
0.112	0.710	0.089	0.089
0.089	0.040	0.767	0.104
0.026	0.730	0.218	0.026
0.102	0.756	0.130	0.012
0.025	0.089	0.834	0.052
0.079	0.627	0.255	0.039
0.408	0.141	0.363	0.087
0.294	0.248	0.163	0.295
