>NCGCCCGCTCCB	7-VGGAGCGGGCGN	9.726211	-1.422430	0	T:2.0(0.18%),B:60.6(0.08%),P:1e0
0.204	0.185	0.292	0.319
0.136	0.678	0.083	0.103
0.123	0.137	0.695	0.045
0.102	0.616	0.152	0.130
0.109	0.677	0.144	0.070
0.089	0.642	0.169	0.100
0.091	0.105	0.688	0.116
0.098	0.576	0.168	0.158
0.122	0.188	0.125	0.565
0.123	0.605	0.131	0.141
0.122	0.610	0.117	0.151
0.156	0.328	0.297	0.220
