>GCTTGCAGATCT	1-AGATCTGCAAGC	11.801709	-3.860436	0	T:2.0(0.18%),B:13.6(0.02%),P:1e-1
0.022	0.209	0.656	0.113
0.062	0.757	0.061	0.120
0.113	0.259	0.018	0.610
0.027	0.014	0.225	0.734
0.023	0.185	0.702	0.090
0.070	0.672	0.212	0.046
0.823	0.013	0.073	0.091
0.056	0.056	0.865	0.023
0.507	0.189	0.202	0.102
0.138	0.214	0.200	0.448
0.031	0.657	0.156	0.156
0.095	0.128	0.063	0.714
