>CGSGCVGVGCVG	21-CGSGCVGVGCVG	8.777042	-0.003379	0	T:4.0(0.36%),B:749.1(1.05%),P:1e0
0.172	0.460	0.252	0.116
0.001	0.268	0.730	0.001
0.220	0.419	0.336	0.025
0.118	0.012	0.869	0.001
0.085	0.752	0.162	0.001
0.244	0.338	0.339	0.080
0.127	0.275	0.597	0.001
0.321	0.279	0.399	0.001
0.257	0.066	0.676	0.001
0.084	0.570	0.333	0.013
0.334	0.228	0.310	0.129
0.200	0.138	0.545	0.117
