>DYCCYGCCCGCA	4-TGCGGGCRGGRH	8.704030	-2.397936	0	T:6.0(0.55%),B:198.5(0.28%),P:1e-1
0.273	0.134	0.322	0.271
0.042	0.428	0.214	0.316
0.085	0.552	0.273	0.090
0.069	0.689	0.144	0.098
0.065	0.378	0.097	0.460
0.093	0.279	0.556	0.072
0.086	0.638	0.149	0.127
0.087	0.583	0.220	0.110
0.053	0.619	0.081	0.247
0.191	0.184	0.570	0.055
0.072	0.646	0.142	0.140
0.521	0.196	0.164	0.119
