>VAGGGGCGGGGN	17-VAGGGGCGGGGN	9.946870	-0.052363	0	T:1.0(0.09%),B:194.7(0.27%),P:1e0
0.259	0.277	0.314	0.151
0.553	0.136	0.202	0.109
0.110	0.074	0.729	0.087
0.128	0.108	0.665	0.099
0.109	0.111	0.671	0.109
0.119	0.137	0.662	0.082
0.153	0.562	0.153	0.132
0.135	0.128	0.603	0.134
0.103	0.108	0.696	0.093
0.108	0.110	0.678	0.104
0.101	0.114	0.701	0.084
0.237	0.244	0.297	0.223
