>BRKCTCGCMSGV	22-BRKCTCGCMSGV	7.622049	-0.000105	0	T:1.0(0.09%),B:598.8(0.84%),P:1e0
0.144	0.298	0.332	0.226
0.337	0.126	0.464	0.073
0.075	0.140	0.396	0.389
0.128	0.659	0.074	0.139
0.041	0.213	0.222	0.524
0.036	0.763	0.148	0.053
0.071	0.150	0.659	0.120
0.270	0.500	0.134	0.096
0.350	0.474	0.101	0.075
0.088	0.377	0.470	0.064
0.081	0.138	0.704	0.077
0.320	0.211	0.346	0.123
