>CGMGCSSNCSGS	19-CGMGCSSNCSGS	8.080517	-0.005505	0	T:3.0(0.27%),B:597.3(0.84%),P:1e0
0.176	0.533	0.235	0.056
0.056	0.253	0.558	0.133
0.260	0.407	0.242	0.091
0.105	0.246	0.544	0.105
0.063	0.759	0.101	0.077
0.035	0.365	0.487	0.112
0.210	0.358	0.431	0.001
0.169	0.218	0.298	0.316
0.112	0.562	0.186	0.140
0.091	0.456	0.452	0.001
0.210	0.001	0.788	0.001
0.168	0.407	0.368	0.056
