>CSCCCVGVMGCC	24-CSCCCVGVMGCC	7.918772	-0.000000	0	T:10.0(0.91%),B:2803.2(3.92%),P:1e0
0.001	0.726	0.223	0.050
0.120	0.388	0.433	0.059
0.004	0.600	0.309	0.087
0.075	0.580	0.300	0.045
0.081	0.542	0.292	0.085
0.330	0.323	0.334	0.013
0.110	0.050	0.822	0.018
0.387	0.243	0.272	0.099
0.367	0.381	0.144	0.109
0.233	0.143	0.586	0.038
0.144	0.639	0.199	0.018
0.104	0.495	0.305	0.096
