>CSTCCGSCSGSC	20-CSTCCGSCSGSC	8.410961	-0.004355	0	T:1.0(0.09%),B:355.3(0.50%),P:1e0
0.001	0.488	0.266	0.244
0.151	0.401	0.260	0.188
0.150	0.137	0.141	0.572
0.101	0.630	0.069	0.200
0.001	0.531	0.087	0.381
0.001	0.365	0.633	0.001
0.137	0.485	0.378	0.001
0.343	0.530	0.001	0.126
0.228	0.396	0.320	0.056
0.206	0.303	0.489	0.001
0.001	0.494	0.422	0.083
0.175	0.569	0.255	0.001
