>SCGCGVSCGBNB	25-SCGCGVSCGBNB	6.054109	-0.000000	0	T:159.0(14.49%),B:19171.2(26.84%),P:1e0
0.196	0.325	0.364	0.116
0.001	0.730	0.248	0.021
0.001	0.011	0.968	0.020
0.001	0.933	0.065	0.001
0.223	0.068	0.482	0.227
0.385	0.377	0.237	0.001
0.195	0.426	0.378	0.001
0.092	0.623	0.284	0.001
0.001	0.278	0.626	0.095
0.098	0.250	0.364	0.288
0.271	0.235	0.231	0.263
0.195	0.353	0.222	0.230
