>NCSCCGCCGGAB	5-VTCCGGCGGSGN	8.766225	-2.223170	0	T:3.0(0.27%),B:73.6(0.10%),P:1e0
0.167	0.299	0.305	0.230
0.153	0.484	0.274	0.090
0.117	0.415	0.399	0.069
0.078	0.485	0.271	0.166
0.059	0.858	0.079	0.004
0.080	0.128	0.741	0.051
0.051	0.592	0.314	0.043
0.196	0.721	0.075	0.008
0.093	0.194	0.636	0.077
0.266	0.164	0.468	0.102
0.503	0.257	0.133	0.107
0.146	0.286	0.336	0.232
