>TGGAGAGGGGCG	11-CGCCCCTCTCCA	11.697022	-0.928144	0	T:1.0(0.09%),B:32.5(0.05%),P:1e0
0.131	0.140	0.176	0.553
0.072	0.042	0.798	0.088
0.090	0.117	0.728	0.065
0.627	0.106	0.188	0.079
0.124	0.110	0.707	0.059
0.619	0.114	0.165	0.102
0.109	0.102	0.702	0.087
0.116	0.110	0.679	0.095
0.100	0.096	0.706	0.098
0.097	0.118	0.705	0.080
0.154	0.537	0.184	0.125
0.110	0.138	0.638	0.114
