>AGAGCAGGGCAG	15-CTGCCCTGCTCT	12.923893	-0.140398	0	T:2.0(0.18%),B:231.6(0.32%),P:1e0
0.809	0.018	0.124	0.049
0.052	0.044	0.865	0.039
0.662	0.090	0.152	0.096
0.050	0.017	0.932	0.001
0.001	0.867	0.097	0.035
0.800	0.130	0.032	0.038
0.155	0.113	0.669	0.063
0.004	0.077	0.887	0.032
0.076	0.023	0.900	0.001
0.060	0.902	0.001	0.037
0.922	0.001	0.021	0.056
0.032	0.138	0.793	0.037
