>NCGCGCCGVCGN	4-NCGCGCCGVCGN	9.297354	-3.078079	0	T:1.0(0.09%),B:2.1(0.00%),P:1e-1
0.167	0.280	0.304	0.249
0.101	0.554	0.220	0.125
0.039	0.214	0.630	0.117
0.095	0.731	0.129	0.045
0.063	0.139	0.671	0.127
0.078	0.584	0.224	0.114
0.069	0.726	0.157	0.048
0.071	0.081	0.732	0.116
0.334	0.218	0.311	0.136
0.122	0.659	0.151	0.068
0.056	0.182	0.590	0.172
0.223	0.275	0.310	0.192
