>CBGCSGCBGCBS	23-CBGCSGCBGCBS	8.131003	-0.558500	0	T:9.0(0.82%),B:581.7(0.84%),P:1e0
0.127	0.506	0.206	0.161
0.018	0.323	0.276	0.382
0.027	0.241	0.604	0.128
0.084	0.742	0.166	0.008
0.028	0.343	0.402	0.227
0.041	0.185	0.739	0.035
0.044	0.622	0.249	0.085
0.018	0.267	0.372	0.343
0.146	0.285	0.485	0.084
0.037	0.660	0.232	0.071
0.006	0.305	0.394	0.296
0.162	0.332	0.359	0.146
