>GYCGCTGSYGCS	25-GYCGCTGSYGCS	8.565686	-0.243380	0	T:8.0(0.73%),B:634.4(0.92%),P:1e0
0.127	0.227	0.431	0.215
0.104	0.433	0.175	0.288
0.045	0.535	0.095	0.325
0.051	0.136	0.686	0.127
0.088	0.543	0.129	0.240
0.234	0.189	0.114	0.463
0.089	0.145	0.713	0.053
0.082	0.506	0.358	0.054
0.084	0.454	0.122	0.339
0.057	0.102	0.728	0.113
0.089	0.725	0.150	0.036
0.131	0.399	0.279	0.192
