>CGGGCGCAGCGC	1-GCGCTGCGCCCG	9.773646	-6.639149	0	T:21.0(1.91%),B:618.6(0.89%),P:1e-2
0.090	0.691	0.119	0.100
0.084	0.134	0.672	0.110
0.134	0.176	0.580	0.110
0.102	0.113	0.687	0.098
0.101	0.720	0.108	0.071
0.078	0.084	0.734	0.104
0.102	0.641	0.153	0.104
0.541	0.179	0.154	0.126
0.121	0.123	0.657	0.099
0.125	0.711	0.086	0.078
0.117	0.099	0.686	0.098
0.114	0.680	0.110	0.096
