>DCGGCGGCSGSD	12-DCGGCGGCSGSD	8.420137	-1.622067	0	T:1.0(0.09%),B:13.2(0.02%),P:1e0
0.322	0.148	0.195	0.335
0.040	0.708	0.189	0.063
0.060	0.293	0.490	0.157
0.049	0.227	0.597	0.127
0.010	0.676	0.191	0.123
0.125	0.258	0.442	0.175
0.065	0.258	0.555	0.122
0.039	0.742	0.141	0.078
0.060	0.325	0.413	0.202
0.092	0.334	0.515	0.059
0.078	0.358	0.471	0.093
0.281	0.166	0.224	0.329
