>CCCGGAGCCCCG	11-CGGGGCTCCGGG	10.365861	-1.883456	0	T:8.0(0.73%),B:325.3(0.47%),P:1e0
0.091	0.676	0.100	0.133
0.040	0.704	0.144	0.112
0.081	0.704	0.155	0.060
0.092	0.150	0.698	0.060
0.118	0.181	0.649	0.052
0.536	0.220	0.154	0.090
0.117	0.168	0.634	0.081
0.098	0.679	0.124	0.099
0.054	0.672	0.170	0.104
0.077	0.677	0.153	0.093
0.114	0.702	0.146	0.038
0.094	0.155	0.669	0.082
