>SCAGCGGCRGCV	10-SCAGCGGCRGCV	9.330908	-1.888888	0	T:12.0(1.09%),B:535.7(0.77%),P:1e0
0.176	0.270	0.371	0.182
0.147	0.559	0.147	0.147
0.453	0.218	0.194	0.135
0.129	0.176	0.636	0.059
0.041	0.847	0.071	0.041
0.047	0.106	0.806	0.041
0.141	0.118	0.659	0.082
0.124	0.676	0.082	0.118
0.377	0.206	0.306	0.112
0.188	0.118	0.594	0.100
0.106	0.741	0.059	0.094
0.283	0.223	0.353	0.141
