>SCCGCSCKCGCG	9-SCCGCSCKCGCG	8.747080	-1.942680	0	T:4.0(0.36%),B:125.5(0.18%),P:1e0
0.093	0.385	0.369	0.153
0.073	0.499	0.192	0.236
0.140	0.522	0.306	0.032
0.089	0.172	0.624	0.115
0.044	0.632	0.083	0.241
0.073	0.489	0.352	0.086
0.061	0.562	0.294	0.083
0.082	0.238	0.286	0.394
0.132	0.641	0.138	0.089
0.186	0.173	0.496	0.145
0.099	0.727	0.096	0.078
0.081	0.274	0.522	0.123
