>NGCSGCSGCSGW	19-NGCSGCSGCSGW	8.646241	-1.147443	0	T:8.0(0.73%),B:405.2(0.58%),P:1e0
0.193	0.335	0.273	0.198
0.029	0.075	0.739	0.157
0.116	0.638	0.164	0.082
0.091	0.403	0.280	0.226
0.123	0.075	0.706	0.096
0.096	0.747	0.116	0.041
0.097	0.390	0.342	0.171
0.014	0.226	0.644	0.116
0.041	0.693	0.157	0.109
0.132	0.383	0.287	0.198
0.082	0.150	0.659	0.109
0.410	0.111	0.199	0.280
