>NCCCGGAGCCGS	14-NCCCGGAGCCGS	9.161138	-1.560785	0	T:7.0(0.64%),B:302.9(0.44%),P:1e0
0.201	0.312	0.278	0.209
0.099	0.597	0.194	0.110
0.057	0.654	0.192	0.097
0.095	0.658	0.181	0.066
0.086	0.168	0.658	0.088
0.080	0.195	0.638	0.087
0.467	0.246	0.179	0.108
0.105	0.166	0.620	0.109
0.079	0.701	0.129	0.091
0.101	0.652	0.173	0.074
0.064	0.179	0.672	0.085
0.177	0.404	0.269	0.150
