>NCGCCCGCDCCG	13-NCGCCCGCDCCG	7.000001	-1.589211	0	T:26.0(2.37%),B:1370.9(1.98%),P:1e0
0.231	0.270	0.288	0.211
0.188	0.537	0.244	0.031
0.037	0.207	0.495	0.260
0.027	0.464	0.234	0.274
0.014	0.493	0.330	0.163
0.038	0.556	0.396	0.010
0.200	0.025	0.758	0.017
0.214	0.464	0.142	0.181
0.287	0.020	0.364	0.328
0.044	0.561	0.364	0.031
0.027	0.483	0.320	0.169
0.183	0.236	0.393	0.189
