>CCCGAGCGCGGC	3-CCCGAGCGCGGC	10.282412	-3.481124	0	T:6.0(0.55%),B:144.8(0.21%),P:1e-1
0.051	0.648	0.143	0.158
0.024	0.680	0.174	0.122
0.019	0.700	0.227	0.054
0.064	0.202	0.683	0.051
0.422	0.223	0.212	0.143
0.186	0.086	0.618	0.110
0.199	0.574	0.157	0.070
0.029	0.156	0.712	0.103
0.094	0.685	0.157	0.064
0.055	0.320	0.580	0.045
0.013	0.226	0.638	0.123
0.211	0.609	0.117	0.063
