>CMGCMGCMGCCG	6-CMGCMGCMGCCG	9.527611	-2.921728	0	T:7.0(0.64%),B:209.7(0.30%),P:1e-1
0.081	0.587	0.245	0.087
0.417	0.287	0.178	0.119
0.099	0.201	0.658	0.042
0.116	0.625	0.207	0.052
0.411	0.287	0.235	0.067
0.099	0.202	0.647	0.052
0.107	0.612	0.242	0.039
0.393	0.294	0.235	0.077
0.086	0.158	0.695	0.061
0.069	0.676	0.187	0.068
0.102	0.674	0.186	0.038
0.114	0.212	0.575	0.099
