>SCGCGGGGCAGV	5-SCGCGGGGCAGV	9.518204	-2.928083	0	T:5.0(0.46%),B:125.3(0.18%),P:1e-1
0.150	0.274	0.378	0.198
0.078	0.638	0.175	0.109
0.073	0.137	0.688	0.102
0.091	0.725	0.125	0.059
0.070	0.155	0.710	0.065
0.088	0.190	0.655	0.067
0.130	0.223	0.573	0.074
0.111	0.136	0.644	0.109
0.131	0.619	0.151	0.099
0.435	0.181	0.264	0.120
0.116	0.168	0.599	0.117
0.191	0.336	0.287	0.186
