>VGGCGCGCCGGS	15-VGGCGCGCCGGS	8.494569	-1.392668	0	T:23.0(2.10%),B:1236.7(1.79%),P:1e0
0.211	0.279	0.331	0.179
0.101	0.153	0.658	0.088
0.089	0.175	0.663	0.073
0.126	0.607	0.180	0.087
0.091	0.157	0.646	0.106
0.116	0.611	0.184	0.089
0.087	0.189	0.605	0.119
0.081	0.641	0.202	0.076
0.122	0.601	0.171	0.106
0.107	0.162	0.623	0.108
0.095	0.165	0.663	0.077
0.191	0.295	0.354	0.159
