>NGCTGCTGCCGC	24-NGCTGCTGCCGC	9.203707	-0.518130	0	T:8.0(0.73%),B:527.6(0.76%),P:1e0
0.201	0.310	0.248	0.240
0.099	0.081	0.706	0.114
0.119	0.642	0.122	0.117
0.144	0.222	0.189	0.444
0.092	0.077	0.695	0.136
0.097	0.680	0.123	0.100
0.123	0.187	0.215	0.475
0.098	0.149	0.639	0.114
0.101	0.602	0.180	0.117
0.072	0.706	0.147	0.075
0.069	0.091	0.765	0.075
0.192	0.407	0.233	0.168
