>NCCGCGGCGRMS	2-SKYCGCCGCGGN	9.323312	-4.599436	0	T:2.0(0.18%),B:8.2(0.01%),P:1e-1
0.181	0.318	0.239	0.262
0.059	0.580	0.292	0.069
0.078	0.517	0.310	0.095
0.028	0.320	0.651	0.001
0.011	0.845	0.143	0.001
0.040	0.331	0.615	0.014
0.055	0.260	0.684	0.001
0.198	0.592	0.193	0.017
0.166	0.203	0.606	0.025
0.473	0.103	0.323	0.101
0.344	0.483	0.166	0.006
0.172	0.254	0.369	0.204
