>NCSGCSGCSGCN	22-NCSGCSGCSGCN	7.187583	-0.781051	0	T:65.0(5.93%),B:4029.3(5.82%),P:1e0
0.144	0.279	0.284	0.293
0.025	0.667	0.237	0.071
0.051	0.353	0.442	0.153
0.057	0.223	0.604	0.116
0.080	0.662	0.213	0.045
0.107	0.313	0.430	0.151
0.076	0.284	0.619	0.021
0.114	0.582	0.157	0.147
0.097	0.321	0.429	0.154
0.083	0.302	0.497	0.118
0.072	0.608	0.286	0.034
0.229	0.196	0.336	0.239
