>NCCGCCCCCGCN	16-NCCGCCCCCGCN	9.759514	-1.326849	0	T:6.0(0.55%),B:271.3(0.39%),P:1e0
0.173	0.308	0.321	0.199
0.107	0.650	0.146	0.097
0.077	0.664	0.167	0.092
0.081	0.171	0.647	0.101
0.105	0.639	0.144	0.112
0.108	0.608	0.157	0.127
0.082	0.633	0.169	0.116
0.082	0.628	0.180	0.110
0.093	0.662	0.144	0.101
0.098	0.157	0.648	0.097
0.117	0.623	0.162	0.098
0.217	0.279	0.283	0.221
