>NCCGCCGCCGCS	21-NCCGCCGCCGCS	8.640476	-0.930741	0	T:41.0(3.74%),B:2461.0(3.55%),P:1e0
0.207	0.308	0.283	0.202
0.136	0.626	0.099	0.139
0.089	0.608	0.183	0.120
0.072	0.160	0.645	0.123
0.124	0.635	0.146	0.095
0.084	0.601	0.198	0.117
0.091	0.159	0.683	0.067
0.145	0.610	0.145	0.100
0.076	0.648	0.184	0.092
0.081	0.177	0.638	0.104
0.101	0.729	0.109	0.061
0.174	0.296	0.365	0.165
