>CGCCCGCAGCCC	7-CGCCCGCAGCCC	12.643597	-2.221907	0	T:4.0(0.36%),B:112.9(0.16%),P:1e0
0.070	0.779	0.107	0.044
0.076	0.080	0.749	0.095
0.066	0.854	0.073	0.007
0.046	0.841	0.060	0.053
0.054	0.757	0.103	0.086
0.037	0.057	0.900	0.006
0.026	0.887	0.077	0.010
0.691	0.100	0.090	0.119
0.010	0.029	0.914	0.047
0.026	0.928	0.027	0.019
0.019	0.894	0.062	0.025
0.042	0.808	0.087	0.063
