>SGCGCCTGGAGN	8-NCTCCAGGCGCS	8.292157	-2.117236	0	T:22.0(2.01%),B:1051.8(1.52%),P:1e0
0.184	0.351	0.300	0.165
0.069	0.128	0.705	0.098
0.082	0.729	0.089	0.100
0.102	0.108	0.683	0.107
0.105	0.639	0.135	0.121
0.098	0.656	0.142	0.104
0.125	0.181	0.214	0.480
0.103	0.166	0.605	0.126
0.115	0.128	0.653	0.104
0.538	0.190	0.159	0.113
0.086	0.135	0.670	0.109
0.218	0.341	0.226	0.214
