>CCGCCCGGTCCC	7-GGGACCGGGCGG	13.131224	-2.201743	0	T:2.0(0.18%),B:35.2(0.05%),P:1e0
0.074	0.765	0.096	0.065
0.074	0.739	0.090	0.097
0.084	0.128	0.697	0.091
0.050	0.805	0.090	0.055
0.064	0.763	0.104	0.069
0.076	0.738	0.098	0.088
0.118	0.085	0.709	0.088
0.053	0.163	0.694	0.090
0.091	0.161	0.156	0.592
0.042	0.827	0.065	0.066
0.050	0.826	0.061	0.063
0.033	0.846	0.064	0.057
