>BCGCCCGGAGCN	16-BCGCCCGGAGCN	7.824978	-1.002482	0	T:40.0(3.65%),B:2406.4(3.42%),P:1e0
0.173	0.234	0.365	0.227
0.082	0.722	0.114	0.082
0.103	0.105	0.693	0.099
0.099	0.659	0.107	0.135
0.069	0.586	0.203	0.142
0.093	0.648	0.177	0.082
0.090	0.181	0.637	0.092
0.128	0.143	0.623	0.106
0.476	0.213	0.161	0.150
0.135	0.113	0.625	0.127
0.105	0.677	0.114	0.104
0.208	0.289	0.315	0.189
