>BGKCGGGGGVGV	24-BGKCGGGGGVGV	8.754324	-0.274243	0	T:6.0(0.55%),B:481.4(0.69%),P:1e0
0.158	0.352	0.257	0.233
0.051	0.176	0.654	0.119
0.105	0.170	0.360	0.365
0.028	0.934	0.029	0.009
0.026	0.117	0.847	0.010
0.052	0.240	0.663	0.045
0.117	0.295	0.483	0.104
0.122	0.179	0.629	0.070
0.224	0.139	0.528	0.109
0.354	0.298	0.235	0.113
0.134	0.099	0.645	0.122
0.203	0.325	0.301	0.171
