>YCGGCGGCCGSN	15-YCGGCGGCCGSN	8.392583	-1.026022	0	T:5.0(0.46%),B:251.3(0.36%),P:1e0
0.133	0.363	0.194	0.310
0.035	0.761	0.093	0.111
0.066	0.160	0.713	0.061
0.177	0.152	0.560	0.111
0.139	0.724	0.093	0.044
0.178	0.128	0.628	0.066
0.305	0.168	0.505	0.022
0.044	0.467	0.267	0.221
0.212	0.444	0.278	0.067
0.067	0.229	0.638	0.066
0.239	0.418	0.276	0.067
0.289	0.261	0.220	0.230
