>VGTCCCCGCCGS	9-SCGGCGGGGACB	8.762950	-2.108425	0	T:8.0(0.73%),B:311.3(0.44%),P:1e0
0.224	0.347	0.245	0.184
0.142	0.131	0.617	0.110
0.112	0.128	0.147	0.613
0.115	0.631	0.125	0.129
0.100	0.633	0.145	0.122
0.113	0.605	0.175	0.107
0.089	0.665	0.174	0.072
0.112	0.130	0.656	0.102
0.123	0.607	0.158	0.112
0.082	0.668	0.169	0.081
0.098	0.113	0.701	0.088
0.176	0.383	0.241	0.200
