>CGTTCGCGCGAG	3-CTCGCGCGAACG	11.242621	-4.175144	0	T:1.0(0.09%),B:0.0(0.00%),P:1e-1
0.130	0.640	0.142	0.088
0.075	0.188	0.603	0.134
0.075	0.202	0.161	0.562
0.015	0.295	0.137	0.553
0.075	0.664	0.149	0.112
0.001	0.209	0.695	0.095
0.149	0.744	0.075	0.032
0.052	0.136	0.745	0.067
0.052	0.806	0.105	0.037
0.060	0.152	0.661	0.127
0.479	0.289	0.187	0.045
0.157	0.187	0.581	0.075
