>SCCGGCCCGGBS	25-SCCGGCCCGGBS	11.023361	-0.131546	0	T:1.0(0.09%),B:134.2(0.19%),P:1e0
0.074	0.332	0.479	0.115
0.011	0.835	0.121	0.033
0.104	0.699	0.115	0.082
0.089	0.100	0.691	0.120
0.023	0.160	0.782	0.035
0.019	0.841	0.119	0.021
0.014	0.823	0.095	0.068
0.101	0.677	0.138	0.084
0.097	0.120	0.673	0.110
0.023	0.156	0.793	0.028
0.107	0.289	0.298	0.306
0.103	0.316	0.396	0.185
