>GCTCCCGCTGTC	8-GACAGCGGGAGC	10.724133	-2.187038	0	T:3.0(0.27%),B:73.6(0.10%),P:1e0
0.087	0.138	0.669	0.106
0.064	0.726	0.119	0.091
0.094	0.160	0.122	0.624
0.057	0.698	0.149	0.096
0.077	0.746	0.081	0.096
0.119	0.631	0.119	0.131
0.101	0.145	0.608	0.146
0.067	0.734	0.130	0.069
0.111	0.139	0.117	0.633
0.066	0.159	0.656	0.119
0.094	0.203	0.149	0.554
0.069	0.723	0.121	0.087
