>AGCGGGCGCGGG	20-AGCGGGCGCGGG	8.763550	-0.641558	0	T:17.0(1.55%),B:1084.0(1.54%),P:1e0
0.648	0.131	0.082	0.139
0.081	0.140	0.643	0.136
0.090	0.709	0.095	0.106
0.117	0.125	0.645	0.113
0.098	0.129	0.633	0.140
0.073	0.131	0.619	0.177
0.123	0.662	0.127	0.088
0.064	0.106	0.724	0.106
0.096	0.726	0.080	0.098
0.106	0.142	0.679	0.073
0.111	0.138	0.631	0.120
0.101	0.129	0.681	0.089
