>TTCCCCGCGG	1-TTCCCCGCGG	10.216485	-0.525669	0	T:2.0(0.18%),B:129.7(0.18%),P:1e0	Tpos:41.0,Tstd:15.0,Bpos:3022.2,Bstd:8781.2,StrandBias:10.0,Multiplicity:1.00
0.056	0.222	0.176	0.546
0.020	0.122	0.184	0.674
0.020	0.769	0.080	0.131
0.009	0.780	0.116	0.095
0.025	0.829	0.085	0.061
0.172	0.553	0.158	0.117
0.080	0.111	0.758	0.051
0.091	0.700	0.160	0.049
0.137	0.109	0.702	0.052
0.043	0.233	0.692	0.032
>GGGGCGCCGC	2-GGGGCGCCGC	12.243810	-0.398869	0	T:5.0(0.46%),B:370.4(0.52%),P:1e0	Tpos:61.6,Tstd:32.7,Bpos:3165.7,Bstd:10606.5,StrandBias:2.0,Multiplicity:1.00
0.001	0.379	0.616	0.004
0.001	0.085	0.913	0.001
0.009	0.052	0.935	0.004
0.001	0.109	0.889	0.001
0.199	0.799	0.001	0.001
0.001	0.001	0.997	0.001
0.001	0.991	0.007	0.001
0.004	0.657	0.338	0.001
0.001	0.047	0.951	0.001
0.004	0.859	0.136	0.001
>CCGGGGAGCG	3-CCGGGGAGCG	10.296193	-0.389080	0	T:3.0(0.27%),B:227.6(0.32%),P:1e0	Tpos:73.7,Tstd:19.4,Bpos:4785.6,Bstd:13822.2,StrandBias:-1.0,Multiplicity:1.00
0.100	0.700	0.100	0.100
0.100	0.700	0.100	0.100
0.100	0.100	0.700	0.100
0.100	0.100	0.700	0.100
0.100	0.100	0.700	0.100
0.100	0.100	0.700	0.100
0.700	0.100	0.100	0.100
0.100	0.100	0.700	0.100
0.100	0.700	0.100	0.100
0.100	0.100	0.700	0.100
>GGAGCGGGCG	4-GGAGCGGGCG	10.296193	-0.123896	0	T:4.0(0.36%),B:419.3(0.59%),P:1e0	Tpos:81.2,Tstd:13.5,Bpos:2837.1,Bstd:10332.9,StrandBias:0.0,Multiplicity:1.00
0.100	0.100	0.700	0.100
0.100	0.100	0.700	0.100
0.700	0.100	0.100	0.100
0.100	0.100	0.700	0.100
0.100	0.700	0.100	0.100
0.100	0.100	0.700	0.100
0.100	0.100	0.700	0.100
0.100	0.100	0.700	0.100
0.100	0.700	0.100	0.100
0.100	0.100	0.700	0.100
>CCGGAGCCGC	5-CCGGAGCCGC	10.288806	-0.036229	0	T:2.0(0.18%),B:336.3(0.47%),P:1e0	Tpos:70.0,Tstd:0.0,Bpos:4578.6,Bstd:14924.3,StrandBias:10.0,Multiplicity:1.00
0.069	0.732	0.117	0.082
0.107	0.671	0.135	0.087
0.106	0.119	0.681	0.094
0.088	0.133	0.706	0.073
0.662	0.119	0.125	0.094
0.085	0.097	0.760	0.058
0.098	0.696	0.118	0.088
0.085	0.694	0.111	0.110
0.084	0.122	0.696	0.098
0.106	0.702	0.114	0.078
>CGGCSGGGSR	6-CGGCSGGGSR	6.431713	-0.009681	0	T:1.0(0.09%),B:303.2(0.42%),P:1e0	Tpos:89.0,Tstd:0.0,Bpos:5509.8,Bstd:14007.1,StrandBias:10.0,Multiplicity:1.00
0.201	0.491	0.286	0.022
0.191	0.320	0.489	0.001
0.186	0.241	0.398	0.174
0.200	0.547	0.252	0.001
0.219	0.287	0.374	0.121
0.154	0.285	0.528	0.033
0.072	0.378	0.549	0.001
0.184	0.222	0.562	0.032
0.192	0.477	0.331	0.001
0.390	0.221	0.301	0.088
>SCSGCSGCCG	7-SCSGCSGCCG	9.283291	-0.006892	0	T:5.0(0.46%),B:791.8(1.11%),P:1e0	Tpos:56.7,Tstd:28.3,Bpos:1467.1,Bstd:6451.4,StrandBias:-1.0,Multiplicity:1.00
0.001	0.468	0.520	0.011
0.035	0.847	0.094	0.024
0.043	0.428	0.492	0.037
0.041	0.108	0.809	0.042
0.023	0.732	0.241	0.004
0.141	0.355	0.345	0.158
0.039	0.116	0.842	0.003
0.057	0.603	0.311	0.029
0.055	0.560	0.353	0.032
0.047	0.058	0.792	0.103
>SCCGCGGGAS	8-SCCGCGGGAS	6.746703	-0.006626	0	T:3.0(0.27%),B:583.0(0.82%),P:1e0	Tpos:14.0,Tstd:9.3,Bpos:4705.8,Bstd:14115.2,StrandBias:-1.0,Multiplicity:1.00
0.122	0.304	0.444	0.129
0.091	0.592	0.226	0.091
0.164	0.493	0.183	0.159
0.114	0.193	0.559	0.134
0.139	0.523	0.232	0.106
0.171	0.167	0.509	0.153
0.154	0.123	0.642	0.081
0.110	0.241	0.610	0.039
0.430	0.257	0.202	0.111
0.194	0.250	0.383	0.173
>GGCGCGGCGC	9-GGCGCGGCGC	10.270027	-0.003427	0	T:3.0(0.27%),B:635.7(0.89%),P:1e0	Tpos:58.5,Tstd:4.5,Bpos:2231.7,Bstd:8815.2,StrandBias:0.0,Multiplicity:1.00
0.053	0.163	0.711	0.073
0.077	0.123	0.751	0.049
0.116	0.622	0.224	0.038
0.062	0.155	0.678	0.105
0.109	0.656	0.184	0.051
0.102	0.131	0.671	0.096
0.014	0.140	0.791	0.055
0.125	0.689	0.164	0.022
0.035	0.122	0.773	0.070
0.067	0.659	0.234	0.040
>NCGCGGCGCN	10-NCGCGGCGCN	6.610742	-0.000813	0	T:8.0(0.73%),B:1296.0(1.81%),P:1e0	Tpos:39.2,Tstd:34.8,Bpos:1623.3,Bstd:7324.1,StrandBias:2.0,Multiplicity:1.00
0.205	0.295	0.284	0.216
0.139	0.550	0.179	0.132
0.138	0.176	0.553	0.133
0.136	0.551	0.186	0.127
0.150	0.169	0.544	0.137
0.117	0.175	0.591	0.117
0.147	0.542	0.179	0.132
0.126	0.178	0.542	0.154
0.131	0.563	0.180	0.126
0.220	0.280	0.270	0.229
>CCGCGGCCGC	11-CCGCGGCCGC	10.157521	-0.000502	0	T:4.0(0.36%),B:907.1(1.27%),P:1e0	Tpos:34.3,Tstd:24.1,Bpos:1466.6,Bstd:6557.3,StrandBias:1.0,Multiplicity:1.00
0.060	0.761	0.164	0.015
0.045	0.631	0.264	0.060
0.012	0.211	0.741	0.036
0.088	0.760	0.151	0.001
0.120	0.259	0.555	0.066
0.007	0.161	0.778	0.054
0.068	0.784	0.128	0.020
0.081	0.491	0.309	0.119
0.066	0.231	0.689	0.014
0.018	0.794	0.187	0.001
>SGSGSNGSGS	12-SGSGSNGSGS	7.320696	-0.000152	0	T:8.0(0.73%),B:1453.1(2.03%),P:1e0	Tpos:68.0,Tstd:6.0,Bpos:2954.2,Bstd:11684.7,StrandBias:0.0,Multiplicity:1.00
0.100	0.371	0.477	0.052
0.007	0.382	0.610	0.001
0.086	0.513	0.400	0.001
0.063	0.061	0.773	0.103
0.045	0.493	0.408	0.054
0.188	0.325	0.290	0.197
0.020	0.311	0.611	0.058
0.075	0.472	0.452	0.001
0.113	0.121	0.658	0.108
0.108	0.421	0.429	0.042
>CCGCCGCCSS	13-CCGCCGCCSS	10.713383	-0.000150	0	T:5.0(0.46%),B:1123.7(1.57%),P:1e0	Tpos:18.0,Tstd:8.0,Bpos:13421.2,Bstd:26458.4,StrandBias:10.0,Multiplicity:2.00
0.001	0.699	0.299	0.001
0.001	0.733	0.265	0.001
0.001	0.001	0.997	0.001
0.001	0.866	0.132	0.001
0.001	0.997	0.001	0.001
0.001	0.170	0.828	0.001
0.001	0.706	0.292	0.001
0.001	0.582	0.416	0.001
0.035	0.503	0.461	0.001
0.001	0.568	0.430	0.001
>CCCGCCGCCC	14-CCCGCCGCCC	12.479260	-0.000051	0	T:5.0(0.46%),B:1212.0(1.70%),P:1e0	Tpos:37.6,Tstd:22.3,Bpos:3845.6,Bstd:12425.8,StrandBias:-0.6,Multiplicity:1.00
0.001	0.767	0.231	0.001
0.001	0.997	0.001	0.001
0.001	0.907	0.091	0.001
0.001	0.001	0.997	0.001
0.001	0.851	0.147	0.001
0.001	0.997	0.001	0.001
0.001	0.001	0.997	0.001
0.001	0.767	0.231	0.001
0.001	0.756	0.242	0.001
0.001	0.739	0.259	0.001
>GCGGSGGGCG	15-GCGGSGGGCG	9.142543	-0.000006	0	T:2.0(0.18%),B:961.5(1.35%),P:1e0	Tpos:48.5,Tstd:43.5,Bpos:2542.7,Bstd:9808.8,StrandBias:0.0,Multiplicity:1.00
0.001	0.286	0.700	0.013
0.001	0.681	0.317	0.001
0.082	0.298	0.602	0.018
0.006	0.397	0.596	0.001
0.014	0.436	0.517	0.033
0.098	0.337	0.521	0.044
0.090	0.282	0.627	0.001
0.001	0.248	0.658	0.093
0.031	0.592	0.376	0.001
0.001	0.001	0.792	0.206
>CCCMGCGCGC	16-CCCMGCGCGC	11.379635	-0.000001	0	T:1.0(0.09%),B:881.8(1.23%),P:1e0	Tpos:16.0,Tstd:0.0,Bpos:2532.8,Bstd:10546.9,StrandBias:10.0,Multiplicity:1.00
0.001	0.997	0.001	0.001
0.001	0.629	0.369	0.001
0.001	0.747	0.251	0.001
0.374	0.487	0.138	0.001
0.001	0.001	0.997	0.001
0.001	0.997	0.001	0.001
0.001	0.402	0.596	0.001
0.001	0.809	0.189	0.001
0.001	0.001	0.997	0.001
0.001	0.997	0.001	0.001
>SCCGSSGCGS	17-SCCGSSGCGS	8.193524	-0.000001	0	T:13.0(1.19%),B:2468.0(3.45%),P:1e0	Tpos:50.5,Tstd:28.1,Bpos:3693.0,Bstd:12955.2,StrandBias:10.0,Multiplicity:1.00
0.083	0.439	0.455	0.023
0.047	0.628	0.300	0.025
0.132	0.624	0.201	0.043
0.056	0.183	0.698	0.063
0.035	0.532	0.432	0.001
0.168	0.378	0.292	0.162
0.001	0.110	0.866	0.023
0.054	0.812	0.133	0.001
0.135	0.334	0.488	0.043
0.043	0.409	0.520	0.028
>CGCCGCCCGS	18-CGCCGCCCGS	9.284048	-0.000000	0	T:1.0(0.09%),B:998.8(1.40%),P:1e0	Tpos:42.0,Tstd:0.0,Bpos:1481.4,Bstd:7106.2,StrandBias:-10.0,Multiplicity:1.00
0.141	0.453	0.283	0.123
0.001	0.274	0.724	0.001
0.044	0.823	0.132	0.001
0.107	0.557	0.116	0.220
0.001	0.333	0.575	0.091
0.001	0.773	0.216	0.010
0.001	0.732	0.256	0.011
0.028	0.600	0.267	0.105
0.015	0.270	0.643	0.072
0.004	0.544	0.451	0.001
>GCGGGCGGCG	19-GCGGGCGGCG	9.681919	-0.000000	0	T:2.0(0.18%),B:1447.4(2.03%),P:1e0	Tpos:84.0,Tstd:0.0,Bpos:1430.8,Bstd:6414.1,StrandBias:-10.0,Multiplicity:1.00
0.010	0.282	0.661	0.047
0.058	0.610	0.307	0.025
0.071	0.107	0.759	0.063
0.002	0.292	0.652	0.054
0.036	0.343	0.540	0.081
0.164	0.518	0.244	0.074
0.041	0.035	0.870	0.054
0.001	0.116	0.839	0.044
0.095	0.772	0.103	0.030
0.050	0.078	0.765	0.107
>SCCGCCGCSS	20-SCCGCCGCSS	8.136434	-0.000000	0	T:22.0(2.01%),B:3939.9(5.52%),P:1e0	Tpos:58.4,Tstd:27.3,Bpos:2460.7,Bstd:10358.3,StrandBias:0.4,Multiplicity:1.00
0.001	0.479	0.519	0.001
0.001	0.660	0.308	0.031
0.109	0.442	0.291	0.158
0.001	0.130	0.841	0.028
0.001	0.757	0.241	0.001
0.082	0.465	0.310	0.142
0.001	0.276	0.722	0.001
0.001	0.701	0.297	0.001
0.129	0.404	0.380	0.087
0.113	0.378	0.442	0.066
>SSSGSSGSSG	21-SSSGSSGSSG	7.208165	-0.000000	0	T:3.0(0.27%),B:1738.4(2.43%),P:1e0	Tpos:48.0,Tstd:34.2,Bpos:2579.0,Bstd:10054.4,StrandBias:1.0,Multiplicity:1.00
0.062	0.405	0.463	0.070
0.041	0.461	0.465	0.033
0.084	0.476	0.405	0.035
0.099	0.074	0.759	0.068
0.035	0.468	0.483	0.014
0.210	0.358	0.362	0.070
0.082	0.104	0.725	0.089
0.142	0.458	0.378	0.022
0.078	0.384	0.512	0.026
0.077	0.289	0.557	0.077
>CCCSCCCCCC	22-CCCSCCCCCC	9.039522	-0.000000	0	T:1.0(0.09%),B:1437.8(2.01%),P:1e0	Tpos:27.0,Tstd:0.0,Bpos:6133.8,Bstd:16275.2,StrandBias:-10.0,Multiplicity:1.00
0.001	0.594	0.389	0.016
0.001	0.945	0.018	0.036
0.082	0.532	0.205	0.181
0.040	0.439	0.455	0.065
0.008	0.752	0.239	0.001
0.076	0.641	0.235	0.048
0.036	0.531	0.288	0.145
0.021	0.625	0.344	0.010
0.019	0.664	0.316	0.001
0.105	0.557	0.324	0.014
>SCGCSGCSSC	23-SCGCSGCSSC	7.454328	-0.000000	0	T:18.0(1.64%),B:4067.5(5.69%),P:1e0	Tpos:50.2,Tstd:28.1,Bpos:2421.8,Bstd:10072.0,StrandBias:0.7,Multiplicity:1.00
0.072	0.439	0.461	0.028
0.057	0.555	0.345	0.043
0.008	0.368	0.546	0.078
0.065	0.720	0.157	0.058
0.110	0.452	0.324	0.113
0.012	0.316	0.505	0.167
0.020	0.787	0.109	0.084
0.061	0.440	0.292	0.208
0.044	0.477	0.425	0.054
0.039	0.606	0.305	0.050
>CCCSSCCCCC	24-CCCSSCCCCC	8.015995	-0.000000	0	T:107.0(9.75%),B:17172.3(24.04%),P:1e0	Tpos:46.4,Tstd:28.4,Bpos:6887.0,Bstd:16895.2,StrandBias:0.3,Multiplicity:1.09
0.033	0.898	0.068	0.001
0.001	0.743	0.255	0.001
0.005	0.875	0.119	0.001
0.121	0.402	0.364	0.113
0.001	0.476	0.497	0.026
0.001	0.816	0.001	0.182
0.001	0.620	0.328	0.051
0.001	0.715	0.283	0.001
0.047	0.683	0.269	0.001
0.001	0.814	0.153	0.032
>GCSGCSSSSG	25-GCSGCSSSSG	7.219040	0.000000	0	T:8.0(0.73%),B:2937.5(4.11%),P:1e0	Tpos:49.8,Tstd:24.1,Bpos:2671.6,Bstd:11008.1,StrandBias:-0.6,Multiplicity:1.25
0.019	0.350	0.582	0.049
0.001	0.582	0.261	0.156
0.075	0.437	0.331	0.158
0.005	0.308	0.629	0.058
0.001	0.619	0.379	0.001
0.173	0.368	0.306	0.153
0.023	0.494	0.474	0.009
0.075	0.448	0.403	0.074
0.004	0.491	0.398	0.107
0.015	0.140	0.628	0.217
