>TTCCCCGCGG	1-TTCCCCGCGG	10.216485	-0.525669	0	T:2.0(0.18%),B:129.7(0.18%),P:1e0	Tpos:41.0,Tstd:15.0,Bpos:3022.2,Bstd:8781.2,StrandBias:10.0,Multiplicity:1.00
0.056	0.222	0.176	0.546
0.020	0.122	0.184	0.674
0.020	0.769	0.080	0.131
0.009	0.780	0.116	0.095
0.025	0.829	0.085	0.061
0.172	0.553	0.158	0.117
0.080	0.111	0.758	0.051
0.091	0.700	0.160	0.049
0.137	0.109	0.702	0.052
0.043	0.233	0.692	0.032
>GGGGCGCCGC	2-GGGGCGCCGC	12.243810	-0.398869	0	T:5.0(0.46%),B:370.4(0.52%),P:1e0	Tpos:61.6,Tstd:32.7,Bpos:3165.7,Bstd:10606.5,StrandBias:2.0,Multiplicity:1.00
0.001	0.379	0.616	0.004
0.001	0.085	0.913	0.001
0.009	0.052	0.935	0.004
0.001	0.109	0.889	0.001
0.199	0.799	0.001	0.001
0.001	0.001	0.997	0.001
0.001	0.991	0.007	0.001
0.004	0.657	0.338	0.001
0.001	0.047	0.951	0.001
0.004	0.859	0.136	0.001
>CCGGGGAGCG	3-CCGGGGAGCG	10.296193	-0.389080	0	T:3.0(0.27%),B:227.6(0.32%),P:1e0	Tpos:73.7,Tstd:19.4,Bpos:4785.6,Bstd:13822.2,StrandBias:-1.0,Multiplicity:1.00
0.100	0.700	0.100	0.100
0.100	0.700	0.100	0.100
0.100	0.100	0.700	0.100
0.100	0.100	0.700	0.100
0.100	0.100	0.700	0.100
0.100	0.100	0.700	0.100
0.700	0.100	0.100	0.100
0.100	0.100	0.700	0.100
0.100	0.700	0.100	0.100
0.100	0.100	0.700	0.100
>GGAGCGGGCG	4-GGAGCGGGCG	10.296193	-0.123896	0	T:4.0(0.36%),B:419.3(0.59%),P:1e0	Tpos:81.2,Tstd:13.5,Bpos:2837.1,Bstd:10332.9,StrandBias:0.0,Multiplicity:1.00
0.100	0.100	0.700	0.100
0.100	0.100	0.700	0.100
0.700	0.100	0.100	0.100
0.100	0.100	0.700	0.100
0.100	0.700	0.100	0.100
0.100	0.100	0.700	0.100
0.100	0.100	0.700	0.100
0.100	0.100	0.700	0.100
0.100	0.700	0.100	0.100
0.100	0.100	0.700	0.100
>CCGGAGCCGC	5-CCGGAGCCGC	10.288806	-0.036229	0	T:2.0(0.18%),B:336.3(0.47%),P:1e0	Tpos:70.0,Tstd:0.0,Bpos:4578.6,Bstd:14924.3,StrandBias:10.0,Multiplicity:1.00
0.069	0.732	0.117	0.082
0.107	0.671	0.135	0.087
0.106	0.119	0.681	0.094
0.088	0.133	0.706	0.073
0.662	0.119	0.125	0.094
0.085	0.097	0.760	0.058
0.098	0.696	0.118	0.088
0.085	0.694	0.111	0.110
0.084	0.122	0.696	0.098
0.106	0.702	0.114	0.078
>CGGCSGGGSR	6-CGGCSGGGSR	6.431713	-0.009681	0	T:1.0(0.09%),B:303.2(0.42%),P:1e0	Tpos:89.0,Tstd:0.0,Bpos:5509.8,Bstd:14007.1,StrandBias:10.0,Multiplicity:1.00
0.201	0.491	0.286	0.022
0.191	0.320	0.489	0.001
0.186	0.241	0.398	0.174
0.200	0.547	0.252	0.001
0.219	0.287	0.374	0.121
0.154	0.285	0.528	0.033
0.072	0.378	0.549	0.001
0.184	0.222	0.562	0.032
0.192	0.477	0.331	0.001
0.390	0.221	0.301	0.088
>SCSGCSGCCG	7-SCSGCSGCCG	9.283291	-0.006892	0	T:5.0(0.46%),B:791.8(1.11%),P:1e0	Tpos:56.7,Tstd:28.3,Bpos:1467.1,Bstd:6451.4,StrandBias:-1.0,Multiplicity:1.00
0.001	0.468	0.520	0.011
0.035	0.847	0.094	0.024
0.043	0.428	0.492	0.037
0.041	0.108	0.809	0.042
0.023	0.732	0.241	0.004
0.141	0.355	0.345	0.158
0.039	0.116	0.842	0.003
0.057	0.603	0.311	0.029
0.055	0.560	0.353	0.032
0.047	0.058	0.792	0.103
>SCCGCGGGAS	8-SCCGCGGGAS	6.746703	-0.006626	0	T:3.0(0.27%),B:583.0(0.82%),P:1e0	Tpos:14.0,Tstd:9.3,Bpos:4705.8,Bstd:14115.2,StrandBias:-1.0,Multiplicity:1.00
0.122	0.304	0.444	0.129
0.091	0.592	0.226	0.091
0.164	0.493	0.183	0.159
0.114	0.193	0.559	0.134
0.139	0.523	0.232	0.106
0.171	0.167	0.509	0.153
0.154	0.123	0.642	0.081
0.110	0.241	0.610	0.039
0.430	0.257	0.202	0.111
0.194	0.250	0.383	0.173
>GGCGCGGCGC	9-GGCGCGGCGC	10.270027	-0.003427	0	T:3.0(0.27%),B:635.7(0.89%),P:1e0	Tpos:58.5,Tstd:4.5,Bpos:2231.7,Bstd:8815.2,StrandBias:0.0,Multiplicity:1.00
0.053	0.163	0.711	0.073
0.077	0.123	0.751	0.049
0.116	0.622	0.224	0.038
0.062	0.155	0.678	0.105
0.109	0.656	0.184	0.051
0.102	0.131	0.671	0.096
0.014	0.140	0.791	0.055
0.125	0.689	0.164	0.022
0.035	0.122	0.773	0.070
0.067	0.659	0.234	0.040
>NCGCGGCGCN	10-NCGCGGCGCN	6.610742	-0.000813	0	T:8.0(0.73%),B:1296.0(1.81%),P:1e0	Tpos:39.2,Tstd:34.8,Bpos:1623.3,Bstd:7324.1,StrandBias:2.0,Multiplicity:1.00
0.205	0.295	0.284	0.216
0.139	0.550	0.179	0.132
0.138	0.176	0.553	0.133
0.136	0.551	0.186	0.127
0.150	0.169	0.544	0.137
0.117	0.175	0.591	0.117
0.147	0.542	0.179	0.132
0.126	0.178	0.542	0.154
0.131	0.563	0.180	0.126
0.220	0.280	0.270	0.229
>CCGCGGCCGC	11-CCGCGGCCGC	10.157521	-0.000502	0	T:4.0(0.36%),B:907.1(1.27%),P:1e0	Tpos:34.3,Tstd:24.1,Bpos:1466.6,Bstd:6557.3,StrandBias:1.0,Multiplicity:1.00
0.060	0.761	0.164	0.015
0.045	0.631	0.264	0.060
0.012	0.211	0.741	0.036
0.088	0.760	0.151	0.001
0.120	0.259	0.555	0.066
0.007	0.161	0.778	0.054
0.068	0.784	0.128	0.020
0.081	0.491	0.309	0.119
0.066	0.231	0.689	0.014
0.018	0.794	0.187	0.001
>SGSGSNGSGS	12-SGSGSNGSGS	7.320696	-0.000152	0	T:8.0(0.73%),B:1453.1(2.03%),P:1e0	Tpos:68.0,Tstd:6.0,Bpos:2954.2,Bstd:11684.7,StrandBias:0.0,Multiplicity:1.00
0.100	0.371	0.477	0.052
0.007	0.382	0.610	0.001
0.086	0.513	0.400	0.001
0.063	0.061	0.773	0.103
0.045	0.493	0.408	0.054
0.188	0.325	0.290	0.197
0.020	0.311	0.611	0.058
0.075	0.472	0.452	0.001
0.113	0.121	0.658	0.108
0.108	0.421	0.429	0.042
>CCGCCGCCSS	13-CCGCCGCCSS	10.713383	-0.000150	0	T:5.0(0.46%),B:1123.7(1.57%),P:1e0	Tpos:18.0,Tstd:8.0,Bpos:13421.2,Bstd:26458.4,StrandBias:10.0,Multiplicity:2.00
0.001	0.699	0.299	0.001
0.001	0.733	0.265	0.001
0.001	0.001	0.997	0.001
0.001	0.866	0.132	0.001
0.001	0.997	0.001	0.001
0.001	0.170	0.828	0.001
0.001	0.706	0.292	0.001
0.001	0.582	0.416	0.001
0.035	0.503	0.461	0.001
0.001	0.568	0.430	0.001
>CCCGCCGCCC	14-CCCGCCGCCC	12.479260	-0.000051	0	T:5.0(0.46%),B:1212.0(1.70%),P:1e0	Tpos:37.6,Tstd:22.3,Bpos:3845.6,Bstd:12425.8,StrandBias:-0.6,Multiplicity:1.00
0.001	0.767	0.231	0.001
0.001	0.997	0.001	0.001
0.001	0.907	0.091	0.001
0.001	0.001	0.997	0.001
0.001	0.851	0.147	0.001
0.001	0.997	0.001	0.001
0.001	0.001	0.997	0.001
0.001	0.767	0.231	0.001
0.001	0.756	0.242	0.001
0.001	0.739	0.259	0.001
>GCGGSGGGCG	15-GCGGSGGGCG	9.142543	-0.000006	0	T:2.0(0.18%),B:961.5(1.35%),P:1e0	Tpos:48.5,Tstd:43.5,Bpos:2542.7,Bstd:9808.8,StrandBias:0.0,Multiplicity:1.00
0.001	0.286	0.700	0.013
0.001	0.681	0.317	0.001
0.082	0.298	0.602	0.018
0.006	0.397	0.596	0.001
0.014	0.436	0.517	0.033
0.098	0.337	0.521	0.044
0.090	0.282	0.627	0.001
0.001	0.248	0.658	0.093
0.031	0.592	0.376	0.001
0.001	0.001	0.792	0.206
>CCCMGCGCGC	16-CCCMGCGCGC	11.379635	-0.000001	0	T:1.0(0.09%),B:881.8(1.23%),P:1e0	Tpos:16.0,Tstd:0.0,Bpos:2532.8,Bstd:10546.9,StrandBias:10.0,Multiplicity:1.00
0.001	0.997	0.001	0.001
0.001	0.629	0.369	0.001
0.001	0.747	0.251	0.001
0.374	0.487	0.138	0.001
0.001	0.001	0.997	0.001
0.001	0.997	0.001	0.001
0.001	0.402	0.596	0.001
0.001	0.809	0.189	0.001
0.001	0.001	0.997	0.001
0.001	0.997	0.001	0.001
>SCCGSSGCGS	17-SCCGSSGCGS	8.193524	-0.000001	0	T:13.0(1.19%),B:2468.0(3.45%),P:1e0	Tpos:50.5,Tstd:28.1,Bpos:3693.0,Bstd:12955.2,StrandBias:10.0,Multiplicity:1.00
0.083	0.439	0.455	0.023
0.047	0.628	0.300	0.025
0.132	0.624	0.201	0.043
0.056	0.183	0.698	0.063
0.035	0.532	0.432	0.001
0.168	0.378	0.292	0.162
0.001	0.110	0.866	0.023
0.054	0.812	0.133	0.001
0.135	0.334	0.488	0.043
0.043	0.409	0.520	0.028
>CGCCGCCCGS	18-CGCCGCCCGS	9.284048	-0.000000	0	T:1.0(0.09%),B:998.8(1.40%),P:1e0	Tpos:42.0,Tstd:0.0,Bpos:1481.4,Bstd:7106.2,StrandBias:-10.0,Multiplicity:1.00
0.141	0.453	0.283	0.123
0.001	0.274	0.724	0.001
0.044	0.823	0.132	0.001
0.107	0.557	0.116	0.220
0.001	0.333	0.575	0.091
0.001	0.773	0.216	0.010
0.001	0.732	0.256	0.011
0.028	0.600	0.267	0.105
0.015	0.270	0.643	0.072
0.004	0.544	0.451	0.001
>GCGGGCGGCG	19-GCGGGCGGCG	9.681919	-0.000000	0	T:2.0(0.18%),B:1447.4(2.03%),P:1e0	Tpos:84.0,Tstd:0.0,Bpos:1430.8,Bstd:6414.1,StrandBias:-10.0,Multiplicity:1.00
0.010	0.282	0.661	0.047
0.058	0.610	0.307	0.025
0.071	0.107	0.759	0.063
0.002	0.292	0.652	0.054
0.036	0.343	0.540	0.081
0.164	0.518	0.244	0.074
0.041	0.035	0.870	0.054
0.001	0.116	0.839	0.044
0.095	0.772	0.103	0.030
0.050	0.078	0.765	0.107
>SCCGCCGCSS	20-SCCGCCGCSS	8.136434	-0.000000	0	T:22.0(2.01%),B:3939.9(5.52%),P:1e0	Tpos:58.4,Tstd:27.3,Bpos:2460.7,Bstd:10358.3,StrandBias:0.4,Multiplicity:1.00
0.001	0.479	0.519	0.001
0.001	0.660	0.308	0.031
0.109	0.442	0.291	0.158
0.001	0.130	0.841	0.028
0.001	0.757	0.241	0.001
0.082	0.465	0.310	0.142
0.001	0.276	0.722	0.001
0.001	0.701	0.297	0.001
0.129	0.404	0.380	0.087
0.113	0.378	0.442	0.066
>SSSGSSGSSG	21-SSSGSSGSSG	7.208165	-0.000000	0	T:3.0(0.27%),B:1738.4(2.43%),P:1e0	Tpos:48.0,Tstd:34.2,Bpos:2579.0,Bstd:10054.4,StrandBias:1.0,Multiplicity:1.00
0.062	0.405	0.463	0.070
0.041	0.461	0.465	0.033
0.084	0.476	0.405	0.035
0.099	0.074	0.759	0.068
0.035	0.468	0.483	0.014
0.210	0.358	0.362	0.070
0.082	0.104	0.725	0.089
0.142	0.458	0.378	0.022
0.078	0.384	0.512	0.026
0.077	0.289	0.557	0.077
>CCCSCCCCCC	22-CCCSCCCCCC	9.039522	-0.000000	0	T:1.0(0.09%),B:1437.8(2.01%),P:1e0	Tpos:27.0,Tstd:0.0,Bpos:6133.8,Bstd:16275.2,StrandBias:-10.0,Multiplicity:1.00
0.001	0.594	0.389	0.016
0.001	0.945	0.018	0.036
0.082	0.532	0.205	0.181
0.040	0.439	0.455	0.065
0.008	0.752	0.239	0.001
0.076	0.641	0.235	0.048
0.036	0.531	0.288	0.145
0.021	0.625	0.344	0.010
0.019	0.664	0.316	0.001
0.105	0.557	0.324	0.014
>SCGCSGCSSC	23-SCGCSGCSSC	7.454328	-0.000000	0	T:18.0(1.64%),B:4067.5(5.69%),P:1e0	Tpos:50.2,Tstd:28.1,Bpos:2421.8,Bstd:10072.0,StrandBias:0.7,Multiplicity:1.00
0.072	0.439	0.461	0.028
0.057	0.555	0.345	0.043
0.008	0.368	0.546	0.078
0.065	0.720	0.157	0.058
0.110	0.452	0.324	0.113
0.012	0.316	0.505	0.167
0.020	0.787	0.109	0.084
0.061	0.440	0.292	0.208
0.044	0.477	0.425	0.054
0.039	0.606	0.305	0.050
>CCCSSCCCCC	24-CCCSSCCCCC	8.015995	-0.000000	0	T:107.0(9.75%),B:17172.3(24.04%),P:1e0	Tpos:46.4,Tstd:28.4,Bpos:6887.0,Bstd:16895.2,StrandBias:0.3,Multiplicity:1.09
0.033	0.898	0.068	0.001
0.001	0.743	0.255	0.001
0.005	0.875	0.119	0.001
0.121	0.402	0.364	0.113
0.001	0.476	0.497	0.026
0.001	0.816	0.001	0.182
0.001	0.620	0.328	0.051
0.001	0.715	0.283	0.001
0.047	0.683	0.269	0.001
0.001	0.814	0.153	0.032
>GCSGCSSSSG	25-GCSGCSSSSG	7.219040	0.000000	0	T:8.0(0.73%),B:2937.5(4.11%),P:1e0	Tpos:49.8,Tstd:24.1,Bpos:2671.6,Bstd:11008.1,StrandBias:-0.6,Multiplicity:1.25
0.019	0.350	0.582	0.049
0.001	0.582	0.261	0.156
0.075	0.437	0.331	0.158
0.005	0.308	0.629	0.058
0.001	0.619	0.379	0.001
0.173	0.368	0.306	0.153
0.023	0.494	0.474	0.009
0.075	0.448	0.403	0.074
0.004	0.491	0.398	0.107
0.015	0.140	0.628	0.217
>AGATCTGCAAGC	1-AGATCTGCAAGC	11.801709	-3.860436	0	T:2.0(0.18%),B:13.6(0.02%),P:1e-1	Tpos:28.3,Tstd:8.2,Bpos:15901.5,Bstd:16455.7,StrandBias:1.0,Multiplicity:1.50
0.714	0.063	0.128	0.095
0.156	0.156	0.657	0.031
0.448	0.200	0.214	0.138
0.102	0.202	0.189	0.507
0.023	0.865	0.056	0.056
0.091	0.073	0.013	0.823
0.046	0.212	0.672	0.070
0.090	0.702	0.185	0.023
0.734	0.225	0.014	0.027
0.610	0.018	0.259	0.113
0.120	0.061	0.757	0.062
0.113	0.656	0.209	0.022
>GGAGAGCTCTTC	2-GGAGAGCTCTTC	14.352940	-2.983040	0	T:2.0(0.18%),B:22.2(0.03%),P:1e-1	Tpos:76.5,Tstd:12.5,Bpos:15056.1,Bstd:15991.9,StrandBias:0.0,Multiplicity:1.00
0.001	0.001	0.895	0.103
0.001	0.109	0.889	0.001
0.661	0.227	0.111	0.001
0.003	0.109	0.812	0.076
0.779	0.001	0.219	0.001
0.001	0.001	0.997	0.001
0.131	0.867	0.001	0.001
0.126	0.125	0.072	0.677
0.001	0.878	0.120	0.001
0.072	0.142	0.092	0.694
0.001	0.001	0.086	0.912
0.004	0.943	0.001	0.052
>TTTTTCCAGCGC	3-TTTTTCCAGCGC	12.355432	-2.437470	0	T:1.0(0.09%),B:5.5(0.01%),P:1e-1	Tpos:94.0,Tstd:0.0,Bpos:11894.5,Bstd:14478.8,StrandBias:10.0,Multiplicity:1.00
0.100	0.100	0.100	0.700
0.100	0.100	0.100	0.700
0.100	0.100	0.100	0.700
0.100	0.100	0.100	0.700
0.100	0.100	0.100	0.700
0.100	0.700	0.100	0.100
0.100	0.700	0.100	0.100
0.700	0.100	0.100	0.100
0.100	0.100	0.700	0.100
0.100	0.700	0.100	0.100
0.100	0.100	0.700	0.100
0.100	0.700	0.100	0.100
>TGCGGGCRGGRH	4-TGCGGGCRGGRH	8.704030	-2.397936	0	T:6.0(0.55%),B:198.5(0.28%),P:1e-1	Tpos:57.7,Tstd:26.9,Bpos:8254.3,Bstd:18125.5,StrandBias:1.0,Multiplicity:1.00
0.119	0.164	0.196	0.521
0.140	0.142	0.646	0.072
0.055	0.570	0.184	0.191
0.247	0.081	0.619	0.053
0.110	0.220	0.583	0.087
0.127	0.149	0.638	0.086
0.072	0.556	0.279	0.093
0.460	0.097	0.378	0.065
0.098	0.144	0.689	0.069
0.090	0.273	0.552	0.085
0.316	0.214	0.428	0.042
0.271	0.322	0.134	0.273
>VTCCGGCGGSGN	5-VTCCGGCGGSGN	8.766225	-2.223170	0	T:3.0(0.27%),B:73.6(0.10%),P:1e0	Tpos:56.0,Tstd:16.7,Bpos:3264.3,Bstd:12959.5,StrandBias:-1.0,Multiplicity:1.00
0.232	0.336	0.286	0.146
0.107	0.133	0.257	0.503
0.102	0.468	0.164	0.266
0.077	0.636	0.194	0.093
0.008	0.075	0.721	0.196
0.043	0.314	0.592	0.051
0.051	0.741	0.128	0.080
0.004	0.079	0.858	0.059
0.166	0.271	0.485	0.078
0.069	0.399	0.415	0.117
0.090	0.274	0.484	0.153
0.230	0.305	0.299	0.167
>CCCCAACCTTTC	6-CCCCAACCTTTC	13.746076	-2.137533	0	T:3.0(0.27%),B:76.8(0.11%),P:1e0	Tpos:44.7,Tstd:19.7,Bpos:12922.3,Bstd:14712.5,StrandBias:10.0,Multiplicity:1.00
0.001	0.997	0.001	0.001
0.001	0.795	0.203	0.001
0.001	0.997	0.001	0.001
0.001	0.997	0.001	0.001
0.870	0.128	0.001	0.001
0.792	0.001	0.114	0.093
0.001	0.997	0.001	0.001
0.001	0.997	0.001	0.001
0.001	0.117	0.001	0.881
0.001	0.098	0.001	0.900
0.001	0.112	0.001	0.886
0.001	0.997	0.001	0.001
>VGGAGCGGGCGN	7-VGGAGCGGGCGN	9.726211	-1.422430	0	T:2.0(0.18%),B:60.6(0.08%),P:1e0	Tpos:68.0,Tstd:3.0,Bpos:3761.1,Bstd:11458.0,StrandBias:0.0,Multiplicity:1.00
0.220	0.297	0.328	0.156
0.151	0.117	0.610	0.122
0.141	0.131	0.605	0.123
0.565	0.125	0.188	0.122
0.158	0.168	0.576	0.098
0.116	0.688	0.105	0.091
0.100	0.169	0.642	0.089
0.070	0.144	0.677	0.109
0.130	0.152	0.616	0.102
0.045	0.695	0.137	0.123
0.103	0.083	0.678	0.136
0.319	0.292	0.185	0.204
>CSGGCGCCGCRN	8-CSGGCGCCGCRN	10.210585	-1.380627	0	T:1.0(0.09%),B:18.2(0.03%),P:1e0	Tpos:6.0,Tstd:0.0,Bpos:7601.8,Bstd:15653.6,StrandBias:-10.0,Multiplicity:1.00
0.191	0.461	0.115	0.233
0.205	0.359	0.387	0.049
0.064	0.210	0.701	0.025
0.051	0.115	0.770	0.064
0.112	0.710	0.089	0.089
0.089	0.040	0.767	0.104
0.026	0.730	0.218	0.026
0.102	0.756	0.130	0.012
0.025	0.089	0.834	0.052
0.079	0.627	0.255	0.039
0.408	0.141	0.363	0.087
0.294	0.248	0.163	0.295
>CGGTGCCTGGAG	9-CGGTGCCTGGAG	11.683403	-1.336572	0	T:1.0(0.09%),B:19.3(0.03%),P:1e0	Tpos:12.0,Tstd:0.0,Bpos:16687.2,Bstd:18197.0,StrandBias:10.0,Multiplicity:1.00
0.061	0.685	0.143	0.111
0.021	0.115	0.829	0.035
0.151	0.145	0.648	0.056
0.157	0.185	0.113	0.545
0.146	0.143	0.619	0.092
0.102	0.630	0.177	0.091
0.073	0.748	0.108	0.071
0.110	0.153	0.191	0.546
0.072	0.140	0.727	0.061
0.066	0.050	0.734	0.150
0.649	0.201	0.085	0.065
0.099	0.146	0.639	0.116
>CGCCGCGGCCGG	10-CGCCGCGGCCGG	12.355432	-1.090507	0	T:2.0(0.18%),B:77.8(0.11%),P:1e0	Tpos:11.0,Tstd:4.0,Bpos:1094.0,Bstd:5391.5,StrandBias:10.0,Multiplicity:1.00
0.100	0.700	0.100	0.100
0.100	0.100	0.700	0.100
0.100	0.700	0.100	0.100
0.100	0.700	0.100	0.100
0.100	0.100	0.700	0.100
0.100	0.700	0.100	0.100
0.100	0.100	0.700	0.100
0.100	0.100	0.700	0.100
0.100	0.700	0.100	0.100
0.100	0.700	0.100	0.100
0.100	0.100	0.700	0.100
0.100	0.100	0.700	0.100
>CGCCCCTCTCCA	11-CGCCCCTCTCCA	11.697022	-0.928144	0	T:1.0(0.09%),B:32.5(0.05%),P:1e0	Tpos:34.0,Tstd:0.0,Bpos:4008.5,Bstd:9854.5,StrandBias:10.0,Multiplicity:1.00
0.114	0.638	0.138	0.110
0.125	0.184	0.537	0.154
0.080	0.705	0.118	0.097
0.098	0.706	0.096	0.100
0.095	0.679	0.110	0.116
0.087	0.702	0.102	0.109
0.102	0.165	0.114	0.619
0.059	0.707	0.110	0.124
0.079	0.188	0.106	0.627
0.065	0.728	0.117	0.090
0.088	0.798	0.042	0.072
0.553	0.176	0.140	0.131
>GCTGCTGGGTGG	12-GCTGCTGGGTGG	13.295049	-0.442647	0	T:3.0(0.27%),B:215.0(0.30%),P:1e0	Tpos:50.3,Tstd:9.5,Bpos:11611.3,Bstd:15006.4,StrandBias:-1.0,Multiplicity:1.00
0.051	0.036	0.912	0.001
0.035	0.814	0.053	0.098
0.071	0.119	0.052	0.758
0.002	0.108	0.767	0.123
0.001	0.898	0.100	0.001
0.053	0.093	0.067	0.787
0.001	0.110	0.843	0.046
0.001	0.001	0.997	0.001
0.031	0.063	0.905	0.001
0.111	0.075	0.069	0.745
0.053	0.001	0.872	0.074
0.054	0.235	0.710	0.001
>CCCACCCCACTC	13-CCCACCCCACTC	12.355432	-0.198355	0	T:2.0(0.18%),B:204.8(0.29%),P:1e0	Tpos:43.5,Tstd:7.5,Bpos:11876.5,Bstd:15776.0,StrandBias:0.0,Multiplicity:1.00
0.100	0.700	0.100	0.100
0.100	0.700	0.100	0.100
0.100	0.700	0.100	0.100
0.700	0.100	0.100	0.100
0.100	0.700	0.100	0.100
0.100	0.700	0.100	0.100
0.100	0.700	0.100	0.100
0.100	0.700	0.100	0.100
0.700	0.100	0.100	0.100
0.100	0.700	0.100	0.100
0.100	0.100	0.100	0.700
0.100	0.700	0.100	0.100
>VGGCGCGSSRCV	14-VGGCGCGSSRCV	8.418817	-0.183799	0	T:1.0(0.09%),B:116.6(0.16%),P:1e0	Tpos:68.0,Tstd:0.0,Bpos:2549.3,Bstd:9326.9,StrandBias:10.0,Multiplicity:1.00
0.295	0.356	0.252	0.097
0.102	0.306	0.486	0.106
0.199	0.187	0.554	0.060
0.137	0.670	0.146	0.047
0.090	0.145	0.702	0.063
0.065	0.777	0.114	0.044
0.065	0.138	0.606	0.191
0.233	0.442	0.309	0.016
0.137	0.441	0.406	0.016
0.409	0.152	0.392	0.047
0.121	0.560	0.160	0.159
0.210	0.323	0.316	0.151
>CTGCCCTGCTCT	15-CTGCCCTGCTCT	12.923893	-0.140398	0	T:2.0(0.18%),B:231.6(0.32%),P:1e0	Tpos:28.5,Tstd:1.5,Bpos:13033.4,Bstd:15203.7,StrandBias:10.0,Multiplicity:1.00
0.037	0.793	0.138	0.032
0.056	0.021	0.001	0.922
0.037	0.001	0.902	0.060
0.001	0.900	0.023	0.076
0.032	0.887	0.077	0.004
0.063	0.669	0.113	0.155
0.038	0.032	0.130	0.800
0.035	0.097	0.867	0.001
0.001	0.932	0.017	0.050
0.096	0.152	0.090	0.662
0.039	0.865	0.044	0.052
0.049	0.124	0.018	0.809
>GGGGGGGGGGGG	16-GGGGGGGGGGGG	15.698614	-0.083593	0	T:4.0(0.36%),B:458.4(0.64%),P:1e0	Tpos:25.8,Tstd:22.4,Bpos:10751.5,Bstd:19216.0,StrandBias:1.0,Multiplicity:1.00
0.001	0.001	0.997	0.001
0.001	0.001	0.997	0.001
0.001	0.001	0.997	0.001
0.001	0.001	0.997	0.001
0.405	0.001	0.593	0.001
0.001	0.001	0.997	0.001
0.001	0.001	0.997	0.001
0.001	0.001	0.997	0.001
0.001	0.001	0.997	0.001
0.001	0.001	0.997	0.001
0.001	0.001	0.997	0.001
0.001	0.001	0.997	0.001
>VAGGGGCGGGGN	17-VAGGGGCGGGGN	9.946870	-0.052363	0	T:1.0(0.09%),B:194.7(0.27%),P:1e0	Tpos:60.0,Tstd:0.0,Bpos:5106.3,Bstd:14749.0,StrandBias:10.0,Multiplicity:1.00
0.259	0.277	0.314	0.151
0.553	0.136	0.202	0.109
0.110	0.074	0.729	0.087
0.128	0.108	0.665	0.099
0.109	0.111	0.671	0.109
0.119	0.137	0.662	0.082
0.153	0.562	0.153	0.132
0.135	0.128	0.603	0.134
0.103	0.108	0.696	0.093
0.108	0.110	0.678	0.104
0.101	0.114	0.701	0.084
0.237	0.244	0.297	0.223
>CCGVGCGNCNBG	18-CCGVGCGNCNBG	7.482481	-0.033939	0	T:3.0(0.27%),B:446.6(0.63%),P:1e0	Tpos:34.0,Tstd:0.0,Bpos:5418.7,Bstd:12638.1,StrandBias:10.0,Multiplicity:1.00
0.001	0.716	0.282	0.001
0.001	0.591	0.407	0.001
0.001	0.279	0.719	0.001
0.278	0.344	0.377	0.001
0.189	0.220	0.436	0.156
0.001	0.655	0.343	0.001
0.001	0.187	0.533	0.279
0.189	0.313	0.248	0.251
0.219	0.533	0.001	0.247
0.282	0.216	0.219	0.282
0.001	0.376	0.345	0.279
0.001	0.282	0.466	0.250
>CGMGCSSNCSGS	19-CGMGCSSNCSGS	8.080517	-0.005505	0	T:3.0(0.27%),B:597.3(0.84%),P:1e0	Tpos:84.0,Tstd:0.0,Bpos:1862.0,Bstd:6555.4,StrandBias:10.0,Multiplicity:1.00
0.176	0.533	0.235	0.056
0.056	0.253	0.558	0.133
0.260	0.407	0.242	0.091
0.105	0.246	0.544	0.105
0.063	0.759	0.101	0.077
0.035	0.365	0.487	0.112
0.210	0.358	0.431	0.001
0.169	0.218	0.298	0.316
0.112	0.562	0.186	0.140
0.091	0.456	0.452	0.001
0.210	0.001	0.788	0.001
0.168	0.407	0.368	0.056
>CSTCCGSCSGSC	20-CSTCCGSCSGSC	8.410961	-0.004355	0	T:1.0(0.09%),B:355.3(0.50%),P:1e0	Tpos:76.0,Tstd:0.0,Bpos:10706.6,Bstd:20481.2,StrandBias:10.0,Multiplicity:1.00
0.001	0.488	0.266	0.244
0.151	0.401	0.260	0.188
0.150	0.137	0.141	0.572
0.101	0.630	0.069	0.200
0.001	0.531	0.087	0.381
0.001	0.365	0.633	0.001
0.137	0.485	0.378	0.001
0.343	0.530	0.001	0.126
0.228	0.396	0.320	0.056
0.206	0.303	0.489	0.001
0.001	0.494	0.422	0.083
0.175	0.569	0.255	0.001
>CGSGCVGVGCVG	21-CGSGCVGVGCVG	8.777042	-0.003379	0	T:4.0(0.36%),B:749.1(1.05%),P:1e0	Tpos:35.0,Tstd:0.0,Bpos:3313.1,Bstd:11333.2,StrandBias:-10.0,Multiplicity:1.00
0.172	0.460	0.252	0.116
0.001	0.268	0.730	0.001
0.220	0.419	0.336	0.025
0.118	0.012	0.869	0.001
0.085	0.752	0.162	0.001
0.244	0.338	0.339	0.080
0.127	0.275	0.597	0.001
0.321	0.279	0.399	0.001
0.257	0.066	0.676	0.001
0.084	0.570	0.333	0.013
0.334	0.228	0.310	0.129
0.200	0.138	0.545	0.117
>BRKCTCGCMSGV	22-BRKCTCGCMSGV	7.622049	-0.000105	0	T:1.0(0.09%),B:598.8(0.84%),P:1e0	Tpos:8.0,Tstd:0.0,Bpos:6895.1,Bstd:19500.4,StrandBias:10.0,Multiplicity:1.00
0.144	0.298	0.332	0.226
0.337	0.126	0.464	0.073
0.075	0.140	0.396	0.389
0.128	0.659	0.074	0.139
0.041	0.213	0.222	0.524
0.036	0.763	0.148	0.053
0.071	0.150	0.659	0.120
0.270	0.500	0.134	0.096
0.350	0.474	0.101	0.075
0.088	0.377	0.470	0.064
0.081	0.138	0.704	0.077
0.320	0.211	0.346	0.123
>SSCGCSSSDNNS	23-SSCGCSSSDNNS	6.542002	-0.000028	0	T:6.0(0.55%),B:1379.0(1.93%),P:1e0	Tpos:13.0,Tstd:0.0,Bpos:2853.2,Bstd:9937.3,StrandBias:10.0,Multiplicity:1.00
0.183	0.317	0.335	0.165
0.001	0.438	0.459	0.102
0.031	0.525	0.363	0.081
0.001	0.001	0.938	0.060
0.001	0.997	0.001	0.001
0.132	0.353	0.367	0.147
0.236	0.332	0.431	0.001
0.185	0.374	0.289	0.153
0.228	0.178	0.349	0.245
0.161	0.310	0.252	0.277
0.259	0.270	0.298	0.172
0.159	0.340	0.318	0.184
>CSCCCVGVMGCC	24-CSCCCVGVMGCC	7.918772	-0.000000	0	T:10.0(0.91%),B:2803.2(3.92%),P:1e0	Tpos:40.4,Tstd:20.2,Bpos:7290.4,Bstd:15596.0,StrandBias:-0.4,Multiplicity:1.00
0.001	0.726	0.223	0.050
0.120	0.388	0.433	0.059
0.004	0.600	0.309	0.087
0.075	0.580	0.300	0.045
0.081	0.542	0.292	0.085
0.330	0.323	0.334	0.013
0.110	0.050	0.822	0.018
0.387	0.243	0.272	0.099
0.367	0.381	0.144	0.109
0.233	0.143	0.586	0.038
0.144	0.639	0.199	0.018
0.104	0.495	0.305	0.096
>SCGCGVSCGBNB	25-SCGCGVSCGBNB	6.054109	-0.000000	0	T:159.0(14.49%),B:19171.2(26.84%),P:1e0	Tpos:48.2,Tstd:26.3,Bpos:4031.5,Bstd:13140.5,StrandBias:-0.1,Multiplicity:1.46
0.196	0.325	0.364	0.116
0.001	0.730	0.248	0.021
0.001	0.011	0.968	0.020
0.001	0.933	0.065	0.001
0.223	0.068	0.482	0.227
0.385	0.377	0.237	0.001
0.195	0.426	0.378	0.001
0.092	0.623	0.284	0.001
0.001	0.278	0.626	0.095
0.098	0.250	0.364	0.288
0.271	0.235	0.231	0.263
0.195	0.353	0.222	0.230
>TKCSSCGM	1-TKCSSCGM	7.523008	-0.011776	0	T:8.0(0.73%),B:1024.8(1.43%),P:1e0	Tpos:44.3,Tstd:23.4,Bpos:4783.0,Bstd:15131.8,StrandBias:-1.0,Multiplicity:1.20
0.008	0.272	0.109	0.611
0.001	0.221	0.449	0.329
0.001	0.997	0.001	0.001
0.001	0.416	0.408	0.175
0.001	0.432	0.566	0.001
0.001	0.997	0.001	0.001
0.001	0.001	0.997	0.001
0.372	0.441	0.186	0.001
>SCCGCGCG	2-SCCGCGCG	8.614707	-0.000021	0	T:14.0(1.28%),B:2254.8(3.16%),P:1e0	Tpos:46.1,Tstd:31.7,Bpos:2973.6,Bstd:10849.6,StrandBias:0.6,Multiplicity:1.00
0.027	0.547	0.413	0.013
0.106	0.836	0.022	0.036
0.102	0.689	0.116	0.093
0.001	0.024	0.974	0.001
0.115	0.762	0.054	0.069
0.046	0.262	0.622	0.070
0.001	0.997	0.001	0.001
0.046	0.285	0.580	0.089
>SSGCSGSN	3-SSGCSGSN	4.319166	-0.000001	0	T:17.0(1.55%),B:2900.5(4.06%),P:1e0	Tpos:38.6,Tstd:28.8,Bpos:2225.2,Bstd:9602.1,StrandBias:-0.2,Multiplicity:1.12
0.045	0.401	0.422	0.132
0.212	0.389	0.274	0.126
0.082	0.181	0.525	0.212
0.094	0.541	0.356	0.009
0.173	0.338	0.306	0.183
0.075	0.239	0.557	0.129
0.235	0.431	0.291	0.044
0.206	0.263	0.303	0.228
>SSGCCGSS	4-SSGCCGSS	5.099895	-0.000000	0	T:17.0(1.55%),B:3111.3(4.36%),P:1e0	Tpos:58.1,Tstd:28.8,Bpos:2819.0,Bstd:11221.0,StrandBias:1.3,Multiplicity:1.00
0.107	0.375	0.370	0.148
0.197	0.366	0.310	0.127
0.054	0.184	0.644	0.118
0.105	0.531	0.297	0.067
0.189	0.469	0.182	0.161
0.066	0.195	0.655	0.084
0.147	0.452	0.361	0.039
0.140	0.333	0.384	0.143
>GCSGCCCG	5-GCSGCCCG	7.580255	-0.000000	0	T:11.0(1.00%),B:2563.0(3.59%),P:1e0	Tpos:63.3,Tstd:29.3,Bpos:4273.4,Bstd:13392.8,StrandBias:1.0,Multiplicity:1.00
0.054	0.187	0.712	0.047
0.109	0.795	0.095	0.001
0.035	0.442	0.496	0.027
0.036	0.330	0.494	0.140
0.001	0.643	0.355	0.001
0.006	0.608	0.362	0.024
0.083	0.674	0.190	0.053
0.057	0.075	0.818	0.050
>GGGCGCGC	6-GGGCGCGC	8.751266	-0.000000	0	T:12.0(1.09%),B:2872.9(4.02%),P:1e0	Tpos:31.6,Tstd:19.8,Bpos:2779.0,Bstd:10726.7,StrandBias:1.0,Multiplicity:1.00
0.179	0.071	0.672	0.078
0.085	0.047	0.822	0.046
0.087	0.176	0.711	0.026
0.123	0.702	0.104	0.071
0.011	0.071	0.853	0.065
0.095	0.756	0.120	0.029
0.033	0.049	0.846	0.072
0.064	0.641	0.216	0.079
>SCCGGCGS	7-SCCGGCGS	8.245769	-0.000000	0	T:16.0(1.46%),B:3334.7(4.67%),P:1e0	Tpos:55.9,Tstd:24.6,Bpos:3277.9,Bstd:11644.2,StrandBias:0.7,Multiplicity:1.06
0.122	0.409	0.288	0.181
0.001	0.673	0.275	0.051
0.001	0.913	0.035	0.051
0.047	0.161	0.758	0.034
0.001	0.094	0.904	0.001
0.040	0.888	0.071	0.001
0.043	0.207	0.703	0.047
0.059	0.541	0.395	0.005
>GAGGCTGG	8-GAGGCTGG	6.756986	-0.000000	0	T:90.0(8.20%),B:21260.9(29.76%),P:1e0	Tpos:50.4,Tstd:31.6,Bpos:12246.1,Bstd:15437.2,StrandBias:0.0,Multiplicity:1.00
0.131	0.001	0.867	0.001
0.862	0.001	0.102	0.035
0.001	0.001	0.997	0.001
0.001	0.001	0.997	0.001
0.001	0.997	0.001	0.001
0.001	0.001	0.001	0.997
0.001	0.001	0.997	0.001
0.001	0.001	0.997	0.001
>GGGGGGGN	9-GGGGGGGN	5.450911	-0.000000	0	T:152.0(13.86%),B:26376.2(36.92%),P:1e0	Tpos:22.0,Tstd:0.0,Bpos:12201.2,Bstd:14191.5,StrandBias:10.0,Multiplicity:1.00
0.101	0.189	0.582	0.128
0.058	0.220	0.559	0.163
0.001	0.001	0.796	0.202
0.001	0.186	0.811	0.002
0.052	0.215	0.716	0.017
0.133	0.143	0.551	0.173
0.189	0.193	0.564	0.054
0.227	0.255	0.307	0.212
>CCCCCCCC	10-CCCCCCCC	5.967962	-0.000000	0	T:137.0(12.49%),B:24777.3(34.68%),P:1e0	Tpos:6.0,Tstd:0.0,Bpos:8204.7,Bstd:17377.8,StrandBias:-10.0,Multiplicity:1.00
0.127	0.636	0.065	0.172
0.065	0.653	0.110	0.172
0.139	0.726	0.057	0.078
0.142	0.748	0.098	0.012
0.191	0.524	0.249	0.036
0.135	0.799	0.041	0.025
0.131	0.691	0.072	0.106
0.065	0.711	0.065	0.159
>GGGGGGGS	11-GGGGGGGS	7.098310	-0.000000	0	T:56.0(5.10%),B:12501.3(17.50%),P:1e0	Tpos:26.0,Tstd:9.0,Bpos:7161.0,Bstd:16985.1,StrandBias:0.0,Multiplicity:1.00
0.061	0.078	0.697	0.164
0.082	0.082	0.734	0.102
0.041	0.200	0.615	0.144
0.001	0.204	0.693	0.102
0.001	0.020	0.857	0.122
0.001	0.020	0.938	0.041
0.041	0.041	0.877	0.041
0.063	0.408	0.303	0.225
>GGGGGGGG	12-GGGGGGGG	6.498382	-0.000000	0	T:191.0(17.41%),B:31372.3(43.91%),P:1e0	Tpos:52.2,Tstd:26.6,Bpos:11665.9,Bstd:15917.8,StrandBias:0.0,Multiplicity:1.07
0.001	0.068	0.930	0.001
0.001	0.274	0.485	0.240
0.069	0.069	0.514	0.348
0.001	0.069	0.656	0.274
0.001	0.001	0.965	0.033
0.001	0.034	0.897	0.068
0.001	0.273	0.725	0.001
0.001	0.001	0.997	0.001
>CGCGGCSS	13-CGCGGCSS	5.684730	-0.000000	0	T:44.0(4.01%),B:6583.1(9.21%),P:1e0	Tpos:44.3,Tstd:33.3,Bpos:3465.3,Bstd:11474.9,StrandBias:0.0,Multiplicity:1.09
0.125	0.444	0.245	0.186
0.001	0.294	0.511	0.194
0.001	0.878	0.120	0.001
0.161	0.264	0.434	0.141
0.001	0.381	0.617	0.001
0.163	0.610	0.226	0.001
0.145	0.331	0.462	0.062
0.140	0.417	0.412	0.031
>CCCGCCCC	14-CCCGCCCC	6.061140	-0.000000	0	T:269.0(24.52%),B:30124.4(42.17%),P:1e0	Tpos:48.2,Tstd:29.0,Bpos:8069.6,Bstd:17497.6,StrandBias:0.1,Multiplicity:1.32
0.001	0.632	0.366	0.001
0.001	0.785	0.173	0.041
0.001	0.839	0.116	0.044
0.100	0.084	0.814	0.002
0.084	0.810	0.043	0.063
0.024	0.852	0.101	0.023
0.001	0.613	0.385	0.001
0.047	0.860	0.092	0.001
>GGGGGGGV	15-GGGGGGGV	4.134549	-0.000000	0	T:363.0(33.09%),B:40857.9(57.19%),P:1e0	Tpos:44.5,Tstd:26.6,Bpos:11944.3,Bstd:16384.4,StrandBias:-0.3,Multiplicity:1.07
0.027	0.283	0.592	0.098
0.090	0.215	0.515	0.180
0.031	0.212	0.532	0.225
0.029	0.101	0.763	0.107
0.085	0.197	0.656	0.062
0.104	0.199	0.550	0.147
0.124	0.216	0.498	0.163
0.225	0.223	0.369	0.183
>GGGGGGGG	16-GGGGGGGG	5.139431	-0.000000	0	T:142.0(12.94%),B:26296.0(36.81%),P:1e0	Tpos:13.5,Tstd:8.5,Bpos:11124.4,Bstd:16741.9,StrandBias:0.0,Multiplicity:1.00
0.140	0.269	0.472	0.120
0.145	0.168	0.504	0.183
0.045	0.084	0.737	0.134
0.001	0.174	0.747	0.078
0.050	0.164	0.637	0.149
0.069	0.192	0.623	0.116
0.107	0.161	0.650	0.082
0.153	0.204	0.470	0.173
>GGGGGGSG	17-GGGGGGSG	4.348964	-0.000000	0	T:359.0(32.73%),B:40978.4(57.36%),P:1e0	Tpos:51.6,Tstd:30.2,Bpos:10857.5,Bstd:16680.0,StrandBias:-0.3,Multiplicity:1.11
0.092	0.249	0.511	0.148
0.073	0.276	0.505	0.146
0.048	0.259	0.561	0.132
0.047	0.111	0.600	0.242
0.032	0.046	0.906	0.016
0.128	0.237	0.571	0.064
0.162	0.262	0.412	0.164
0.159	0.252	0.403	0.186
>CCCCCCCC	18-CCCCCCCC	4.541652	-0.000000	0	T:142.0(12.94%),B:26134.3(36.58%),P:1e0	Tpos:36.0,Tstd:0.0,Bpos:12420.9,Bstd:18005.1,StrandBias:10.0,Multiplicity:1.00
0.180	0.419	0.209	0.192
0.112	0.590	0.195	0.103
0.093	0.615	0.220	0.072
0.153	0.561	0.202	0.084
0.164	0.595	0.240	0.001
0.209	0.559	0.128	0.104
0.179	0.477	0.197	0.147
0.147	0.435	0.282	0.135
>CGCCGCCG	19-CGCCGCCG	6.569248	-0.000000	0	T:98.0(8.93%),B:13787.3(19.30%),P:1e0	Tpos:44.2,Tstd:28.6,Bpos:3245.6,Bstd:11825.3,StrandBias:0.3,Multiplicity:1.26
0.067	0.729	0.133	0.071
0.064	0.086	0.778	0.072
0.020	0.836	0.082	0.062
0.053	0.700	0.136	0.111
0.067	0.157	0.720	0.056
0.046	0.832	0.085	0.037
0.118	0.701	0.112	0.069
0.039	0.122	0.706	0.133
>CCRCCCCN	20-CCRCCCCN	5.266349	-0.000000	0	T:294.0(26.80%),B:36172.9(50.63%),P:1e0	Tpos:50.8,Tstd:28.4,Bpos:10787.5,Bstd:16889.9,StrandBias:0.1,Multiplicity:1.06
0.038	0.887	0.074	0.001
0.001	0.851	0.147	0.001
0.443	0.188	0.368	0.001
0.001	0.962	0.036	0.001
0.001	0.778	0.185	0.036
0.001	0.962	0.036	0.001
0.001	0.962	0.036	0.001
0.259	0.189	0.221	0.332
>CCCCCCCA	21-CCCCCCCA	5.933595	-0.000000	0	T:245.0(22.33%),B:33425.4(46.79%),P:1e0	Tpos:50.9,Tstd:27.0,Bpos:12842.8,Bstd:15088.7,StrandBias:0.6,Multiplicity:1.02
0.001	0.609	0.177	0.213
0.106	0.858	0.035	0.001
0.001	0.963	0.035	0.001
0.183	0.603	0.213	0.001
0.106	0.892	0.001	0.001
0.177	0.787	0.035	0.001
0.035	0.963	0.001	0.001
0.749	0.177	0.001	0.073
>CCCAGCCB	22-CCCAGCCB	5.381511	-0.000000	0	T:269.0(24.52%),B:37446.1(52.42%),P:1e0	Tpos:52.3,Tstd:26.4,Bpos:12508.7,Bstd:15281.8,StrandBias:0.1,Multiplicity:1.15
0.001	0.972	0.013	0.014
0.001	0.942	0.056	0.001
0.012	0.968	0.019	0.001
0.942	0.001	0.056	0.001
0.011	0.001	0.985	0.003
0.003	0.979	0.015	0.003
0.028	0.950	0.021	0.001
0.107	0.283	0.271	0.340
>SGCGSCGV	23-SGCGSCGV	5.562358	-0.000000	0	T:27.0(2.46%),B:5912.2(8.28%),P:1e0	Tpos:63.5,Tstd:8.2,Bpos:6325.5,Bstd:16919.5,StrandBias:-1.6,Multiplicity:1.00
0.135	0.383	0.326	0.156
0.009	0.366	0.589	0.036
0.170	0.525	0.250	0.055
0.245	0.001	0.584	0.170
0.220	0.323	0.407	0.050
0.235	0.487	0.277	0.001
0.003	0.001	0.860	0.136
0.283	0.396	0.282	0.039
>GCGGGGCG	24-GCGGGGCG	9.967882	-0.000000	0	T:13.0(1.19%),B:4653.1(6.51%),P:1e0	Tpos:27.0,Tstd:0.0,Bpos:6360.8,Bstd:17622.2,StrandBias:-10.0,Multiplicity:1.00
0.001	0.035	0.929	0.035
0.105	0.789	0.001	0.105
0.017	0.106	0.595	0.282
0.016	0.035	0.925	0.024
0.001	0.001	0.993	0.005
0.017	0.011	0.971	0.001
0.061	0.868	0.001	0.070
0.005	0.021	0.964	0.010
>BBCSGCGC	25-BBCSGCGC	6.728791	-0.000000	0	T:17.0(1.55%),B:3998.3(5.60%),P:1e0	Tpos:61.7,Tstd:18.9,Bpos:3289.3,Bstd:11791.0,StrandBias:0.2,Multiplicity:1.00
0.104	0.362	0.269	0.265
0.001	0.384	0.367	0.248
0.001	0.962	0.036	0.001
0.126	0.378	0.289	0.206
0.001	0.329	0.669	0.001
0.001	0.997	0.001	0.001
0.001	0.292	0.706	0.001
0.074	0.536	0.350	0.040
