>TKCSSCGM	1-TKCSSCGM	7.523008	-0.011776	0	T:8.0(0.73%),B:1024.8(1.43%),P:1e0	Tpos:44.3,Tstd:23.4,Bpos:4783.0,Bstd:15131.8,StrandBias:-1.0,Multiplicity:1.20
0.008	0.272	0.109	0.611
0.001	0.221	0.449	0.329
0.001	0.997	0.001	0.001
0.001	0.416	0.408	0.175
0.001	0.432	0.566	0.001
0.001	0.997	0.001	0.001
0.001	0.001	0.997	0.001
0.372	0.441	0.186	0.001
>SCCGCGCG	2-SCCGCGCG	8.614707	-0.000021	0	T:14.0(1.28%),B:2254.8(3.16%),P:1e0	Tpos:46.1,Tstd:31.7,Bpos:2973.6,Bstd:10849.6,StrandBias:0.6,Multiplicity:1.00
0.027	0.547	0.413	0.013
0.106	0.836	0.022	0.036
0.102	0.689	0.116	0.093
0.001	0.024	0.974	0.001
0.115	0.762	0.054	0.069
0.046	0.262	0.622	0.070
0.001	0.997	0.001	0.001
0.046	0.285	0.580	0.089
>SSGCSGSN	3-SSGCSGSN	4.319166	-0.000001	0	T:17.0(1.55%),B:2900.5(4.06%),P:1e0	Tpos:38.6,Tstd:28.8,Bpos:2225.2,Bstd:9602.1,StrandBias:-0.2,Multiplicity:1.12
0.045	0.401	0.422	0.132
0.212	0.389	0.274	0.126
0.082	0.181	0.525	0.212
0.094	0.541	0.356	0.009
0.173	0.338	0.306	0.183
0.075	0.239	0.557	0.129
0.235	0.431	0.291	0.044
0.206	0.263	0.303	0.228
>SSGCCGSS	4-SSGCCGSS	5.099895	-0.000000	0	T:17.0(1.55%),B:3111.3(4.36%),P:1e0	Tpos:58.1,Tstd:28.8,Bpos:2819.0,Bstd:11221.0,StrandBias:1.3,Multiplicity:1.00
0.107	0.375	0.370	0.148
0.197	0.366	0.310	0.127
0.054	0.184	0.644	0.118
0.105	0.531	0.297	0.067
0.189	0.469	0.182	0.161
0.066	0.195	0.655	0.084
0.147	0.452	0.361	0.039
0.140	0.333	0.384	0.143
>GCSGCCCG	5-GCSGCCCG	7.580255	-0.000000	0	T:11.0(1.00%),B:2563.0(3.59%),P:1e0	Tpos:63.3,Tstd:29.3,Bpos:4273.4,Bstd:13392.8,StrandBias:1.0,Multiplicity:1.00
0.054	0.187	0.712	0.047
0.109	0.795	0.095	0.001
0.035	0.442	0.496	0.027
0.036	0.330	0.494	0.140
0.001	0.643	0.355	0.001
0.006	0.608	0.362	0.024
0.083	0.674	0.190	0.053
0.057	0.075	0.818	0.050
>GGGCGCGC	6-GGGCGCGC	8.751266	-0.000000	0	T:12.0(1.09%),B:2872.9(4.02%),P:1e0	Tpos:31.6,Tstd:19.8,Bpos:2779.0,Bstd:10726.7,StrandBias:1.0,Multiplicity:1.00
0.179	0.071	0.672	0.078
0.085	0.047	0.822	0.046
0.087	0.176	0.711	0.026
0.123	0.702	0.104	0.071
0.011	0.071	0.853	0.065
0.095	0.756	0.120	0.029
0.033	0.049	0.846	0.072
0.064	0.641	0.216	0.079
>SCCGGCGS	7-SCCGGCGS	8.245769	-0.000000	0	T:16.0(1.46%),B:3334.7(4.67%),P:1e0	Tpos:55.9,Tstd:24.6,Bpos:3277.9,Bstd:11644.2,StrandBias:0.7,Multiplicity:1.06
0.122	0.409	0.288	0.181
0.001	0.673	0.275	0.051
0.001	0.913	0.035	0.051
0.047	0.161	0.758	0.034
0.001	0.094	0.904	0.001
0.040	0.888	0.071	0.001
0.043	0.207	0.703	0.047
0.059	0.541	0.395	0.005
>GAGGCTGG	8-GAGGCTGG	6.756986	-0.000000	0	T:90.0(8.20%),B:21260.9(29.76%),P:1e0	Tpos:50.4,Tstd:31.6,Bpos:12246.1,Bstd:15437.2,StrandBias:0.0,Multiplicity:1.00
0.131	0.001	0.867	0.001
0.862	0.001	0.102	0.035
0.001	0.001	0.997	0.001
0.001	0.001	0.997	0.001
0.001	0.997	0.001	0.001
0.001	0.001	0.001	0.997
0.001	0.001	0.997	0.001
0.001	0.001	0.997	0.001
>GGGGGGGN	9-GGGGGGGN	5.450911	-0.000000	0	T:152.0(13.86%),B:26376.2(36.92%),P:1e0	Tpos:22.0,Tstd:0.0,Bpos:12201.2,Bstd:14191.5,StrandBias:10.0,Multiplicity:1.00
0.101	0.189	0.582	0.128
0.058	0.220	0.559	0.163
0.001	0.001	0.796	0.202
0.001	0.186	0.811	0.002
0.052	0.215	0.716	0.017
0.133	0.143	0.551	0.173
0.189	0.193	0.564	0.054
0.227	0.255	0.307	0.212
>CCCCCCCC	10-CCCCCCCC	5.967962	-0.000000	0	T:137.0(12.49%),B:24777.3(34.68%),P:1e0	Tpos:6.0,Tstd:0.0,Bpos:8204.7,Bstd:17377.8,StrandBias:-10.0,Multiplicity:1.00
0.127	0.636	0.065	0.172
0.065	0.653	0.110	0.172
0.139	0.726	0.057	0.078
0.142	0.748	0.098	0.012
0.191	0.524	0.249	0.036
0.135	0.799	0.041	0.025
0.131	0.691	0.072	0.106
0.065	0.711	0.065	0.159
>GGGGGGGS	11-GGGGGGGS	7.098310	-0.000000	0	T:56.0(5.10%),B:12501.3(17.50%),P:1e0	Tpos:26.0,Tstd:9.0,Bpos:7161.0,Bstd:16985.1,StrandBias:0.0,Multiplicity:1.00
0.061	0.078	0.697	0.164
0.082	0.082	0.734	0.102
0.041	0.200	0.615	0.144
0.001	0.204	0.693	0.102
0.001	0.020	0.857	0.122
0.001	0.020	0.938	0.041
0.041	0.041	0.877	0.041
0.063	0.408	0.303	0.225
>GGGGGGGG	12-GGGGGGGG	6.498382	-0.000000	0	T:191.0(17.41%),B:31372.3(43.91%),P:1e0	Tpos:52.2,Tstd:26.6,Bpos:11665.9,Bstd:15917.8,StrandBias:0.0,Multiplicity:1.07
0.001	0.068	0.930	0.001
0.001	0.274	0.485	0.240
0.069	0.069	0.514	0.348
0.001	0.069	0.656	0.274
0.001	0.001	0.965	0.033
0.001	0.034	0.897	0.068
0.001	0.273	0.725	0.001
0.001	0.001	0.997	0.001
>CGCGGCSS	13-CGCGGCSS	5.684730	-0.000000	0	T:44.0(4.01%),B:6583.1(9.21%),P:1e0	Tpos:44.3,Tstd:33.3,Bpos:3465.3,Bstd:11474.9,StrandBias:0.0,Multiplicity:1.09
0.125	0.444	0.245	0.186
0.001	0.294	0.511	0.194
0.001	0.878	0.120	0.001
0.161	0.264	0.434	0.141
0.001	0.381	0.617	0.001
0.163	0.610	0.226	0.001
0.145	0.331	0.462	0.062
0.140	0.417	0.412	0.031
>CCCGCCCC	14-CCCGCCCC	6.061140	-0.000000	0	T:269.0(24.52%),B:30124.4(42.17%),P:1e0	Tpos:48.2,Tstd:29.0,Bpos:8069.6,Bstd:17497.6,StrandBias:0.1,Multiplicity:1.32
0.001	0.632	0.366	0.001
0.001	0.785	0.173	0.041
0.001	0.839	0.116	0.044
0.100	0.084	0.814	0.002
0.084	0.810	0.043	0.063
0.024	0.852	0.101	0.023
0.001	0.613	0.385	0.001
0.047	0.860	0.092	0.001
>GGGGGGGV	15-GGGGGGGV	4.134549	-0.000000	0	T:363.0(33.09%),B:40857.9(57.19%),P:1e0	Tpos:44.5,Tstd:26.6,Bpos:11944.3,Bstd:16384.4,StrandBias:-0.3,Multiplicity:1.07
0.027	0.283	0.592	0.098
0.090	0.215	0.515	0.180
0.031	0.212	0.532	0.225
0.029	0.101	0.763	0.107
0.085	0.197	0.656	0.062
0.104	0.199	0.550	0.147
0.124	0.216	0.498	0.163
0.225	0.223	0.369	0.183
>GGGGGGGG	16-GGGGGGGG	5.139431	-0.000000	0	T:142.0(12.94%),B:26296.0(36.81%),P:1e0	Tpos:13.5,Tstd:8.5,Bpos:11124.4,Bstd:16741.9,StrandBias:0.0,Multiplicity:1.00
0.140	0.269	0.472	0.120
0.145	0.168	0.504	0.183
0.045	0.084	0.737	0.134
0.001	0.174	0.747	0.078
0.050	0.164	0.637	0.149
0.069	0.192	0.623	0.116
0.107	0.161	0.650	0.082
0.153	0.204	0.470	0.173
>GGGGGGSG	17-GGGGGGSG	4.348964	-0.000000	0	T:359.0(32.73%),B:40978.4(57.36%),P:1e0	Tpos:51.6,Tstd:30.2,Bpos:10857.5,Bstd:16680.0,StrandBias:-0.3,Multiplicity:1.11
0.092	0.249	0.511	0.148
0.073	0.276	0.505	0.146
0.048	0.259	0.561	0.132
0.047	0.111	0.600	0.242
0.032	0.046	0.906	0.016
0.128	0.237	0.571	0.064
0.162	0.262	0.412	0.164
0.159	0.252	0.403	0.186
>CCCCCCCC	18-CCCCCCCC	4.541652	-0.000000	0	T:142.0(12.94%),B:26134.3(36.58%),P:1e0	Tpos:36.0,Tstd:0.0,Bpos:12420.9,Bstd:18005.1,StrandBias:10.0,Multiplicity:1.00
0.180	0.419	0.209	0.192
0.112	0.590	0.195	0.103
0.093	0.615	0.220	0.072
0.153	0.561	0.202	0.084
0.164	0.595	0.240	0.001
0.209	0.559	0.128	0.104
0.179	0.477	0.197	0.147
0.147	0.435	0.282	0.135
>CGCCGCCG	19-CGCCGCCG	6.569248	-0.000000	0	T:98.0(8.93%),B:13787.3(19.30%),P:1e0	Tpos:44.2,Tstd:28.6,Bpos:3245.6,Bstd:11825.3,StrandBias:0.3,Multiplicity:1.26
0.067	0.729	0.133	0.071
0.064	0.086	0.778	0.072
0.020	0.836	0.082	0.062
0.053	0.700	0.136	0.111
0.067	0.157	0.720	0.056
0.046	0.832	0.085	0.037
0.118	0.701	0.112	0.069
0.039	0.122	0.706	0.133
>CCRCCCCN	20-CCRCCCCN	5.266349	-0.000000	0	T:294.0(26.80%),B:36172.9(50.63%),P:1e0	Tpos:50.8,Tstd:28.4,Bpos:10787.5,Bstd:16889.9,StrandBias:0.1,Multiplicity:1.06
0.038	0.887	0.074	0.001
0.001	0.851	0.147	0.001
0.443	0.188	0.368	0.001
0.001	0.962	0.036	0.001
0.001	0.778	0.185	0.036
0.001	0.962	0.036	0.001
0.001	0.962	0.036	0.001
0.259	0.189	0.221	0.332
>CCCCCCCA	21-CCCCCCCA	5.933595	-0.000000	0	T:245.0(22.33%),B:33425.4(46.79%),P:1e0	Tpos:50.9,Tstd:27.0,Bpos:12842.8,Bstd:15088.7,StrandBias:0.6,Multiplicity:1.02
0.001	0.609	0.177	0.213
0.106	0.858	0.035	0.001
0.001	0.963	0.035	0.001
0.183	0.603	0.213	0.001
0.106	0.892	0.001	0.001
0.177	0.787	0.035	0.001
0.035	0.963	0.001	0.001
0.749	0.177	0.001	0.073
>CCCAGCCB	22-CCCAGCCB	5.381511	-0.000000	0	T:269.0(24.52%),B:37446.1(52.42%),P:1e0	Tpos:52.3,Tstd:26.4,Bpos:12508.7,Bstd:15281.8,StrandBias:0.1,Multiplicity:1.15
0.001	0.972	0.013	0.014
0.001	0.942	0.056	0.001
0.012	0.968	0.019	0.001
0.942	0.001	0.056	0.001
0.011	0.001	0.985	0.003
0.003	0.979	0.015	0.003
0.028	0.950	0.021	0.001
0.107	0.283	0.271	0.340
>SGCGSCGV	23-SGCGSCGV	5.562358	-0.000000	0	T:27.0(2.46%),B:5912.2(8.28%),P:1e0	Tpos:63.5,Tstd:8.2,Bpos:6325.5,Bstd:16919.5,StrandBias:-1.6,Multiplicity:1.00
0.135	0.383	0.326	0.156
0.009	0.366	0.589	0.036
0.170	0.525	0.250	0.055
0.245	0.001	0.584	0.170
0.220	0.323	0.407	0.050
0.235	0.487	0.277	0.001
0.003	0.001	0.860	0.136
0.283	0.396	0.282	0.039
>GCGGGGCG	24-GCGGGGCG	9.967882	-0.000000	0	T:13.0(1.19%),B:4653.1(6.51%),P:1e0	Tpos:27.0,Tstd:0.0,Bpos:6360.8,Bstd:17622.2,StrandBias:-10.0,Multiplicity:1.00
0.001	0.035	0.929	0.035
0.105	0.789	0.001	0.105
0.017	0.106	0.595	0.282
0.016	0.035	0.925	0.024
0.001	0.001	0.993	0.005
0.017	0.011	0.971	0.001
0.061	0.868	0.001	0.070
0.005	0.021	0.964	0.010
>BBCSGCGC	25-BBCSGCGC	6.728791	-0.000000	0	T:17.0(1.55%),B:3998.3(5.60%),P:1e0	Tpos:61.7,Tstd:18.9,Bpos:3289.3,Bstd:11791.0,StrandBias:0.2,Multiplicity:1.00
0.104	0.362	0.269	0.265
0.001	0.384	0.367	0.248
0.001	0.962	0.036	0.001
0.126	0.378	0.289	0.206
0.001	0.329	0.669	0.001
0.001	0.997	0.001	0.001
0.001	0.292	0.706	0.001
0.074	0.536	0.350	0.040
