>AGATCTGCAAGC	1-AGATCTGCAAGC	11.801709	-3.860436	0	T:2.0(0.18%),B:13.6(0.02%),P:1e-1	Tpos:28.3,Tstd:8.2,Bpos:15901.5,Bstd:16455.7,StrandBias:1.0,Multiplicity:1.50
0.714	0.063	0.128	0.095
0.156	0.156	0.657	0.031
0.448	0.200	0.214	0.138
0.102	0.202	0.189	0.507
0.023	0.865	0.056	0.056
0.091	0.073	0.013	0.823
0.046	0.212	0.672	0.070
0.090	0.702	0.185	0.023
0.734	0.225	0.014	0.027
0.610	0.018	0.259	0.113
0.120	0.061	0.757	0.062
0.113	0.656	0.209	0.022
>GGAGAGCTCTTC	2-GGAGAGCTCTTC	14.352940	-2.983040	0	T:2.0(0.18%),B:22.2(0.03%),P:1e-1	Tpos:76.5,Tstd:12.5,Bpos:15056.1,Bstd:15991.9,StrandBias:0.0,Multiplicity:1.00
0.001	0.001	0.895	0.103
0.001	0.109	0.889	0.001
0.661	0.227	0.111	0.001
0.003	0.109	0.812	0.076
0.779	0.001	0.219	0.001
0.001	0.001	0.997	0.001
0.131	0.867	0.001	0.001
0.126	0.125	0.072	0.677
0.001	0.878	0.120	0.001
0.072	0.142	0.092	0.694
0.001	0.001	0.086	0.912
0.004	0.943	0.001	0.052
>TTTTTCCAGCGC	3-TTTTTCCAGCGC	12.355432	-2.437470	0	T:1.0(0.09%),B:5.5(0.01%),P:1e-1	Tpos:94.0,Tstd:0.0,Bpos:11894.5,Bstd:14478.8,StrandBias:10.0,Multiplicity:1.00
0.100	0.100	0.100	0.700
0.100	0.100	0.100	0.700
0.100	0.100	0.100	0.700
0.100	0.100	0.100	0.700
0.100	0.100	0.100	0.700
0.100	0.700	0.100	0.100
0.100	0.700	0.100	0.100
0.700	0.100	0.100	0.100
0.100	0.100	0.700	0.100
0.100	0.700	0.100	0.100
0.100	0.100	0.700	0.100
0.100	0.700	0.100	0.100
>TGCGGGCRGGRH	4-TGCGGGCRGGRH	8.704030	-2.397936	0	T:6.0(0.55%),B:198.5(0.28%),P:1e-1	Tpos:57.7,Tstd:26.9,Bpos:8254.3,Bstd:18125.5,StrandBias:1.0,Multiplicity:1.00
0.119	0.164	0.196	0.521
0.140	0.142	0.646	0.072
0.055	0.570	0.184	0.191
0.247	0.081	0.619	0.053
0.110	0.220	0.583	0.087
0.127	0.149	0.638	0.086
0.072	0.556	0.279	0.093
0.460	0.097	0.378	0.065
0.098	0.144	0.689	0.069
0.090	0.273	0.552	0.085
0.316	0.214	0.428	0.042
0.271	0.322	0.134	0.273
>VTCCGGCGGSGN	5-VTCCGGCGGSGN	8.766225	-2.223170	0	T:3.0(0.27%),B:73.6(0.10%),P:1e0	Tpos:56.0,Tstd:16.7,Bpos:3264.3,Bstd:12959.5,StrandBias:-1.0,Multiplicity:1.00
0.232	0.336	0.286	0.146
0.107	0.133	0.257	0.503
0.102	0.468	0.164	0.266
0.077	0.636	0.194	0.093
0.008	0.075	0.721	0.196
0.043	0.314	0.592	0.051
0.051	0.741	0.128	0.080
0.004	0.079	0.858	0.059
0.166	0.271	0.485	0.078
0.069	0.399	0.415	0.117
0.090	0.274	0.484	0.153
0.230	0.305	0.299	0.167
>CCCCAACCTTTC	6-CCCCAACCTTTC	13.746076	-2.137533	0	T:3.0(0.27%),B:76.8(0.11%),P:1e0	Tpos:44.7,Tstd:19.7,Bpos:12922.3,Bstd:14712.5,StrandBias:10.0,Multiplicity:1.00
0.001	0.997	0.001	0.001
0.001	0.795	0.203	0.001
0.001	0.997	0.001	0.001
0.001	0.997	0.001	0.001
0.870	0.128	0.001	0.001
0.792	0.001	0.114	0.093
0.001	0.997	0.001	0.001
0.001	0.997	0.001	0.001
0.001	0.117	0.001	0.881
0.001	0.098	0.001	0.900
0.001	0.112	0.001	0.886
0.001	0.997	0.001	0.001
>VGGAGCGGGCGN	7-VGGAGCGGGCGN	9.726211	-1.422430	0	T:2.0(0.18%),B:60.6(0.08%),P:1e0	Tpos:68.0,Tstd:3.0,Bpos:3761.1,Bstd:11458.0,StrandBias:0.0,Multiplicity:1.00
0.220	0.297	0.328	0.156
0.151	0.117	0.610	0.122
0.141	0.131	0.605	0.123
0.565	0.125	0.188	0.122
0.158	0.168	0.576	0.098
0.116	0.688	0.105	0.091
0.100	0.169	0.642	0.089
0.070	0.144	0.677	0.109
0.130	0.152	0.616	0.102
0.045	0.695	0.137	0.123
0.103	0.083	0.678	0.136
0.319	0.292	0.185	0.204
>CSGGCGCCGCRN	8-CSGGCGCCGCRN	10.210585	-1.380627	0	T:1.0(0.09%),B:18.2(0.03%),P:1e0	Tpos:6.0,Tstd:0.0,Bpos:7601.8,Bstd:15653.6,StrandBias:-10.0,Multiplicity:1.00
0.191	0.461	0.115	0.233
0.205	0.359	0.387	0.049
0.064	0.210	0.701	0.025
0.051	0.115	0.770	0.064
0.112	0.710	0.089	0.089
0.089	0.040	0.767	0.104
0.026	0.730	0.218	0.026
0.102	0.756	0.130	0.012
0.025	0.089	0.834	0.052
0.079	0.627	0.255	0.039
0.408	0.141	0.363	0.087
0.294	0.248	0.163	0.295
>CGGTGCCTGGAG	9-CGGTGCCTGGAG	11.683403	-1.336572	0	T:1.0(0.09%),B:19.3(0.03%),P:1e0	Tpos:12.0,Tstd:0.0,Bpos:16687.2,Bstd:18197.0,StrandBias:10.0,Multiplicity:1.00
0.061	0.685	0.143	0.111
0.021	0.115	0.829	0.035
0.151	0.145	0.648	0.056
0.157	0.185	0.113	0.545
0.146	0.143	0.619	0.092
0.102	0.630	0.177	0.091
0.073	0.748	0.108	0.071
0.110	0.153	0.191	0.546
0.072	0.140	0.727	0.061
0.066	0.050	0.734	0.150
0.649	0.201	0.085	0.065
0.099	0.146	0.639	0.116
>CGCCGCGGCCGG	10-CGCCGCGGCCGG	12.355432	-1.090507	0	T:2.0(0.18%),B:77.8(0.11%),P:1e0	Tpos:11.0,Tstd:4.0,Bpos:1094.0,Bstd:5391.5,StrandBias:10.0,Multiplicity:1.00
0.100	0.700	0.100	0.100
0.100	0.100	0.700	0.100
0.100	0.700	0.100	0.100
0.100	0.700	0.100	0.100
0.100	0.100	0.700	0.100
0.100	0.700	0.100	0.100
0.100	0.100	0.700	0.100
0.100	0.100	0.700	0.100
0.100	0.700	0.100	0.100
0.100	0.700	0.100	0.100
0.100	0.100	0.700	0.100
0.100	0.100	0.700	0.100
>CGCCCCTCTCCA	11-CGCCCCTCTCCA	11.697022	-0.928144	0	T:1.0(0.09%),B:32.5(0.05%),P:1e0	Tpos:34.0,Tstd:0.0,Bpos:4008.5,Bstd:9854.5,StrandBias:10.0,Multiplicity:1.00
0.114	0.638	0.138	0.110
0.125	0.184	0.537	0.154
0.080	0.705	0.118	0.097
0.098	0.706	0.096	0.100
0.095	0.679	0.110	0.116
0.087	0.702	0.102	0.109
0.102	0.165	0.114	0.619
0.059	0.707	0.110	0.124
0.079	0.188	0.106	0.627
0.065	0.728	0.117	0.090
0.088	0.798	0.042	0.072
0.553	0.176	0.140	0.131
>GCTGCTGGGTGG	12-GCTGCTGGGTGG	13.295049	-0.442647	0	T:3.0(0.27%),B:215.0(0.30%),P:1e0	Tpos:50.3,Tstd:9.5,Bpos:11611.3,Bstd:15006.4,StrandBias:-1.0,Multiplicity:1.00
0.051	0.036	0.912	0.001
0.035	0.814	0.053	0.098
0.071	0.119	0.052	0.758
0.002	0.108	0.767	0.123
0.001	0.898	0.100	0.001
0.053	0.093	0.067	0.787
0.001	0.110	0.843	0.046
0.001	0.001	0.997	0.001
0.031	0.063	0.905	0.001
0.111	0.075	0.069	0.745
0.053	0.001	0.872	0.074
0.054	0.235	0.710	0.001
>CCCACCCCACTC	13-CCCACCCCACTC	12.355432	-0.198355	0	T:2.0(0.18%),B:204.8(0.29%),P:1e0	Tpos:43.5,Tstd:7.5,Bpos:11876.5,Bstd:15776.0,StrandBias:0.0,Multiplicity:1.00
0.100	0.700	0.100	0.100
0.100	0.700	0.100	0.100
0.100	0.700	0.100	0.100
0.700	0.100	0.100	0.100
0.100	0.700	0.100	0.100
0.100	0.700	0.100	0.100
0.100	0.700	0.100	0.100
0.100	0.700	0.100	0.100
0.700	0.100	0.100	0.100
0.100	0.700	0.100	0.100
0.100	0.100	0.100	0.700
0.100	0.700	0.100	0.100
>VGGCGCGSSRCV	14-VGGCGCGSSRCV	8.418817	-0.183799	0	T:1.0(0.09%),B:116.6(0.16%),P:1e0	Tpos:68.0,Tstd:0.0,Bpos:2549.3,Bstd:9326.9,StrandBias:10.0,Multiplicity:1.00
0.295	0.356	0.252	0.097
0.102	0.306	0.486	0.106
0.199	0.187	0.554	0.060
0.137	0.670	0.146	0.047
0.090	0.145	0.702	0.063
0.065	0.777	0.114	0.044
0.065	0.138	0.606	0.191
0.233	0.442	0.309	0.016
0.137	0.441	0.406	0.016
0.409	0.152	0.392	0.047
0.121	0.560	0.160	0.159
0.210	0.323	0.316	0.151
>CTGCCCTGCTCT	15-CTGCCCTGCTCT	12.923893	-0.140398	0	T:2.0(0.18%),B:231.6(0.32%),P:1e0	Tpos:28.5,Tstd:1.5,Bpos:13033.4,Bstd:15203.7,StrandBias:10.0,Multiplicity:1.00
0.037	0.793	0.138	0.032
0.056	0.021	0.001	0.922
0.037	0.001	0.902	0.060
0.001	0.900	0.023	0.076
0.032	0.887	0.077	0.004
0.063	0.669	0.113	0.155
0.038	0.032	0.130	0.800
0.035	0.097	0.867	0.001
0.001	0.932	0.017	0.050
0.096	0.152	0.090	0.662
0.039	0.865	0.044	0.052
0.049	0.124	0.018	0.809
>GGGGGGGGGGGG	16-GGGGGGGGGGGG	15.698614	-0.083593	0	T:4.0(0.36%),B:458.4(0.64%),P:1e0	Tpos:25.8,Tstd:22.4,Bpos:10751.5,Bstd:19216.0,StrandBias:1.0,Multiplicity:1.00
0.001	0.001	0.997	0.001
0.001	0.001	0.997	0.001
0.001	0.001	0.997	0.001
0.001	0.001	0.997	0.001
0.405	0.001	0.593	0.001
0.001	0.001	0.997	0.001
0.001	0.001	0.997	0.001
0.001	0.001	0.997	0.001
0.001	0.001	0.997	0.001
0.001	0.001	0.997	0.001
0.001	0.001	0.997	0.001
0.001	0.001	0.997	0.001
>VAGGGGCGGGGN	17-VAGGGGCGGGGN	9.946870	-0.052363	0	T:1.0(0.09%),B:194.7(0.27%),P:1e0	Tpos:60.0,Tstd:0.0,Bpos:5106.3,Bstd:14749.0,StrandBias:10.0,Multiplicity:1.00
0.259	0.277	0.314	0.151
0.553	0.136	0.202	0.109
0.110	0.074	0.729	0.087
0.128	0.108	0.665	0.099
0.109	0.111	0.671	0.109
0.119	0.137	0.662	0.082
0.153	0.562	0.153	0.132
0.135	0.128	0.603	0.134
0.103	0.108	0.696	0.093
0.108	0.110	0.678	0.104
0.101	0.114	0.701	0.084
0.237	0.244	0.297	0.223
>CCGVGCGNCNBG	18-CCGVGCGNCNBG	7.482481	-0.033939	0	T:3.0(0.27%),B:446.6(0.63%),P:1e0	Tpos:34.0,Tstd:0.0,Bpos:5418.7,Bstd:12638.1,StrandBias:10.0,Multiplicity:1.00
0.001	0.716	0.282	0.001
0.001	0.591	0.407	0.001
0.001	0.279	0.719	0.001
0.278	0.344	0.377	0.001
0.189	0.220	0.436	0.156
0.001	0.655	0.343	0.001
0.001	0.187	0.533	0.279
0.189	0.313	0.248	0.251
0.219	0.533	0.001	0.247
0.282	0.216	0.219	0.282
0.001	0.376	0.345	0.279
0.001	0.282	0.466	0.250
>CGMGCSSNCSGS	19-CGMGCSSNCSGS	8.080517	-0.005505	0	T:3.0(0.27%),B:597.3(0.84%),P:1e0	Tpos:84.0,Tstd:0.0,Bpos:1862.0,Bstd:6555.4,StrandBias:10.0,Multiplicity:1.00
0.176	0.533	0.235	0.056
0.056	0.253	0.558	0.133
0.260	0.407	0.242	0.091
0.105	0.246	0.544	0.105
0.063	0.759	0.101	0.077
0.035	0.365	0.487	0.112
0.210	0.358	0.431	0.001
0.169	0.218	0.298	0.316
0.112	0.562	0.186	0.140
0.091	0.456	0.452	0.001
0.210	0.001	0.788	0.001
0.168	0.407	0.368	0.056
>CSTCCGSCSGSC	20-CSTCCGSCSGSC	8.410961	-0.004355	0	T:1.0(0.09%),B:355.3(0.50%),P:1e0	Tpos:76.0,Tstd:0.0,Bpos:10706.6,Bstd:20481.2,StrandBias:10.0,Multiplicity:1.00
0.001	0.488	0.266	0.244
0.151	0.401	0.260	0.188
0.150	0.137	0.141	0.572
0.101	0.630	0.069	0.200
0.001	0.531	0.087	0.381
0.001	0.365	0.633	0.001
0.137	0.485	0.378	0.001
0.343	0.530	0.001	0.126
0.228	0.396	0.320	0.056
0.206	0.303	0.489	0.001
0.001	0.494	0.422	0.083
0.175	0.569	0.255	0.001
>CGSGCVGVGCVG	21-CGSGCVGVGCVG	8.777042	-0.003379	0	T:4.0(0.36%),B:749.1(1.05%),P:1e0	Tpos:35.0,Tstd:0.0,Bpos:3313.1,Bstd:11333.2,StrandBias:-10.0,Multiplicity:1.00
0.172	0.460	0.252	0.116
0.001	0.268	0.730	0.001
0.220	0.419	0.336	0.025
0.118	0.012	0.869	0.001
0.085	0.752	0.162	0.001
0.244	0.338	0.339	0.080
0.127	0.275	0.597	0.001
0.321	0.279	0.399	0.001
0.257	0.066	0.676	0.001
0.084	0.570	0.333	0.013
0.334	0.228	0.310	0.129
0.200	0.138	0.545	0.117
>BRKCTCGCMSGV	22-BRKCTCGCMSGV	7.622049	-0.000105	0	T:1.0(0.09%),B:598.8(0.84%),P:1e0	Tpos:8.0,Tstd:0.0,Bpos:6895.1,Bstd:19500.4,StrandBias:10.0,Multiplicity:1.00
0.144	0.298	0.332	0.226
0.337	0.126	0.464	0.073
0.075	0.140	0.396	0.389
0.128	0.659	0.074	0.139
0.041	0.213	0.222	0.524
0.036	0.763	0.148	0.053
0.071	0.150	0.659	0.120
0.270	0.500	0.134	0.096
0.350	0.474	0.101	0.075
0.088	0.377	0.470	0.064
0.081	0.138	0.704	0.077
0.320	0.211	0.346	0.123
>SSCGCSSSDNNS	23-SSCGCSSSDNNS	6.542002	-0.000028	0	T:6.0(0.55%),B:1379.0(1.93%),P:1e0	Tpos:13.0,Tstd:0.0,Bpos:2853.2,Bstd:9937.3,StrandBias:10.0,Multiplicity:1.00
0.183	0.317	0.335	0.165
0.001	0.438	0.459	0.102
0.031	0.525	0.363	0.081
0.001	0.001	0.938	0.060
0.001	0.997	0.001	0.001
0.132	0.353	0.367	0.147
0.236	0.332	0.431	0.001
0.185	0.374	0.289	0.153
0.228	0.178	0.349	0.245
0.161	0.310	0.252	0.277
0.259	0.270	0.298	0.172
0.159	0.340	0.318	0.184
>CSCCCVGVMGCC	24-CSCCCVGVMGCC	7.918772	-0.000000	0	T:10.0(0.91%),B:2803.2(3.92%),P:1e0	Tpos:40.4,Tstd:20.2,Bpos:7290.4,Bstd:15596.0,StrandBias:-0.4,Multiplicity:1.00
0.001	0.726	0.223	0.050
0.120	0.388	0.433	0.059
0.004	0.600	0.309	0.087
0.075	0.580	0.300	0.045
0.081	0.542	0.292	0.085
0.330	0.323	0.334	0.013
0.110	0.050	0.822	0.018
0.387	0.243	0.272	0.099
0.367	0.381	0.144	0.109
0.233	0.143	0.586	0.038
0.144	0.639	0.199	0.018
0.104	0.495	0.305	0.096
>SCGCGVSCGBNB	25-SCGCGVSCGBNB	6.054109	-0.000000	0	T:159.0(14.49%),B:19171.2(26.84%),P:1e0	Tpos:48.2,Tstd:26.3,Bpos:4031.5,Bstd:13140.5,StrandBias:-0.1,Multiplicity:1.46
0.196	0.325	0.364	0.116
0.001	0.730	0.248	0.021
0.001	0.011	0.968	0.020
0.001	0.933	0.065	0.001
0.223	0.068	0.482	0.227
0.385	0.377	0.237	0.001
0.195	0.426	0.378	0.001
0.092	0.623	0.284	0.001
0.001	0.278	0.626	0.095
0.098	0.250	0.364	0.288
0.271	0.235	0.231	0.263
0.195	0.353	0.222	0.230
