# universalmotif version 1.16.0

---
name: motif_serum_caracteristico
alphabet: DNA
type: PPM
icscore: 10.2200000000000006394885
nsites: 1357.0
pseudocount: 0.3333333333333333148296
bkg:
  A: 0.2856602519965287800829
  C: 0.2138880414880616198658
  G: 0.2141303788709418287617
  T: 0.2863213276444677712895
consensus: CSCSGSSGCSSSC
strand: +-
motif:
- 6.080e-02 5.474e-01 2.419e-01 1.499e-01
- 1.451e-02 3.699e-01 4.735e-01 1.422e-01
- 1.651e-02 8.045e-01 9.560e-02 8.341e-02
- 2.680e-02 4.276e-01 4.470e-01 9.862e-02
- 1.958e-02 2.494e-01 6.722e-01 5.891e-02
- 9.428e-03 4.293e-01 5.533e-01 8.055e-03
- 1.810e-02 6.297e-01 3.379e-01 1.424e-02
- 1.547e-02 9.193e-02 8.710e-01 2.165e-02
- 1.529e-02 7.370e-01 2.344e-01 1.330e-02
- 2.255e-02 5.963e-01 3.586e-01 2.250e-02
- 7.724e-02 3.248e-01 5.768e-01 2.110e-02
- 7.801e-02 2.905e-01 5.888e-01 4.269e-02
- 1.333e-02 7.733e-01 2.089e-01 4.444e-03

