>TCACTCGACC	1-TCACTCGACC	10.355075	-79.502014	0	T:116.0(0.60%),B:42.6(0.08%),P:1e-34	Tpos:50.3,Tstd:26.5,Bpos:289.4,Bstd:568.3,StrandBias:0.2,Multiplicity:1.22
0.051	0.095	0.031	0.823
0.001	0.761	0.010	0.228
0.994	0.001	0.004	0.001
0.013	0.971	0.001	0.015
0.011	0.011	0.008	0.970
0.007	0.973	0.019	0.001
0.006	0.001	0.992	0.001
0.970	0.008	0.017	0.005
0.001	0.929	0.001	0.069
0.001	0.948	0.001	0.050
>GTGTCGATCG	2-GTGTCGATCG	13.548609	-29.450574	0	T:29.0(0.15%),B:4.4(0.01%),P:1e-12	Tpos:45.4,Tstd:28.7,Bpos:512.0,Bstd:443.9,StrandBias:-0.4,Multiplicity:1.21
0.001	0.044	0.954	0.001
0.001	0.001	0.029	0.969
0.098	0.001	0.900	0.001
0.001	0.001	0.001	0.997
0.001	0.997	0.001	0.001
0.001	0.001	0.997	0.001
0.952	0.015	0.032	0.001
0.001	0.032	0.001	0.966
0.001	0.966	0.001	0.032
0.001	0.001	0.997	0.001
>YACTCRACYR	3-YACTCRACYR	8.812568	-25.481678	0	T:173.0(0.90%),B:245.4(0.45%),P:1e-11	Tpos:51.5,Tstd:27.4,Bpos:331.1,Bstd:532.4,StrandBias:0.0,Multiplicity:1.11
0.001	0.513	0.063	0.423
0.986	0.003	0.010	0.001
0.062	0.716	0.221	0.001
0.041	0.001	0.001	0.957
0.001	0.997	0.001	0.001
0.422	0.068	0.509	0.001
0.651	0.250	0.098	0.001
0.001	0.686	0.103	0.210
0.001	0.487	0.001	0.511
0.380	0.197	0.245	0.178
>DNNGTTGACT	4-DNNGTTGACT	8.032001	-12.136867	0	T:394.0(2.05%),B:848.0(1.56%),P:1e-5	Tpos:51.5,Tstd:27.0,Bpos:403.1,Bstd:696.6,StrandBias:0.1,Multiplicity:1.04
0.352	0.194	0.206	0.247
0.234	0.238	0.257	0.270
0.247	0.254	0.217	0.282
0.166	0.072	0.506	0.256
0.004	0.082	0.002	0.912
0.038	0.099	0.021	0.842
0.012	0.028	0.927	0.033
0.936	0.014	0.008	0.042
0.061	0.887	0.001	0.051
0.087	0.236	0.001	0.676
>KTTGACTTWW	5-KTTGACTTWW	9.280194	-10.890393	0	T:393.0(2.04%),B:860.4(1.58%),P:1e-4	Tpos:49.9,Tstd:26.3,Bpos:447.4,Bstd:689.4,StrandBias:-0.0,Multiplicity:1.05
0.142	0.059	0.445	0.354
0.001	0.023	0.001	0.975
0.001	0.001	0.001	0.997
0.001	0.001	0.997	0.001
0.997	0.001	0.001	0.001
0.001	0.997	0.001	0.001
0.032	0.230	0.001	0.737
0.235	0.205	0.053	0.507
0.268	0.142	0.182	0.408
0.259	0.167	0.187	0.387
>AGTCAAMNDV	6-AGTCAAMNDV	8.684091	-3.513403	0	T:104.0(0.54%),B:233.3(0.43%),P:1e-1	Tpos:43.5,Tstd:25.2,Bpos:407.9,Bstd:621.2,StrandBias:0.4,Multiplicity:1.02
0.764	0.080	0.079	0.077
0.001	0.096	0.902	0.001
0.037	0.033	0.055	0.875
0.035	0.887	0.077	0.001
0.827	0.098	0.001	0.074
0.836	0.050	0.074	0.040
0.388	0.519	0.045	0.048
0.255	0.265	0.193	0.287
0.323	0.069	0.249	0.360
0.313	0.343	0.324	0.021
>AGTCAAMHNA	7-AGTCAAMHNA	9.717072	-2.792477	0	T:40.0(0.21%),B:82.9(0.15%),P:1e-1	Tpos:39.4,Tstd:26.3,Bpos:449.5,Bstd:776.1,StrandBias:-0.4,Multiplicity:1.00
0.804	0.001	0.194	0.001
0.001	0.001	0.997	0.001
0.001	0.001	0.001	0.997
0.001	0.997	0.001	0.001
0.997	0.001	0.001	0.001
0.997	0.001	0.001	0.001
0.466	0.453	0.001	0.080
0.255	0.225	0.171	0.349
0.267	0.301	0.228	0.204
0.420	0.113	0.200	0.268
>CTCTCTCTCW	8-CTCTCTCTCW	9.876335	-2.317323	0	T:318.0(1.65%),B:823.7(1.52%),P:1e-1	Tpos:49.9,Tstd:24.9,Bpos:291.2,Bstd:618.5,StrandBias:-0.8,Multiplicity:1.00
0.028	0.822	0.046	0.104
0.316	0.084	0.015	0.585
0.026	0.904	0.051	0.019
0.271	0.001	0.008	0.720
0.011	0.974	0.001	0.014
0.267	0.035	0.001	0.697
0.001	0.929	0.001	0.069
0.270	0.039	0.058	0.633
0.125	0.594	0.048	0.233
0.463	0.120	0.047	0.370
>AGWGAGAGAG	9-AGWGAGAGAG	11.047367	-2.235511	0	T:296.0(1.54%),B:766.6(1.41%),P:1e0	Tpos:50.8,Tstd:26.9,Bpos:209.5,Bstd:395.9,StrandBias:0.1,Multiplicity:1.04
0.662	0.017	0.053	0.268
0.136	0.001	0.862	0.001
0.566	0.001	0.001	0.432
0.001	0.001	0.997	0.001
0.718	0.001	0.001	0.280
0.001	0.001	0.997	0.001
0.668	0.001	0.001	0.330
0.001	0.001	0.997	0.001
0.599	0.001	0.001	0.399
0.145	0.001	0.853	0.001
>ACACGTGWCD	10-ACACGTGWCD	7.399864	-2.223676	0	T:45.0(0.23%),B:100.2(0.18%),P:1e0	Tpos:53.6,Tstd:26.2,Bpos:268.4,Bstd:416.2,StrandBias:0.4,Multiplicity:1.00
0.432	0.260	0.059	0.250
0.016	0.662	0.170	0.152
0.837	0.012	0.071	0.080
0.164	0.638	0.131	0.067
0.148	0.064	0.566	0.222
0.046	0.156	0.013	0.785
0.286	0.159	0.536	0.019
0.358	0.022	0.178	0.442
0.165	0.401	0.195	0.239
0.355	0.166	0.242	0.237
>DAGTCAANNN	11-DAGTCAANNN	8.193761	-1.852969	0	T:17.0(0.09%),B:34.9(0.06%),P:1e0	Tpos:51.0,Tstd:30.4,Bpos:270.9,Bstd:414.9,StrandBias:0.8,Multiplicity:1.00
0.302	0.054	0.266	0.377
0.661	0.063	0.158	0.118
0.013	0.041	0.902	0.044
0.001	0.048	0.043	0.908
0.014	0.955	0.006	0.025
0.832	0.062	0.078	0.028
0.795	0.076	0.073	0.056
0.305	0.309	0.160	0.226
0.193	0.281	0.242	0.284
0.269	0.176	0.250	0.305
>CACGTGTCAT	12-CACGTGTCAT	9.671890	-1.567489	0	T:57.0(0.30%),B:140.0(0.26%),P:1e0	Tpos:52.0,Tstd:24.9,Bpos:462.6,Bstd:659.9,StrandBias:0.0,Multiplicity:1.00
0.049	0.818	0.057	0.076
0.875	0.031	0.053	0.041
0.059	0.789	0.056	0.096
0.137	0.052	0.768	0.043
0.086	0.062	0.023	0.829
0.035	0.062	0.856	0.047
0.110	0.033	0.085	0.772
0.069	0.794	0.079	0.058
0.770	0.047	0.106	0.077
0.126	0.058	0.085	0.731
>TTGACTTWTH	13-TTGACTTWTH	10.760887	-1.559532	0	T:41.0(0.21%),B:98.1(0.18%),P:1e0	Tpos:44.3,Tstd:28.9,Bpos:702.8,Bstd:838.1,StrandBias:1.9,Multiplicity:1.00
0.001	0.001	0.001	0.997
0.001	0.001	0.001	0.997
0.001	0.001	0.997	0.001
0.997	0.001	0.001	0.001
0.001	0.997	0.001	0.001
0.001	0.042	0.001	0.956
0.344	0.117	0.001	0.538
0.391	0.032	0.043	0.534
0.298	0.102	0.146	0.454
0.366	0.223	0.190	0.221
>ATATTTGACT	14-ATATTTGACT	10.579670	-0.717080	0	T:33.0(0.17%),B:91.4(0.17%),P:1e0	Tpos:50.2,Tstd:28.2,Bpos:601.9,Bstd:746.9,StrandBias:0.2,Multiplicity:1.00
0.438	0.197	0.170	0.195
0.236	0.200	0.116	0.448
0.450	0.125	0.279	0.146
0.273	0.199	0.001	0.527
0.001	0.001	0.119	0.879
0.001	0.001	0.070	0.928
0.001	0.001	0.997	0.001
0.997	0.001	0.001	0.001
0.001	0.997	0.001	0.001
0.001	0.001	0.001	0.997
>AGTCAAAAGT	15-AGTCAAAAGT	9.816073	-0.681493	0	T:221.0(1.15%),B:623.9(1.15%),P:1e0	Tpos:56.8,Tstd:24.4,Bpos:441.9,Bstd:685.3,StrandBias:0.1,Multiplicity:1.01
0.952	0.001	0.046	0.001
0.001	0.001	0.997	0.001
0.001	0.001	0.001	0.997
0.001	0.997	0.001	0.001
0.997	0.001	0.001	0.001
0.997	0.001	0.001	0.001
0.694	0.001	0.023	0.282
0.444	0.086	0.280	0.189
0.210	0.122	0.563	0.105
0.183	0.032	0.288	0.497
>TTGACTTWWW	16-TTGACTTWWW	10.399757	-0.507154	0	T:16.0(0.08%),B:47.1(0.09%),P:1e0	Tpos:37.7,Tstd:19.6,Bpos:380.6,Bstd:532.4,StrandBias:0.4,Multiplicity:1.00
0.001	0.001	0.001	0.997
0.001	0.001	0.001	0.997
0.001	0.001	0.997	0.001
0.997	0.001	0.001	0.001
0.001	0.997	0.001	0.001
0.001	0.049	0.001	0.949
0.349	0.092	0.001	0.558
0.393	0.139	0.108	0.360
0.326	0.128	0.125	0.421
0.363	0.196	0.161	0.280
>GAGAGAGAGA	17-GAGAGAGAGA	11.566773	-0.312997	0	T:385.0(2.00%),B:1125.9(2.07%),P:1e0	Tpos:47.9,Tstd:27.1,Bpos:308.4,Bstd:567.8,StrandBias:0.1,Multiplicity:1.00
0.268	0.001	0.589	0.142
0.997	0.001	0.001	0.001
0.001	0.001	0.997	0.001
0.997	0.001	0.001	0.001
0.001	0.001	0.997	0.001
0.997	0.001	0.001	0.001
0.001	0.001	0.997	0.001
0.997	0.001	0.001	0.001
0.001	0.001	0.997	0.001
0.726	0.049	0.093	0.132
>YCTCTCTCTC	18-YCTCTCTCTC	11.550041	-0.271356	0	T:283.0(1.47%),B:837.7(1.54%),P:1e0	Tpos:40.9,Tstd:26.9,Bpos:278.8,Bstd:616.7,StrandBias:1.0,Multiplicity:1.00
0.171	0.271	0.154	0.405
0.120	0.637	0.001	0.242
0.013	0.001	0.041	0.945
0.028	0.943	0.028	0.001
0.001	0.001	0.001	0.997
0.001	0.997	0.001	0.001
0.041	0.001	0.041	0.917
0.001	0.854	0.001	0.144
0.142	0.001	0.028	0.829
0.001	0.997	0.001	0.001
>HWAGTCAAMN	19-HWAGTCAAMN	8.122661	-0.264095	0	T:19.0(0.10%),B:63.2(0.12%),P:1e0	Tpos:48.4,Tstd:20.4,Bpos:545.4,Bstd:857.7,StrandBias:0.4,Multiplicity:1.00
0.281	0.284	0.134	0.300
0.372	0.158	0.181	0.289
0.513	0.166	0.320	0.001
0.001	0.001	0.997	0.001
0.001	0.012	0.001	0.986
0.001	0.997	0.001	0.001
0.706	0.166	0.001	0.127
0.717	0.001	0.281	0.001
0.365	0.328	0.093	0.214
0.310	0.233	0.217	0.240
>GAGAGAGARW	20-GAGAGAGARW	12.384522	-0.132426	0	T:120.0(0.62%),B:380.2(0.70%),P:1e0	Tpos:49.2,Tstd:26.8,Bpos:247.7,Bstd:486.1,StrandBias:-0.2,Multiplicity:1.00
0.001	0.001	0.997	0.001
0.997	0.001	0.001	0.001
0.001	0.001	0.997	0.001
0.997	0.001	0.001	0.001
0.001	0.001	0.997	0.001
0.997	0.001	0.001	0.001
0.001	0.001	0.997	0.001
0.997	0.001	0.001	0.001
0.526	0.001	0.472	0.001
0.444	0.085	0.160	0.311
>TTGACTTAWH	21-TTGACTTAWH	10.142228	-0.117821	0	T:19.0(0.10%),B:71.5(0.13%),P:1e0	Tpos:42.4,Tstd:27.1,Bpos:572.7,Bstd:694.6,StrandBias:0.0,Multiplicity:1.00
0.001	0.016	0.001	0.982
0.001	0.001	0.001	0.997
0.001	0.001	0.997	0.001
0.997	0.001	0.001	0.001
0.001	0.997	0.001	0.001
0.001	0.107	0.001	0.891
0.343	0.120	0.001	0.536
0.384	0.186	0.227	0.203
0.359	0.173	0.107	0.361
0.245	0.255	0.122	0.377
>WHVTTTGACY	22-WHVTTTGACY	9.573618	-0.083694	0	T:16.0(0.08%),B:64.3(0.12%),P:1e0	Tpos:56.5,Tstd:26.2,Bpos:265.5,Bstd:448.3,StrandBias:0.6,Multiplicity:1.00
0.372	0.198	0.184	0.246
0.238	0.225	0.181	0.356
0.224	0.348	0.332	0.096
0.027	0.017	0.366	0.590
0.001	0.001	0.001	0.997
0.001	0.001	0.001	0.997
0.001	0.001	0.997	0.001
0.997	0.001	0.001	0.001
0.001	0.997	0.001	0.001
0.001	0.486	0.001	0.512
>GTCAAMNHNN	23-GTCAAMNHNN	7.352500	-0.005721	0	T:20.0(0.10%),B:99.8(0.18%),P:1e0	Tpos:44.5,Tstd:18.6,Bpos:425.5,Bstd:645.0,StrandBias:0.2,Multiplicity:1.00
0.053	0.085	0.764	0.098
0.056	0.060	0.065	0.819
0.055	0.827	0.065	0.053
0.811	0.061	0.061	0.067
0.811	0.053	0.065	0.071
0.488	0.385	0.030	0.097
0.253	0.231	0.246	0.271
0.303	0.215	0.140	0.342
0.270	0.199	0.239	0.292
0.279	0.200	0.191	0.331
>AAAGAGAGAG	24-AAAGAGAGAG	13.323916	-0.002277	0	T:113.0(0.59%),B:425.1(0.78%),P:1e0	Tpos:58.8,Tstd:25.0,Bpos:350.0,Bstd:632.8,StrandBias:0.3,Multiplicity:1.00
0.686	0.001	0.138	0.175
0.871	0.001	0.001	0.127
0.997	0.001	0.001	0.001
0.001	0.001	0.997	0.001
0.997	0.001	0.001	0.001
0.001	0.001	0.997	0.001
0.997	0.001	0.001	0.001
0.001	0.001	0.997	0.001
0.997	0.001	0.001	0.001
0.001	0.001	0.997	0.001
>NNKTTGACTT	25-NNKTTGACTT	9.123070	-0.000717	0	T:20.0(0.10%),B:113.4(0.21%),P:1e0	Tpos:56.9,Tstd:25.9,Bpos:458.8,Bstd:739.5,StrandBias:-0.2,Multiplicity:1.00
0.258	0.250	0.215	0.277
0.299	0.212	0.223	0.265
0.220	0.091	0.299	0.390
0.001	0.001	0.001	0.997
0.001	0.001	0.001	0.997
0.001	0.001	0.997	0.001
0.997	0.001	0.001	0.001
0.001	0.997	0.001	0.001
0.090	0.345	0.001	0.564
0.316	0.186	0.012	0.487
>TYACTCGACCWC	1-TYACTCGACCWC	10.857301	-86.575285	0	T:139.0(0.72%),B:59.2(0.11%),P:1e-37	Tpos:52.4,Tstd:25.3,Bpos:327.9,Bstd:574.1,StrandBias:0.2,Multiplicity:1.24
0.177	0.200	0.093	0.530
0.007	0.562	0.001	0.430
0.997	0.001	0.001	0.001
0.048	0.935	0.001	0.016
0.023	0.001	0.001	0.975
0.001	0.975	0.012	0.012
0.023	0.001	0.975	0.001
0.963	0.012	0.024	0.001
0.001	0.676	0.024	0.299
0.012	0.722	0.001	0.265
0.422	0.133	0.109	0.335
0.262	0.572	0.013	0.153
>GTGTCGATCGAC	2-GTGTCGATCGAC	12.638847	-37.564110	0	T:28.0(0.15%),B:0.0(0.00%),P:1e-16	Tpos:45.8,Tstd:28.4,Bpos:0.0,Bstd:0.0,StrandBias:0.0,Multiplicity:1.21
0.013	0.013	0.973	0.001
0.001	0.001	0.001	0.997
0.083	0.001	0.903	0.013
0.013	0.001	0.001	0.985
0.013	0.973	0.001	0.013
0.027	0.001	0.971	0.001
0.959	0.001	0.027	0.013
0.014	0.028	0.014	0.944
0.001	0.973	0.013	0.013
0.019	0.001	0.967	0.013
0.973	0.001	0.013	0.013
0.013	0.917	0.001	0.069
>TGATARTAGGTT	3-TGATARTAGGTT	13.939115	-29.265939	0	T:24.0(0.12%),B:1.4(0.00%),P:1e-12	Tpos:49.1,Tstd:21.4,Bpos:191.1,Bstd:85.6,StrandBias:-0.2,Multiplicity:1.00
0.001	0.197	0.001	0.801
0.001	0.001	0.997	0.001
0.997	0.001	0.001	0.001
0.001	0.001	0.001	0.997
0.997	0.001	0.001	0.001
0.437	0.001	0.561	0.001
0.001	0.001	0.001	0.997
0.719	0.001	0.121	0.159
0.001	0.001	0.997	0.001
0.298	0.197	0.504	0.001
0.423	0.001	0.001	0.575
0.001	0.001	0.001	0.997
>TAACTCAGCCGT	4-TAACTCAGCCGT	10.206126	-18.613250	0	T:42.0(0.22%),B:30.3(0.06%),P:1e-8	Tpos:50.5,Tstd:27.0,Bpos:812.7,Bstd:752.4,StrandBias:0.3,Multiplicity:1.21
0.063	0.059	0.058	0.820
0.926	0.015	0.015	0.044
0.834	0.015	0.088	0.063
0.111	0.740	0.105	0.044
0.090	0.029	0.052	0.829
0.059	0.882	0.015	0.044
0.924	0.052	0.015	0.009
0.052	0.001	0.909	0.038
0.087	0.724	0.029	0.160
0.029	0.874	0.015	0.082
0.113	0.061	0.768	0.058
0.081	0.096	0.044	0.779
>CAACGACATGAT	5-CAACGACATGAT	13.420353	-18.508818	0	T:21.0(0.11%),B:6.0(0.01%),P:1e-8	Tpos:37.1,Tstd:29.7,Bpos:340.3,Bstd:346.4,StrandBias:1.0,Multiplicity:1.00
0.001	0.997	0.001	0.001
0.997	0.001	0.001	0.001
0.889	0.001	0.055	0.055
0.055	0.943	0.001	0.001
0.001	0.001	0.997	0.001
0.997	0.001	0.001	0.001
0.001	0.997	0.001	0.001
0.997	0.001	0.001	0.001
0.055	0.001	0.001	0.943
0.001	0.001	0.943	0.055
0.943	0.055	0.001	0.001
0.001	0.001	0.001	0.997
>AGGAAACACTAC	6-AGGAAACACTAC	11.837071	-18.372064	0	T:41.0(0.21%),B:29.5(0.05%),P:1e-7	Tpos:51.4,Tstd:26.1,Bpos:515.4,Bstd:533.6,StrandBias:0.1,Multiplicity:1.00
0.908	0.001	0.001	0.090
0.028	0.045	0.882	0.045
0.001	0.001	0.876	0.122
0.997	0.001	0.001	0.001
0.909	0.001	0.045	0.045
0.863	0.001	0.091	0.045
0.001	0.863	0.045	0.091
0.997	0.001	0.001	0.001
0.062	0.708	0.003	0.227
0.093	0.045	0.001	0.861
0.954	0.044	0.001	0.001
0.062	0.888	0.001	0.049
>AAGAGACTGTGC	7-AAGAGACTGTGC	12.631459	-15.817393	0	T:26.0(0.14%),B:13.1(0.02%),P:1e-6	Tpos:48.0,Tstd:26.1,Bpos:764.1,Bstd:690.8,StrandBias:0.1,Multiplicity:1.00
0.997	0.001	0.001	0.001
0.997	0.001	0.001	0.001
0.052	0.207	0.689	0.052
0.997	0.001	0.001	0.001
0.001	0.051	0.947	0.001
0.947	0.051	0.001	0.001
0.071	0.774	0.103	0.052
0.001	0.001	0.001	0.997
0.001	0.051	0.947	0.001
0.051	0.001	0.001	0.947
0.001	0.051	0.947	0.001
0.052	0.844	0.052	0.052
>TACACATGACAT	8-TACACATGACAT	12.055008	-12.596512	0	T:29.0(0.15%),B:22.6(0.04%),P:1e-5	Tpos:49.4,Tstd:26.2,Bpos:726.8,Bstd:636.4,StrandBias:-1.2,Multiplicity:1.00
0.170	0.034	0.001	0.795
0.609	0.318	0.072	0.001
0.180	0.799	0.001	0.020
0.931	0.001	0.067	0.001
0.001	0.997	0.001	0.001
0.808	0.001	0.137	0.054
0.001	0.136	0.001	0.862
0.001	0.020	0.925	0.054
0.825	0.001	0.001	0.173
0.001	0.570	0.192	0.237
0.931	0.001	0.067	0.001
0.067	0.076	0.001	0.856
>AATTAATCCTAC	9-AATTAATCCTAC	13.597139	-12.026117	0	T:17.0(0.09%),B:7.5(0.01%),P:1e-5	Tpos:44.2,Tstd:27.8,Bpos:157.7,Bstd:170.7,StrandBias:1.1,Multiplicity:1.00
0.959	0.001	0.039	0.001
0.919	0.040	0.040	0.001
0.040	0.040	0.001	0.919
0.040	0.040	0.001	0.919
0.895	0.040	0.025	0.040
0.959	0.039	0.001	0.001
0.024	0.001	0.001	0.974
0.001	0.997	0.001	0.001
0.001	0.877	0.001	0.121
0.001	0.001	0.039	0.959
0.959	0.001	0.039	0.001
0.304	0.694	0.001	0.001
>AAAATCCACACT	10-AAAATCCACACT	14.084076	-11.708165	0	T:20.0(0.10%),B:11.2(0.02%),P:1e-5	Tpos:49.3,Tstd:25.5,Bpos:292.7,Bstd:503.8,StrandBias:1.1,Multiplicity:1.00
0.997	0.001	0.001	0.001
0.946	0.052	0.001	0.001
0.824	0.001	0.001	0.174
0.824	0.001	0.174	0.001
0.001	0.001	0.174	0.824
0.323	0.502	0.174	0.001
0.392	0.606	0.001	0.001
0.997	0.001	0.001	0.001
0.001	0.997	0.001	0.001
0.764	0.234	0.001	0.001
0.001	0.997	0.001	0.001
0.001	0.001	0.001	0.997
>GCCAAAGTCCGT	11-GCCAAAGTCCGT	10.581549	-11.617857	0	T:31.0(0.16%),B:27.8(0.05%),P:1e-5	Tpos:51.6,Tstd:30.0,Bpos:687.5,Bstd:727.8,StrandBias:-0.5,Multiplicity:1.00
0.072	0.035	0.816	0.077
0.042	0.915	0.001	0.042
0.022	0.893	0.021	0.064
0.870	0.064	0.065	0.001
0.936	0.042	0.001	0.021
0.892	0.042	0.065	0.001
0.090	0.064	0.747	0.099
0.064	0.043	0.056	0.837
0.021	0.830	0.021	0.128
0.091	0.779	0.022	0.108
0.190	0.051	0.660	0.099
0.077	0.035	0.043	0.845
>TTTTTRGCTTTG	12-TTTTTRGCTTTG	10.534431	-11.203494	0	T:40.0(0.21%),B:43.9(0.08%),P:1e-4	Tpos:52.5,Tstd:24.7,Bpos:448.4,Bstd:520.8,StrandBias:-0.7,Multiplicity:1.03
0.045	0.104	0.035	0.816
0.060	0.205	0.170	0.565
0.270	0.043	0.035	0.652
0.288	0.030	0.042	0.640
0.311	0.031	0.035	0.623
0.405	0.149	0.411	0.036
0.068	0.050	0.821	0.061
0.067	0.733	0.128	0.072
0.037	0.203	0.174	0.586
0.053	0.091	0.031	0.825
0.116	0.202	0.046	0.636
0.162	0.093	0.678	0.067
>NKTTGACTWNWH	13-NKTTGACTWNWH	8.366965	-4.676803	0	T:1302.0(6.76%),B:3410.6(6.28%),P:1e-2	Tpos:49.7,Tstd:25.7,Bpos:459.4,Bstd:692.8,StrandBias:-0.0,Multiplicity:1.08
0.277	0.234	0.192	0.297
0.226	0.009	0.361	0.404
0.001	0.082	0.001	0.916
0.001	0.001	0.005	0.993
0.001	0.001	0.997	0.001
0.997	0.001	0.001	0.001
0.001	0.997	0.001	0.001
0.001	0.188	0.001	0.810
0.304	0.260	0.002	0.434
0.311	0.184	0.186	0.319
0.309	0.177	0.176	0.338
0.339	0.209	0.160	0.291
>TGWGAGAGWGAG	14-TGWGAGAGWGAG	10.673496	-3.835272	0	T:65.0(0.34%),B:133.7(0.25%),P:1e-1	Tpos:48.0,Tstd:21.3,Bpos:489.9,Bstd:906.8,StrandBias:0.0,Multiplicity:1.04
0.195	0.048	0.053	0.704
0.243	0.031	0.452	0.274
0.500	0.024	0.031	0.445
0.070	0.041	0.830	0.059
0.583	0.023	0.034	0.360
0.068	0.040	0.839	0.053
0.571	0.029	0.032	0.368
0.066	0.040	0.838	0.056
0.455	0.018	0.028	0.499
0.073	0.040	0.838	0.049
0.604	0.024	0.042	0.330
0.347	0.031	0.575	0.047
>HKTTGACTTWWW	15-HKTTGACTTWWW	11.433965	-3.743234	0	T:16.0(0.08%),B:22.9(0.04%),P:1e-1	Tpos:54.6,Tstd:26.8,Bpos:210.9,Bstd:267.2,StrandBias:1.6,Multiplicity:1.00
0.309	0.209	0.150	0.332
0.192	0.044	0.318	0.446
0.001	0.001	0.001	0.997
0.001	0.001	0.001	0.997
0.001	0.001	0.997	0.001
0.997	0.001	0.001	0.001
0.001	0.997	0.001	0.001
0.001	0.153	0.001	0.845
0.335	0.133	0.031	0.501
0.348	0.074	0.102	0.475
0.328	0.062	0.138	0.473
0.370	0.120	0.113	0.397
>AGAGAGAGAGAG	16-AGAGAGAGAGAG	11.263144	-2.508874	0	T:223.0(1.16%),B:562.8(1.04%),P:1e-1	Tpos:50.2,Tstd:27.9,Bpos:177.6,Bstd:273.7,StrandBias:-0.4,Multiplicity:1.00
0.505	0.033	0.163	0.299
0.220	0.150	0.517	0.113
0.741	0.001	0.001	0.257
0.149	0.001	0.843	0.007
0.841	0.001	0.001	0.157
0.111	0.001	0.887	0.001
0.794	0.001	0.001	0.204
0.178	0.032	0.740	0.050
0.762	0.001	0.001	0.236
0.245	0.078	0.586	0.091
0.706	0.004	0.007	0.283
0.287	0.053	0.514	0.146
>RAGAGAGAGAGA	17-RAGAGAGAGAGA	10.689930	-1.816072	0	T:292.0(1.52%),B:769.8(1.42%),P:1e0	Tpos:50.2,Tstd:26.3,Bpos:235.7,Bstd:449.8,StrandBias:0.2,Multiplicity:1.05
0.310	0.103	0.392	0.194
0.598	0.001	0.146	0.255
0.332	0.015	0.600	0.053
0.758	0.001	0.001	0.240
0.146	0.001	0.852	0.001
0.859	0.001	0.001	0.139
0.230	0.001	0.768	0.001
0.783	0.001	0.001	0.215
0.256	0.036	0.692	0.016
0.724	0.001	0.001	0.274
0.238	0.109	0.594	0.059
0.592	0.001	0.203	0.204
>AAAAAACTAACC	18-AAAAAACTAACC	14.445330	-1.701456	0	T:5.0(0.03%),B:7.5(0.01%),P:1e0	Tpos:29.6,Tstd:22.8,Bpos:969.0,Bstd:878.3,StrandBias:0.6,Multiplicity:1.00
0.812	0.059	0.080	0.049
0.834	0.052	0.064	0.050
0.842	0.047	0.052	0.059
0.833	0.058	0.035	0.074
0.838	0.047	0.046	0.069
0.799	0.063	0.053	0.085
0.065	0.812	0.063	0.060
0.034	0.075	0.039	0.852
0.806	0.090	0.037	0.067
0.888	0.027	0.048	0.037
0.058	0.853	0.036	0.053
0.037	0.833	0.061	0.069
>GAGWGARAGWGA	19-GAGWGARAGWGA	11.271165	-1.520066	0	T:203.0(1.05%),B:536.8(0.99%),P:1e0	Tpos:48.1,Tstd:26.4,Bpos:350.0,Bstd:560.6,StrandBias:-0.1,Multiplicity:1.13
0.107	0.041	0.584	0.268
0.647	0.013	0.057	0.283
0.258	0.098	0.575	0.069
0.475	0.029	0.040	0.455
0.093	0.017	0.707	0.183
0.820	0.064	0.044	0.072
0.399	0.040	0.417	0.144
0.942	0.001	0.015	0.042
0.047	0.043	0.727	0.183
0.520	0.011	0.009	0.460
0.069	0.033	0.884	0.014
0.735	0.003	0.022	0.240
>RRGWTTTTAAAA	20-RRGWTTTTAAAA	11.256305	-1.443921	0	T:5.0(0.03%),B:8.2(0.02%),P:1e0	Tpos:52.8,Tstd:31.2,Bpos:1015.7,Bstd:757.4,StrandBias:0.6,Multiplicity:1.00
0.410	0.082	0.312	0.196
0.366	0.067	0.424	0.143
0.259	0.035	0.437	0.269
0.394	0.095	0.183	0.328
0.107	0.101	0.001	0.791
0.035	0.001	0.001	0.963
0.075	0.002	0.030	0.893
0.218	0.001	0.100	0.681
0.588	0.080	0.126	0.206
0.989	0.001	0.005	0.005
0.776	0.001	0.099	0.124
0.737	0.002	0.155	0.106
>TTTTTGTTTGAC	21-TTTTTGTTTGAC	11.184346	-1.198438	0	T:100.0(0.52%),B:264.9(0.49%),P:1e0	Tpos:49.2,Tstd:27.0,Bpos:526.2,Bstd:677.8,StrandBias:0.0,Multiplicity:1.00
0.078	0.023	0.001	0.898
0.001	0.132	0.001	0.866
0.105	0.001	0.001	0.893
0.111	0.001	0.001	0.887
0.048	0.001	0.053	0.898
0.042	0.057	0.835	0.066
0.024	0.124	0.091	0.761
0.001	0.158	0.178	0.663
0.165	0.001	0.119	0.715
0.001	0.001	0.910	0.088
0.997	0.001	0.001	0.001
0.169	0.807	0.023	0.001
>HYYTCTCTCTCT	22-HYYTCTCTCTCT	11.464842	-0.441091	0	T:52.0(0.27%),B:154.4(0.28%),P:1e0	Tpos:42.3,Tstd:31.0,Bpos:205.6,Bstd:446.2,StrandBias:-1.1,Multiplicity:1.00
0.283	0.295	0.106	0.316
0.162	0.383	0.064	0.391
0.102	0.403	0.057	0.438
0.065	0.123	0.001	0.811
0.040	0.675	0.018	0.267
0.157	0.001	0.001	0.841
0.016	0.644	0.031	0.309
0.011	0.001	0.001	0.987
0.032	0.754	0.004	0.210
0.073	0.001	0.001	0.925
0.028	0.681	0.001	0.290
0.122	0.096	0.011	0.771
>TTTTTAAAACCC	23-TTTTTAAAACCC	13.163972	-0.230966	0	T:3.0(0.02%),B:12.9(0.02%),P:1e0	Tpos:72.3,Tstd:5.7,Bpos:847.7,Bstd:676.7,StrandBias:10.0,Multiplicity:1.00
0.103	0.087	0.069	0.741
0.084	0.080	0.069	0.767
0.086	0.074	0.073	0.767
0.086	0.068	0.073	0.773
0.116	0.085	0.075	0.724
0.742	0.084	0.081	0.093
0.805	0.048	0.063	0.084
0.827	0.058	0.049	0.066
0.786	0.064	0.058	0.092
0.117	0.681	0.086	0.116
0.117	0.694	0.068	0.121
0.117	0.694	0.074	0.115
>GACTTTTTATTT	24-GACTTTTTATTT	14.362388	-0.129137	0	T:6.0(0.03%),B:26.9(0.05%),P:1e0	Tpos:38.0,Tstd:17.2,Bpos:412.7,Bstd:499.5,StrandBias:-2.3,Multiplicity:1.00
0.001	0.038	0.907	0.054
0.882	0.070	0.001	0.047
0.148	0.746	0.046	0.060
0.023	0.001	0.001	0.975
0.078	0.046	0.094	0.782
0.060	0.001	0.001	0.938
0.134	0.001	0.082	0.783
0.123	0.040	0.099	0.738
0.668	0.107	0.124	0.101
0.162	0.001	0.001	0.836
0.001	0.001	0.001	0.997
0.085	0.092	0.073	0.750
>TCTCTCTTTCTC	25-TCTCTCTTTCTC	13.045714	-0.067288	0	T:35.0(0.18%),B:129.6(0.24%),P:1e0	Tpos:54.4,Tstd:18.7,Bpos:181.6,Bstd:293.7,StrandBias:1.3,Multiplicity:1.00
0.098	0.082	0.049	0.771
0.097	0.629	0.115	0.159
0.063	0.053	0.063	0.821
0.067	0.764	0.055	0.114
0.100	0.046	0.019	0.835
0.097	0.697	0.073	0.133
0.076	0.109	0.033	0.782
0.070	0.162	0.080	0.688
0.075	0.075	0.031	0.819
0.096	0.666	0.095	0.143
0.097	0.073	0.037	0.793
0.089	0.670	0.090	0.151
>AGTTGACT	1-AGTTGACT	9.654628	-23.259220	0	T:372.0(1.93%),B:690.6(1.27%),P:1e-10	Tpos:50.2,Tstd:27.4,Bpos:451.6,Bstd:773.0,StrandBias:-0.2,Multiplicity:1.04
0.423	0.243	0.096	0.238
0.001	0.001	0.997	0.001
0.001	0.001	0.001	0.997
0.001	0.001	0.001	0.997
0.001	0.001	0.997	0.001
0.997	0.001	0.001	0.001
0.001	0.997	0.001	0.001
0.001	0.001	0.001	0.997
>WWAWWAWA	2-WWAWWAWA	3.308992	-19.621595	0	T:13554.0(70.40%),B:37037.1(68.14%),P:1e-8	Tpos:49.2,Tstd:28.5,Bpos:454.1,Bstd:665.3,StrandBias:0.1,Multiplicity:1.03
0.325	0.143	0.116	0.416
0.428	0.170	0.096	0.306
0.607	0.146	0.077	0.170
0.366	0.191	0.116	0.327
0.415	0.117	0.055	0.413
0.599	0.142	0.090	0.169
0.449	0.100	0.114	0.337
0.454	0.124	0.141	0.281
>TAAWTWWW	3-TAAWTWWW	4.103517	-13.671596	0	T:12478.0(64.81%),B:34189.5(62.91%),P:1e-5	Tpos:50.0,Tstd:28.3,Bpos:569.7,Bstd:743.4,StrandBias:0.0,Multiplicity:1.48
0.235	0.187	0.052	0.526
0.556	0.140	0.061	0.243
0.930	0.006	0.001	0.063
0.506	0.093	0.003	0.398
0.389	0.033	0.001	0.577
0.481	0.017	0.076	0.427
0.479	0.072	0.119	0.330
0.386	0.092	0.067	0.455
>GTTGACTT	4-GTTGACTT	10.280494	-13.547463	0	T:304.0(1.58%),B:613.4(1.13%),P:1e-5	Tpos:49.7,Tstd:26.7,Bpos:396.2,Bstd:656.3,StrandBias:-0.1,Multiplicity:1.04
0.069	0.045	0.708	0.178
0.001	0.036	0.001	0.962
0.008	0.001	0.010	0.981
0.001	0.001	0.984	0.014
0.997	0.001	0.001	0.001
0.001	0.997	0.001	0.001
0.035	0.044	0.001	0.920
0.112	0.098	0.050	0.740
>WWTTTWTW	5-WWTTTWTW	3.441640	-13.311730	0	T:12114.0(62.92%),B:33167.1(61.02%),P:1e-5	Tpos:48.3,Tstd:27.0,Bpos:460.1,Bstd:645.1,StrandBias:-0.3,Multiplicity:1.00
0.380	0.130	0.110	0.381
0.354	0.091	0.121	0.434
0.296	0.068	0.147	0.489
0.179	0.149	0.160	0.512
0.280	0.054	0.141	0.525
0.328	0.062	0.164	0.446
0.176	0.131	0.187	0.506
0.360	0.115	0.162	0.364
>WAAAWAAW	6-WAAAWAAW	3.279098	-12.437454	0	T:13963.0(72.53%),B:38498.1(70.83%),P:1e-5	Tpos:50.4,Tstd:28.5,Bpos:427.1,Bstd:660.5,StrandBias:-0.0,Multiplicity:1.12
0.350	0.143	0.130	0.377
0.521	0.122	0.122	0.235
0.547	0.094	0.060	0.299
0.508	0.115	0.046	0.331
0.429	0.139	0.127	0.305
0.547	0.129	0.098	0.226
0.533	0.102	0.114	0.251
0.413	0.103	0.138	0.346
>AWAAAAWW	7-AWAAAAWW	3.911709	-7.334910	0	T:13495.0(70.10%),B:37420.7(68.85%),P:1e-3	Tpos:50.1,Tstd:28.1,Bpos:441.3,Bstd:665.8,StrandBias:-0.0,Multiplicity:1.17
0.591	0.001	0.001	0.407
0.389	0.135	0.093	0.382
0.451	0.165	0.109	0.276
0.528	0.180	0.119	0.173
0.595	0.085	0.049	0.271
0.512	0.110	0.077	0.301
0.397	0.076	0.031	0.496
0.452	0.001	0.001	0.546
>WAWAWAAW	8-WAWAWAAW	3.667374	-6.443985	0	T:10367.0(53.85%),B:28594.9(52.61%),P:1e-2	Tpos:79.0,Tstd:18.4,Bpos:431.4,Bstd:539.6,StrandBias:-1.6,Multiplicity:1.00
0.420	0.139	0.075	0.367
0.598	0.193	0.090	0.119
0.436	0.130	0.068	0.366
0.479	0.127	0.070	0.323
0.416	0.169	0.116	0.300
0.491	0.126	0.083	0.299
0.492	0.134	0.121	0.252
0.395	0.135	0.141	0.330
>WTTATATA	9-WTTATATA	1.718860	-6.224036	0	T:11124.0(57.78%),B:30752.7(56.58%),P:1e-2	Tpos:50.3,Tstd:28.3,Bpos:535.8,Bstd:709.2,StrandBias:0.0,Multiplicity:1.13
0.476	0.001	0.001	0.522
0.096	0.001	0.001	0.902
0.215	0.001	0.001	0.783
0.616	0.001	0.001	0.382
0.186	0.001	0.001	0.812
0.997	0.001	0.001	0.001
0.225	0.001	0.001	0.773
0.860	0.001	0.001	0.138
>WWTWWTWD	10-WWTWWTWD	3.495946	-5.806974	0	T:9380.0(48.72%),B:25853.1(47.57%),P:1e-2	Tpos:56.5,Tstd:26.7,Bpos:518.5,Bstd:648.8,StrandBias:0.0,Multiplicity:1.00
0.392	0.111	0.069	0.428
0.376	0.127	0.096	0.402
0.364	0.063	0.025	0.548
0.434	0.071	0.019	0.476
0.393	0.105	0.184	0.317
0.130	0.221	0.214	0.436
0.310	0.159	0.183	0.347
0.337	0.108	0.208	0.347
>WTAGTCAA	11-WTAGTCAA	-3.556625	-5.389890	0	T:14071.0(73.09%),B:39191.3(72.11%),P:1e-2	Tpos:49.8,Tstd:27.3,Bpos:459.2,Bstd:679.6,StrandBias:-0.0,Multiplicity:1.76
0.325	0.157	0.076	0.442
0.001	0.001	0.001	0.997
0.997	0.001	0.001	0.001
0.001	0.001	0.997	0.001
0.001	0.001	0.001	0.997
0.001	0.997	0.001	0.001
0.997	0.001	0.001	0.001
0.997	0.001	0.001	0.001
>TAGTCAAC	12-TAGTCAAC	9.314859	-4.682652	0	T:329.0(1.71%),B:794.2(1.46%),P:1e-2	Tpos:51.7,Tstd:25.3,Bpos:375.3,Bstd:635.5,StrandBias:0.1,Multiplicity:1.02
0.001	0.173	0.307	0.519
0.997	0.001	0.001	0.001
0.001	0.001	0.997	0.001
0.001	0.001	0.001	0.997
0.001	0.997	0.001	0.001
0.997	0.001	0.001	0.001
0.997	0.001	0.001	0.001
0.001	0.997	0.001	0.001
>WWWAAWWW	13-WWWAAWWW	3.576893	-4.273262	0	T:9863.0(51.23%),B:27341.9(50.31%),P:1e-1	Tpos:45.2,Tstd:31.3,Bpos:354.3,Bstd:598.4,StrandBias:0.4,Multiplicity:1.00
0.365	0.148	0.149	0.338
0.355	0.191	0.132	0.322
0.357	0.167	0.139	0.337
0.466	0.252	0.224	0.058
0.649	0.001	0.001	0.349
0.463	0.114	0.037	0.386
0.392	0.110	0.089	0.409
0.372	0.106	0.102	0.421
>WTWTTWTW	14-WTWTTWTW	3.870042	-1.444477	0	T:8861.0(46.03%),B:24850.1(45.72%),P:1e0	Tpos:69.1,Tstd:26.1,Bpos:316.5,Bstd:441.0,StrandBias:2.2,Multiplicity:1.00
0.315	0.156	0.150	0.379
0.156	0.148	0.192	0.504
0.340	0.113	0.130	0.417
0.214	0.178	0.153	0.454
0.346	0.062	0.068	0.524
0.369	0.080	0.091	0.459
0.173	0.049	0.153	0.625
0.401	0.090	0.138	0.371
>WTWWWTTW	15-WTWWWTTW	3.705483	-1.395435	0	T:8618.0(44.76%),B:24173.3(44.48%),P:1e0	Tpos:42.8,Tstd:26.1,Bpos:458.4,Bstd:681.1,StrandBias:0.7,Multiplicity:1.00
0.327	0.160	0.157	0.356
0.263	0.168	0.115	0.454
0.399	0.128	0.128	0.345
0.402	0.113	0.132	0.353
0.388	0.083	0.109	0.420
0.301	0.126	0.105	0.468
0.001	0.025	0.288	0.686
0.344	0.102	0.160	0.395
>WWWTTWNW	16-WWWTTWNW	3.745682	-0.207104	0	T:8251.0(42.86%),B:23492.1(43.22%),P:1e0	Tpos:50.5,Tstd:29.5,Bpos:536.6,Bstd:724.8,StrandBias:1.4,Multiplicity:1.00
0.426	0.087	0.079	0.408
0.482	0.078	0.082	0.358
0.424	0.049	0.084	0.442
0.355	0.001	0.053	0.591
0.093	0.199	0.274	0.433
0.351	0.157	0.180	0.312
0.288	0.208	0.186	0.318
0.381	0.125	0.089	0.404
>WAWWWWAW	17-WAWWWWAW	4.068091	-0.073268	0	T:7957.0(41.33%),B:22792.2(41.94%),P:1e0	Tpos:45.3,Tstd:26.5,Bpos:369.6,Bstd:611.7,StrandBias:0.1,Multiplicity:1.01
0.411	0.138	0.110	0.341
0.696	0.046	0.104	0.154
0.397	0.121	0.104	0.378
0.341	0.095	0.098	0.466
0.295	0.158	0.188	0.359
0.427	0.127	0.126	0.321
0.561	0.171	0.118	0.150
0.393	0.136	0.112	0.358
>WWWWTWTW	18-WWWWTWTW	3.724888	-0.037914	0	T:7948.0(41.28%),B:22837.1(42.02%),P:1e0	Tpos:51.6,Tstd:28.9,Bpos:354.1,Bstd:603.7,StrandBias:0.3,Multiplicity:1.02
0.372	0.153	0.122	0.352
0.444	0.125	0.027	0.403
0.502	0.001	0.001	0.496
0.372	0.015	0.178	0.435
0.295	0.001	0.210	0.494
0.265	0.183	0.179	0.373
0.023	0.263	0.232	0.482
0.308	0.135	0.196	0.362
>TTGACTHA	19-TTGACTHA	8.310904	-0.014816	0	T:124.0(0.64%),B:433.4(0.80%),P:1e0	Tpos:50.6,Tstd:27.9,Bpos:457.7,Bstd:714.5,StrandBias:0.3,Multiplicity:1.01
0.106	0.042	0.080	0.772
0.001	0.001	0.001	0.997
0.050	0.075	0.874	0.001
0.959	0.039	0.001	0.001
0.001	0.898	0.100	0.001
0.001	0.405	0.001	0.593
0.211	0.339	0.178	0.273
0.533	0.001	0.327	0.139
>WAWTTWWW	20-WAWTTWWW	4.247379	-0.009172	0	T:7827.0(40.66%),B:22624.8(41.63%),P:1e0	Tpos:50.8,Tstd:27.7,Bpos:405.6,Bstd:654.0,StrandBias:0.8,Multiplicity:1.00
0.390	0.126	0.104	0.380
0.452	0.107	0.142	0.298
0.339	0.115	0.131	0.415
0.077	0.182	0.223	0.518
0.184	0.001	0.040	0.775
0.348	0.068	0.102	0.482
0.359	0.066	0.133	0.441
0.380	0.106	0.116	0.397
>YTTGACTM	21-YTTGACTM	8.763637	-0.000109	0	T:197.0(1.02%),B:739.3(1.36%),P:1e0	Tpos:51.6,Tstd:27.3,Bpos:477.6,Bstd:672.4,StrandBias:-0.1,Multiplicity:1.01
0.147	0.302	0.111	0.440
0.001	0.001	0.001	0.997
0.001	0.162	0.001	0.836
0.001	0.001	0.997	0.001
0.997	0.001	0.001	0.001
0.001	0.997	0.001	0.001
0.001	0.409	0.001	0.589
0.456	0.308	0.001	0.235
>WTTTWWTW	22-WTTTWWTW	3.922141	-0.000077	0	T:7983.0(41.47%),B:23387.5(43.03%),P:1e0	Tpos:49.7,Tstd:29.4,Bpos:237.0,Bstd:422.7,StrandBias:0.3,Multiplicity:1.00
0.395	0.094	0.120	0.391
0.236	0.066	0.100	0.598
0.282	0.109	0.121	0.488
0.247	0.080	0.147	0.526
0.329	0.123	0.183	0.365
0.352	0.082	0.183	0.383
0.214	0.164	0.132	0.491
0.285	0.184	0.125	0.406
>WATTTAWT	23-WATTTAWT	5.411561	-0.000000	0	T:7697.0(39.98%),B:23279.9(42.83%),P:1e0	Tpos:50.1,Tstd:27.9,Bpos:562.4,Bstd:737.3,StrandBias:-0.0,Multiplicity:1.28
0.386	0.036	0.156	0.422
0.863	0.001	0.001	0.135
0.333	0.098	0.001	0.568
0.001	0.001	0.001	0.997
0.204	0.001	0.252	0.543
0.997	0.001	0.001	0.001
0.366	0.109	0.212	0.313
0.001	0.001	0.001	0.997
>ATTAAATW	24-ATTAAATW	7.728679	-0.000000	0	T:891.0(4.63%),B:4667.1(8.59%),P:1e0	Tpos:60.4,Tstd:29.2,Bpos:656.6,Bstd:736.5,StrandBias:0.4,Multiplicity:1.00
0.593	0.001	0.001	0.405
0.408	0.001	0.001	0.590
0.419	0.001	0.001	0.579
0.728	0.001	0.001	0.270
0.717	0.001	0.001	0.281
0.997	0.001	0.001	0.001
0.179	0.001	0.001	0.819
0.555	0.001	0.001	0.443
>WWWTTWWD	25-WWWTTWWD	3.969768	-0.000000	0	T:5315.0(27.61%),B:16997.9(31.27%),P:1e0	Tpos:4.0,Tstd:0.0,Bpos:620.0,Bstd:774.1,StrandBias:1.0,Multiplicity:1.00
0.482	0.094	0.092	0.332
0.405	0.104	0.095	0.397
0.436	0.039	0.118	0.407
0.338	0.001	0.031	0.630
0.201	0.138	0.202	0.459
0.305	0.105	0.188	0.402
0.368	0.142	0.155	0.335
0.224	0.200	0.222	0.355
