>TYACTCGACCWC	1-TYACTCGACCWC	10.857301	-86.575285	0	T:139.0(0.72%),B:59.2(0.11%),P:1e-37	Tpos:52.4,Tstd:25.3,Bpos:327.9,Bstd:574.1,StrandBias:0.2,Multiplicity:1.24
0.177	0.200	0.093	0.530
0.007	0.562	0.001	0.430
0.997	0.001	0.001	0.001
0.048	0.935	0.001	0.016
0.023	0.001	0.001	0.975
0.001	0.975	0.012	0.012
0.023	0.001	0.975	0.001
0.963	0.012	0.024	0.001
0.001	0.676	0.024	0.299
0.012	0.722	0.001	0.265
0.422	0.133	0.109	0.335
0.262	0.572	0.013	0.153
>GTGTCGATCGAC	2-GTGTCGATCGAC	12.638847	-37.564110	0	T:28.0(0.15%),B:0.0(0.00%),P:1e-16	Tpos:45.8,Tstd:28.4,Bpos:0.0,Bstd:0.0,StrandBias:0.0,Multiplicity:1.21
0.013	0.013	0.973	0.001
0.001	0.001	0.001	0.997
0.083	0.001	0.903	0.013
0.013	0.001	0.001	0.985
0.013	0.973	0.001	0.013
0.027	0.001	0.971	0.001
0.959	0.001	0.027	0.013
0.014	0.028	0.014	0.944
0.001	0.973	0.013	0.013
0.019	0.001	0.967	0.013
0.973	0.001	0.013	0.013
0.013	0.917	0.001	0.069
>TGATARTAGGTT	3-TGATARTAGGTT	13.939115	-29.265939	0	T:24.0(0.12%),B:1.4(0.00%),P:1e-12	Tpos:49.1,Tstd:21.4,Bpos:191.1,Bstd:85.6,StrandBias:-0.2,Multiplicity:1.00
0.001	0.197	0.001	0.801
0.001	0.001	0.997	0.001
0.997	0.001	0.001	0.001
0.001	0.001	0.001	0.997
0.997	0.001	0.001	0.001
0.437	0.001	0.561	0.001
0.001	0.001	0.001	0.997
0.719	0.001	0.121	0.159
0.001	0.001	0.997	0.001
0.298	0.197	0.504	0.001
0.423	0.001	0.001	0.575
0.001	0.001	0.001	0.997
>TAACTCAGCCGT	4-TAACTCAGCCGT	10.206126	-18.613250	0	T:42.0(0.22%),B:30.3(0.06%),P:1e-8	Tpos:50.5,Tstd:27.0,Bpos:812.7,Bstd:752.4,StrandBias:0.3,Multiplicity:1.21
0.063	0.059	0.058	0.820
0.926	0.015	0.015	0.044
0.834	0.015	0.088	0.063
0.111	0.740	0.105	0.044
0.090	0.029	0.052	0.829
0.059	0.882	0.015	0.044
0.924	0.052	0.015	0.009
0.052	0.001	0.909	0.038
0.087	0.724	0.029	0.160
0.029	0.874	0.015	0.082
0.113	0.061	0.768	0.058
0.081	0.096	0.044	0.779
>CAACGACATGAT	5-CAACGACATGAT	13.420353	-18.508818	0	T:21.0(0.11%),B:6.0(0.01%),P:1e-8	Tpos:37.1,Tstd:29.7,Bpos:340.3,Bstd:346.4,StrandBias:1.0,Multiplicity:1.00
0.001	0.997	0.001	0.001
0.997	0.001	0.001	0.001
0.889	0.001	0.055	0.055
0.055	0.943	0.001	0.001
0.001	0.001	0.997	0.001
0.997	0.001	0.001	0.001
0.001	0.997	0.001	0.001
0.997	0.001	0.001	0.001
0.055	0.001	0.001	0.943
0.001	0.001	0.943	0.055
0.943	0.055	0.001	0.001
0.001	0.001	0.001	0.997
>AGGAAACACTAC	6-AGGAAACACTAC	11.837071	-18.372064	0	T:41.0(0.21%),B:29.5(0.05%),P:1e-7	Tpos:51.4,Tstd:26.1,Bpos:515.4,Bstd:533.6,StrandBias:0.1,Multiplicity:1.00
0.908	0.001	0.001	0.090
0.028	0.045	0.882	0.045
0.001	0.001	0.876	0.122
0.997	0.001	0.001	0.001
0.909	0.001	0.045	0.045
0.863	0.001	0.091	0.045
0.001	0.863	0.045	0.091
0.997	0.001	0.001	0.001
0.062	0.708	0.003	0.227
0.093	0.045	0.001	0.861
0.954	0.044	0.001	0.001
0.062	0.888	0.001	0.049
>AAGAGACTGTGC	7-AAGAGACTGTGC	12.631459	-15.817393	0	T:26.0(0.14%),B:13.1(0.02%),P:1e-6	Tpos:48.0,Tstd:26.1,Bpos:764.1,Bstd:690.8,StrandBias:0.1,Multiplicity:1.00
0.997	0.001	0.001	0.001
0.997	0.001	0.001	0.001
0.052	0.207	0.689	0.052
0.997	0.001	0.001	0.001
0.001	0.051	0.947	0.001
0.947	0.051	0.001	0.001
0.071	0.774	0.103	0.052
0.001	0.001	0.001	0.997
0.001	0.051	0.947	0.001
0.051	0.001	0.001	0.947
0.001	0.051	0.947	0.001
0.052	0.844	0.052	0.052
>TACACATGACAT	8-TACACATGACAT	12.055008	-12.596512	0	T:29.0(0.15%),B:22.6(0.04%),P:1e-5	Tpos:49.4,Tstd:26.2,Bpos:726.8,Bstd:636.4,StrandBias:-1.2,Multiplicity:1.00
0.170	0.034	0.001	0.795
0.609	0.318	0.072	0.001
0.180	0.799	0.001	0.020
0.931	0.001	0.067	0.001
0.001	0.997	0.001	0.001
0.808	0.001	0.137	0.054
0.001	0.136	0.001	0.862
0.001	0.020	0.925	0.054
0.825	0.001	0.001	0.173
0.001	0.570	0.192	0.237
0.931	0.001	0.067	0.001
0.067	0.076	0.001	0.856
>AATTAATCCTAC	9-AATTAATCCTAC	13.597139	-12.026117	0	T:17.0(0.09%),B:7.5(0.01%),P:1e-5	Tpos:44.2,Tstd:27.8,Bpos:157.7,Bstd:170.7,StrandBias:1.1,Multiplicity:1.00
0.959	0.001	0.039	0.001
0.919	0.040	0.040	0.001
0.040	0.040	0.001	0.919
0.040	0.040	0.001	0.919
0.895	0.040	0.025	0.040
0.959	0.039	0.001	0.001
0.024	0.001	0.001	0.974
0.001	0.997	0.001	0.001
0.001	0.877	0.001	0.121
0.001	0.001	0.039	0.959
0.959	0.001	0.039	0.001
0.304	0.694	0.001	0.001
>AAAATCCACACT	10-AAAATCCACACT	14.084076	-11.708165	0	T:20.0(0.10%),B:11.2(0.02%),P:1e-5	Tpos:49.3,Tstd:25.5,Bpos:292.7,Bstd:503.8,StrandBias:1.1,Multiplicity:1.00
0.997	0.001	0.001	0.001
0.946	0.052	0.001	0.001
0.824	0.001	0.001	0.174
0.824	0.001	0.174	0.001
0.001	0.001	0.174	0.824
0.323	0.502	0.174	0.001
0.392	0.606	0.001	0.001
0.997	0.001	0.001	0.001
0.001	0.997	0.001	0.001
0.764	0.234	0.001	0.001
0.001	0.997	0.001	0.001
0.001	0.001	0.001	0.997
>GCCAAAGTCCGT	11-GCCAAAGTCCGT	10.581549	-11.617857	0	T:31.0(0.16%),B:27.8(0.05%),P:1e-5	Tpos:51.6,Tstd:30.0,Bpos:687.5,Bstd:727.8,StrandBias:-0.5,Multiplicity:1.00
0.072	0.035	0.816	0.077
0.042	0.915	0.001	0.042
0.022	0.893	0.021	0.064
0.870	0.064	0.065	0.001
0.936	0.042	0.001	0.021
0.892	0.042	0.065	0.001
0.090	0.064	0.747	0.099
0.064	0.043	0.056	0.837
0.021	0.830	0.021	0.128
0.091	0.779	0.022	0.108
0.190	0.051	0.660	0.099
0.077	0.035	0.043	0.845
>TTTTTRGCTTTG	12-TTTTTRGCTTTG	10.534431	-11.203494	0	T:40.0(0.21%),B:43.9(0.08%),P:1e-4	Tpos:52.5,Tstd:24.7,Bpos:448.4,Bstd:520.8,StrandBias:-0.7,Multiplicity:1.03
0.045	0.104	0.035	0.816
0.060	0.205	0.170	0.565
0.270	0.043	0.035	0.652
0.288	0.030	0.042	0.640
0.311	0.031	0.035	0.623
0.405	0.149	0.411	0.036
0.068	0.050	0.821	0.061
0.067	0.733	0.128	0.072
0.037	0.203	0.174	0.586
0.053	0.091	0.031	0.825
0.116	0.202	0.046	0.636
0.162	0.093	0.678	0.067
>NKTTGACTWNWH	13-NKTTGACTWNWH	8.366965	-4.676803	0	T:1302.0(6.76%),B:3410.6(6.28%),P:1e-2	Tpos:49.7,Tstd:25.7,Bpos:459.4,Bstd:692.8,StrandBias:-0.0,Multiplicity:1.08
0.277	0.234	0.192	0.297
0.226	0.009	0.361	0.404
0.001	0.082	0.001	0.916
0.001	0.001	0.005	0.993
0.001	0.001	0.997	0.001
0.997	0.001	0.001	0.001
0.001	0.997	0.001	0.001
0.001	0.188	0.001	0.810
0.304	0.260	0.002	0.434
0.311	0.184	0.186	0.319
0.309	0.177	0.176	0.338
0.339	0.209	0.160	0.291
>TGWGAGAGWGAG	14-TGWGAGAGWGAG	10.673496	-3.835272	0	T:65.0(0.34%),B:133.7(0.25%),P:1e-1	Tpos:48.0,Tstd:21.3,Bpos:489.9,Bstd:906.8,StrandBias:0.0,Multiplicity:1.04
0.195	0.048	0.053	0.704
0.243	0.031	0.452	0.274
0.500	0.024	0.031	0.445
0.070	0.041	0.830	0.059
0.583	0.023	0.034	0.360
0.068	0.040	0.839	0.053
0.571	0.029	0.032	0.368
0.066	0.040	0.838	0.056
0.455	0.018	0.028	0.499
0.073	0.040	0.838	0.049
0.604	0.024	0.042	0.330
0.347	0.031	0.575	0.047
>HKTTGACTTWWW	15-HKTTGACTTWWW	11.433965	-3.743234	0	T:16.0(0.08%),B:22.9(0.04%),P:1e-1	Tpos:54.6,Tstd:26.8,Bpos:210.9,Bstd:267.2,StrandBias:1.6,Multiplicity:1.00
0.309	0.209	0.150	0.332
0.192	0.044	0.318	0.446
0.001	0.001	0.001	0.997
0.001	0.001	0.001	0.997
0.001	0.001	0.997	0.001
0.997	0.001	0.001	0.001
0.001	0.997	0.001	0.001
0.001	0.153	0.001	0.845
0.335	0.133	0.031	0.501
0.348	0.074	0.102	0.475
0.328	0.062	0.138	0.473
0.370	0.120	0.113	0.397
>AGAGAGAGAGAG	16-AGAGAGAGAGAG	11.263144	-2.508874	0	T:223.0(1.16%),B:562.8(1.04%),P:1e-1	Tpos:50.2,Tstd:27.9,Bpos:177.6,Bstd:273.7,StrandBias:-0.4,Multiplicity:1.00
0.505	0.033	0.163	0.299
0.220	0.150	0.517	0.113
0.741	0.001	0.001	0.257
0.149	0.001	0.843	0.007
0.841	0.001	0.001	0.157
0.111	0.001	0.887	0.001
0.794	0.001	0.001	0.204
0.178	0.032	0.740	0.050
0.762	0.001	0.001	0.236
0.245	0.078	0.586	0.091
0.706	0.004	0.007	0.283
0.287	0.053	0.514	0.146
>RAGAGAGAGAGA	17-RAGAGAGAGAGA	10.689930	-1.816072	0	T:292.0(1.52%),B:769.8(1.42%),P:1e0	Tpos:50.2,Tstd:26.3,Bpos:235.7,Bstd:449.8,StrandBias:0.2,Multiplicity:1.05
0.310	0.103	0.392	0.194
0.598	0.001	0.146	0.255
0.332	0.015	0.600	0.053
0.758	0.001	0.001	0.240
0.146	0.001	0.852	0.001
0.859	0.001	0.001	0.139
0.230	0.001	0.768	0.001
0.783	0.001	0.001	0.215
0.256	0.036	0.692	0.016
0.724	0.001	0.001	0.274
0.238	0.109	0.594	0.059
0.592	0.001	0.203	0.204
>AAAAAACTAACC	18-AAAAAACTAACC	14.445330	-1.701456	0	T:5.0(0.03%),B:7.5(0.01%),P:1e0	Tpos:29.6,Tstd:22.8,Bpos:969.0,Bstd:878.3,StrandBias:0.6,Multiplicity:1.00
0.812	0.059	0.080	0.049
0.834	0.052	0.064	0.050
0.842	0.047	0.052	0.059
0.833	0.058	0.035	0.074
0.838	0.047	0.046	0.069
0.799	0.063	0.053	0.085
0.065	0.812	0.063	0.060
0.034	0.075	0.039	0.852
0.806	0.090	0.037	0.067
0.888	0.027	0.048	0.037
0.058	0.853	0.036	0.053
0.037	0.833	0.061	0.069
>GAGWGARAGWGA	19-GAGWGARAGWGA	11.271165	-1.520066	0	T:203.0(1.05%),B:536.8(0.99%),P:1e0	Tpos:48.1,Tstd:26.4,Bpos:350.0,Bstd:560.6,StrandBias:-0.1,Multiplicity:1.13
0.107	0.041	0.584	0.268
0.647	0.013	0.057	0.283
0.258	0.098	0.575	0.069
0.475	0.029	0.040	0.455
0.093	0.017	0.707	0.183
0.820	0.064	0.044	0.072
0.399	0.040	0.417	0.144
0.942	0.001	0.015	0.042
0.047	0.043	0.727	0.183
0.520	0.011	0.009	0.460
0.069	0.033	0.884	0.014
0.735	0.003	0.022	0.240
>RRGWTTTTAAAA	20-RRGWTTTTAAAA	11.256305	-1.443921	0	T:5.0(0.03%),B:8.2(0.02%),P:1e0	Tpos:52.8,Tstd:31.2,Bpos:1015.7,Bstd:757.4,StrandBias:0.6,Multiplicity:1.00
0.410	0.082	0.312	0.196
0.366	0.067	0.424	0.143
0.259	0.035	0.437	0.269
0.394	0.095	0.183	0.328
0.107	0.101	0.001	0.791
0.035	0.001	0.001	0.963
0.075	0.002	0.030	0.893
0.218	0.001	0.100	0.681
0.588	0.080	0.126	0.206
0.989	0.001	0.005	0.005
0.776	0.001	0.099	0.124
0.737	0.002	0.155	0.106
>TTTTTGTTTGAC	21-TTTTTGTTTGAC	11.184346	-1.198438	0	T:100.0(0.52%),B:264.9(0.49%),P:1e0	Tpos:49.2,Tstd:27.0,Bpos:526.2,Bstd:677.8,StrandBias:0.0,Multiplicity:1.00
0.078	0.023	0.001	0.898
0.001	0.132	0.001	0.866
0.105	0.001	0.001	0.893
0.111	0.001	0.001	0.887
0.048	0.001	0.053	0.898
0.042	0.057	0.835	0.066
0.024	0.124	0.091	0.761
0.001	0.158	0.178	0.663
0.165	0.001	0.119	0.715
0.001	0.001	0.910	0.088
0.997	0.001	0.001	0.001
0.169	0.807	0.023	0.001
>HYYTCTCTCTCT	22-HYYTCTCTCTCT	11.464842	-0.441091	0	T:52.0(0.27%),B:154.4(0.28%),P:1e0	Tpos:42.3,Tstd:31.0,Bpos:205.6,Bstd:446.2,StrandBias:-1.1,Multiplicity:1.00
0.283	0.295	0.106	0.316
0.162	0.383	0.064	0.391
0.102	0.403	0.057	0.438
0.065	0.123	0.001	0.811
0.040	0.675	0.018	0.267
0.157	0.001	0.001	0.841
0.016	0.644	0.031	0.309
0.011	0.001	0.001	0.987
0.032	0.754	0.004	0.210
0.073	0.001	0.001	0.925
0.028	0.681	0.001	0.290
0.122	0.096	0.011	0.771
>TTTTTAAAACCC	23-TTTTTAAAACCC	13.163972	-0.230966	0	T:3.0(0.02%),B:12.9(0.02%),P:1e0	Tpos:72.3,Tstd:5.7,Bpos:847.7,Bstd:676.7,StrandBias:10.0,Multiplicity:1.00
0.103	0.087	0.069	0.741
0.084	0.080	0.069	0.767
0.086	0.074	0.073	0.767
0.086	0.068	0.073	0.773
0.116	0.085	0.075	0.724
0.742	0.084	0.081	0.093
0.805	0.048	0.063	0.084
0.827	0.058	0.049	0.066
0.786	0.064	0.058	0.092
0.117	0.681	0.086	0.116
0.117	0.694	0.068	0.121
0.117	0.694	0.074	0.115
>GACTTTTTATTT	24-GACTTTTTATTT	14.362388	-0.129137	0	T:6.0(0.03%),B:26.9(0.05%),P:1e0	Tpos:38.0,Tstd:17.2,Bpos:412.7,Bstd:499.5,StrandBias:-2.3,Multiplicity:1.00
0.001	0.038	0.907	0.054
0.882	0.070	0.001	0.047
0.148	0.746	0.046	0.060
0.023	0.001	0.001	0.975
0.078	0.046	0.094	0.782
0.060	0.001	0.001	0.938
0.134	0.001	0.082	0.783
0.123	0.040	0.099	0.738
0.668	0.107	0.124	0.101
0.162	0.001	0.001	0.836
0.001	0.001	0.001	0.997
0.085	0.092	0.073	0.750
>TCTCTCTTTCTC	25-TCTCTCTTTCTC	13.045714	-0.067288	0	T:35.0(0.18%),B:129.6(0.24%),P:1e0	Tpos:54.4,Tstd:18.7,Bpos:181.6,Bstd:293.7,StrandBias:1.3,Multiplicity:1.00
0.098	0.082	0.049	0.771
0.097	0.629	0.115	0.159
0.063	0.053	0.063	0.821
0.067	0.764	0.055	0.114
0.100	0.046	0.019	0.835
0.097	0.697	0.073	0.133
0.076	0.109	0.033	0.782
0.070	0.162	0.080	0.688
0.075	0.075	0.031	0.819
0.096	0.666	0.095	0.143
0.097	0.073	0.037	0.793
0.089	0.670	0.090	0.151
