>TCACTCGACC	1-TCACTCGACC	10.355075	-79.502014	0	T:116.0(0.60%),B:42.6(0.08%),P:1e-34	Tpos:50.3,Tstd:26.5,Bpos:289.4,Bstd:568.3,StrandBias:0.2,Multiplicity:1.22
0.051	0.095	0.031	0.823
0.001	0.761	0.010	0.228
0.994	0.001	0.004	0.001
0.013	0.971	0.001	0.015
0.011	0.011	0.008	0.970
0.007	0.973	0.019	0.001
0.006	0.001	0.992	0.001
0.970	0.008	0.017	0.005
0.001	0.929	0.001	0.069
0.001	0.948	0.001	0.050
>GTGTCGATCG	2-GTGTCGATCG	13.548609	-29.450574	0	T:29.0(0.15%),B:4.4(0.01%),P:1e-12	Tpos:45.4,Tstd:28.7,Bpos:512.0,Bstd:443.9,StrandBias:-0.4,Multiplicity:1.21
0.001	0.044	0.954	0.001
0.001	0.001	0.029	0.969
0.098	0.001	0.900	0.001
0.001	0.001	0.001	0.997
0.001	0.997	0.001	0.001
0.001	0.001	0.997	0.001
0.952	0.015	0.032	0.001
0.001	0.032	0.001	0.966
0.001	0.966	0.001	0.032
0.001	0.001	0.997	0.001
>YACTCRACYR	3-YACTCRACYR	8.812568	-25.481678	0	T:173.0(0.90%),B:245.4(0.45%),P:1e-11	Tpos:51.5,Tstd:27.4,Bpos:331.1,Bstd:532.4,StrandBias:0.0,Multiplicity:1.11
0.001	0.513	0.063	0.423
0.986	0.003	0.010	0.001
0.062	0.716	0.221	0.001
0.041	0.001	0.001	0.957
0.001	0.997	0.001	0.001
0.422	0.068	0.509	0.001
0.651	0.250	0.098	0.001
0.001	0.686	0.103	0.210
0.001	0.487	0.001	0.511
0.380	0.197	0.245	0.178
>DNNGTTGACT	4-DNNGTTGACT	8.032001	-12.136867	0	T:394.0(2.05%),B:848.0(1.56%),P:1e-5	Tpos:51.5,Tstd:27.0,Bpos:403.1,Bstd:696.6,StrandBias:0.1,Multiplicity:1.04
0.352	0.194	0.206	0.247
0.234	0.238	0.257	0.270
0.247	0.254	0.217	0.282
0.166	0.072	0.506	0.256
0.004	0.082	0.002	0.912
0.038	0.099	0.021	0.842
0.012	0.028	0.927	0.033
0.936	0.014	0.008	0.042
0.061	0.887	0.001	0.051
0.087	0.236	0.001	0.676
>KTTGACTTWW	5-KTTGACTTWW	9.280194	-10.890393	0	T:393.0(2.04%),B:860.4(1.58%),P:1e-4	Tpos:49.9,Tstd:26.3,Bpos:447.4,Bstd:689.4,StrandBias:-0.0,Multiplicity:1.05
0.142	0.059	0.445	0.354
0.001	0.023	0.001	0.975
0.001	0.001	0.001	0.997
0.001	0.001	0.997	0.001
0.997	0.001	0.001	0.001
0.001	0.997	0.001	0.001
0.032	0.230	0.001	0.737
0.235	0.205	0.053	0.507
0.268	0.142	0.182	0.408
0.259	0.167	0.187	0.387
>AGTCAAMNDV	6-AGTCAAMNDV	8.684091	-3.513403	0	T:104.0(0.54%),B:233.3(0.43%),P:1e-1	Tpos:43.5,Tstd:25.2,Bpos:407.9,Bstd:621.2,StrandBias:0.4,Multiplicity:1.02
0.764	0.080	0.079	0.077
0.001	0.096	0.902	0.001
0.037	0.033	0.055	0.875
0.035	0.887	0.077	0.001
0.827	0.098	0.001	0.074
0.836	0.050	0.074	0.040
0.388	0.519	0.045	0.048
0.255	0.265	0.193	0.287
0.323	0.069	0.249	0.360
0.313	0.343	0.324	0.021
>AGTCAAMHNA	7-AGTCAAMHNA	9.717072	-2.792477	0	T:40.0(0.21%),B:82.9(0.15%),P:1e-1	Tpos:39.4,Tstd:26.3,Bpos:449.5,Bstd:776.1,StrandBias:-0.4,Multiplicity:1.00
0.804	0.001	0.194	0.001
0.001	0.001	0.997	0.001
0.001	0.001	0.001	0.997
0.001	0.997	0.001	0.001
0.997	0.001	0.001	0.001
0.997	0.001	0.001	0.001
0.466	0.453	0.001	0.080
0.255	0.225	0.171	0.349
0.267	0.301	0.228	0.204
0.420	0.113	0.200	0.268
>CTCTCTCTCW	8-CTCTCTCTCW	9.876335	-2.317323	0	T:318.0(1.65%),B:823.7(1.52%),P:1e-1	Tpos:49.9,Tstd:24.9,Bpos:291.2,Bstd:618.5,StrandBias:-0.8,Multiplicity:1.00
0.028	0.822	0.046	0.104
0.316	0.084	0.015	0.585
0.026	0.904	0.051	0.019
0.271	0.001	0.008	0.720
0.011	0.974	0.001	0.014
0.267	0.035	0.001	0.697
0.001	0.929	0.001	0.069
0.270	0.039	0.058	0.633
0.125	0.594	0.048	0.233
0.463	0.120	0.047	0.370
>AGWGAGAGAG	9-AGWGAGAGAG	11.047367	-2.235511	0	T:296.0(1.54%),B:766.6(1.41%),P:1e0	Tpos:50.8,Tstd:26.9,Bpos:209.5,Bstd:395.9,StrandBias:0.1,Multiplicity:1.04
0.662	0.017	0.053	0.268
0.136	0.001	0.862	0.001
0.566	0.001	0.001	0.432
0.001	0.001	0.997	0.001
0.718	0.001	0.001	0.280
0.001	0.001	0.997	0.001
0.668	0.001	0.001	0.330
0.001	0.001	0.997	0.001
0.599	0.001	0.001	0.399
0.145	0.001	0.853	0.001
>ACACGTGWCD	10-ACACGTGWCD	7.399864	-2.223676	0	T:45.0(0.23%),B:100.2(0.18%),P:1e0	Tpos:53.6,Tstd:26.2,Bpos:268.4,Bstd:416.2,StrandBias:0.4,Multiplicity:1.00
0.432	0.260	0.059	0.250
0.016	0.662	0.170	0.152
0.837	0.012	0.071	0.080
0.164	0.638	0.131	0.067
0.148	0.064	0.566	0.222
0.046	0.156	0.013	0.785
0.286	0.159	0.536	0.019
0.358	0.022	0.178	0.442
0.165	0.401	0.195	0.239
0.355	0.166	0.242	0.237
>DAGTCAANNN	11-DAGTCAANNN	8.193761	-1.852969	0	T:17.0(0.09%),B:34.9(0.06%),P:1e0	Tpos:51.0,Tstd:30.4,Bpos:270.9,Bstd:414.9,StrandBias:0.8,Multiplicity:1.00
0.302	0.054	0.266	0.377
0.661	0.063	0.158	0.118
0.013	0.041	0.902	0.044
0.001	0.048	0.043	0.908
0.014	0.955	0.006	0.025
0.832	0.062	0.078	0.028
0.795	0.076	0.073	0.056
0.305	0.309	0.160	0.226
0.193	0.281	0.242	0.284
0.269	0.176	0.250	0.305
>CACGTGTCAT	12-CACGTGTCAT	9.671890	-1.567489	0	T:57.0(0.30%),B:140.0(0.26%),P:1e0	Tpos:52.0,Tstd:24.9,Bpos:462.6,Bstd:659.9,StrandBias:0.0,Multiplicity:1.00
0.049	0.818	0.057	0.076
0.875	0.031	0.053	0.041
0.059	0.789	0.056	0.096
0.137	0.052	0.768	0.043
0.086	0.062	0.023	0.829
0.035	0.062	0.856	0.047
0.110	0.033	0.085	0.772
0.069	0.794	0.079	0.058
0.770	0.047	0.106	0.077
0.126	0.058	0.085	0.731
>TTGACTTWTH	13-TTGACTTWTH	10.760887	-1.559532	0	T:41.0(0.21%),B:98.1(0.18%),P:1e0	Tpos:44.3,Tstd:28.9,Bpos:702.8,Bstd:838.1,StrandBias:1.9,Multiplicity:1.00
0.001	0.001	0.001	0.997
0.001	0.001	0.001	0.997
0.001	0.001	0.997	0.001
0.997	0.001	0.001	0.001
0.001	0.997	0.001	0.001
0.001	0.042	0.001	0.956
0.344	0.117	0.001	0.538
0.391	0.032	0.043	0.534
0.298	0.102	0.146	0.454
0.366	0.223	0.190	0.221
>ATATTTGACT	14-ATATTTGACT	10.579670	-0.717080	0	T:33.0(0.17%),B:91.4(0.17%),P:1e0	Tpos:50.2,Tstd:28.2,Bpos:601.9,Bstd:746.9,StrandBias:0.2,Multiplicity:1.00
0.438	0.197	0.170	0.195
0.236	0.200	0.116	0.448
0.450	0.125	0.279	0.146
0.273	0.199	0.001	0.527
0.001	0.001	0.119	0.879
0.001	0.001	0.070	0.928
0.001	0.001	0.997	0.001
0.997	0.001	0.001	0.001
0.001	0.997	0.001	0.001
0.001	0.001	0.001	0.997
>AGTCAAAAGT	15-AGTCAAAAGT	9.816073	-0.681493	0	T:221.0(1.15%),B:623.9(1.15%),P:1e0	Tpos:56.8,Tstd:24.4,Bpos:441.9,Bstd:685.3,StrandBias:0.1,Multiplicity:1.01
0.952	0.001	0.046	0.001
0.001	0.001	0.997	0.001
0.001	0.001	0.001	0.997
0.001	0.997	0.001	0.001
0.997	0.001	0.001	0.001
0.997	0.001	0.001	0.001
0.694	0.001	0.023	0.282
0.444	0.086	0.280	0.189
0.210	0.122	0.563	0.105
0.183	0.032	0.288	0.497
>TTGACTTWWW	16-TTGACTTWWW	10.399757	-0.507154	0	T:16.0(0.08%),B:47.1(0.09%),P:1e0	Tpos:37.7,Tstd:19.6,Bpos:380.6,Bstd:532.4,StrandBias:0.4,Multiplicity:1.00
0.001	0.001	0.001	0.997
0.001	0.001	0.001	0.997
0.001	0.001	0.997	0.001
0.997	0.001	0.001	0.001
0.001	0.997	0.001	0.001
0.001	0.049	0.001	0.949
0.349	0.092	0.001	0.558
0.393	0.139	0.108	0.360
0.326	0.128	0.125	0.421
0.363	0.196	0.161	0.280
>GAGAGAGAGA	17-GAGAGAGAGA	11.566773	-0.312997	0	T:385.0(2.00%),B:1125.9(2.07%),P:1e0	Tpos:47.9,Tstd:27.1,Bpos:308.4,Bstd:567.8,StrandBias:0.1,Multiplicity:1.00
0.268	0.001	0.589	0.142
0.997	0.001	0.001	0.001
0.001	0.001	0.997	0.001
0.997	0.001	0.001	0.001
0.001	0.001	0.997	0.001
0.997	0.001	0.001	0.001
0.001	0.001	0.997	0.001
0.997	0.001	0.001	0.001
0.001	0.001	0.997	0.001
0.726	0.049	0.093	0.132
>YCTCTCTCTC	18-YCTCTCTCTC	11.550041	-0.271356	0	T:283.0(1.47%),B:837.7(1.54%),P:1e0	Tpos:40.9,Tstd:26.9,Bpos:278.8,Bstd:616.7,StrandBias:1.0,Multiplicity:1.00
0.171	0.271	0.154	0.405
0.120	0.637	0.001	0.242
0.013	0.001	0.041	0.945
0.028	0.943	0.028	0.001
0.001	0.001	0.001	0.997
0.001	0.997	0.001	0.001
0.041	0.001	0.041	0.917
0.001	0.854	0.001	0.144
0.142	0.001	0.028	0.829
0.001	0.997	0.001	0.001
>HWAGTCAAMN	19-HWAGTCAAMN	8.122661	-0.264095	0	T:19.0(0.10%),B:63.2(0.12%),P:1e0	Tpos:48.4,Tstd:20.4,Bpos:545.4,Bstd:857.7,StrandBias:0.4,Multiplicity:1.00
0.281	0.284	0.134	0.300
0.372	0.158	0.181	0.289
0.513	0.166	0.320	0.001
0.001	0.001	0.997	0.001
0.001	0.012	0.001	0.986
0.001	0.997	0.001	0.001
0.706	0.166	0.001	0.127
0.717	0.001	0.281	0.001
0.365	0.328	0.093	0.214
0.310	0.233	0.217	0.240
>GAGAGAGARW	20-GAGAGAGARW	12.384522	-0.132426	0	T:120.0(0.62%),B:380.2(0.70%),P:1e0	Tpos:49.2,Tstd:26.8,Bpos:247.7,Bstd:486.1,StrandBias:-0.2,Multiplicity:1.00
0.001	0.001	0.997	0.001
0.997	0.001	0.001	0.001
0.001	0.001	0.997	0.001
0.997	0.001	0.001	0.001
0.001	0.001	0.997	0.001
0.997	0.001	0.001	0.001
0.001	0.001	0.997	0.001
0.997	0.001	0.001	0.001
0.526	0.001	0.472	0.001
0.444	0.085	0.160	0.311
>TTGACTTAWH	21-TTGACTTAWH	10.142228	-0.117821	0	T:19.0(0.10%),B:71.5(0.13%),P:1e0	Tpos:42.4,Tstd:27.1,Bpos:572.7,Bstd:694.6,StrandBias:0.0,Multiplicity:1.00
0.001	0.016	0.001	0.982
0.001	0.001	0.001	0.997
0.001	0.001	0.997	0.001
0.997	0.001	0.001	0.001
0.001	0.997	0.001	0.001
0.001	0.107	0.001	0.891
0.343	0.120	0.001	0.536
0.384	0.186	0.227	0.203
0.359	0.173	0.107	0.361
0.245	0.255	0.122	0.377
>WHVTTTGACY	22-WHVTTTGACY	9.573618	-0.083694	0	T:16.0(0.08%),B:64.3(0.12%),P:1e0	Tpos:56.5,Tstd:26.2,Bpos:265.5,Bstd:448.3,StrandBias:0.6,Multiplicity:1.00
0.372	0.198	0.184	0.246
0.238	0.225	0.181	0.356
0.224	0.348	0.332	0.096
0.027	0.017	0.366	0.590
0.001	0.001	0.001	0.997
0.001	0.001	0.001	0.997
0.001	0.001	0.997	0.001
0.997	0.001	0.001	0.001
0.001	0.997	0.001	0.001
0.001	0.486	0.001	0.512
>GTCAAMNHNN	23-GTCAAMNHNN	7.352500	-0.005721	0	T:20.0(0.10%),B:99.8(0.18%),P:1e0	Tpos:44.5,Tstd:18.6,Bpos:425.5,Bstd:645.0,StrandBias:0.2,Multiplicity:1.00
0.053	0.085	0.764	0.098
0.056	0.060	0.065	0.819
0.055	0.827	0.065	0.053
0.811	0.061	0.061	0.067
0.811	0.053	0.065	0.071
0.488	0.385	0.030	0.097
0.253	0.231	0.246	0.271
0.303	0.215	0.140	0.342
0.270	0.199	0.239	0.292
0.279	0.200	0.191	0.331
>AAAGAGAGAG	24-AAAGAGAGAG	13.323916	-0.002277	0	T:113.0(0.59%),B:425.1(0.78%),P:1e0	Tpos:58.8,Tstd:25.0,Bpos:350.0,Bstd:632.8,StrandBias:0.3,Multiplicity:1.00
0.686	0.001	0.138	0.175
0.871	0.001	0.001	0.127
0.997	0.001	0.001	0.001
0.001	0.001	0.997	0.001
0.997	0.001	0.001	0.001
0.001	0.001	0.997	0.001
0.997	0.001	0.001	0.001
0.001	0.001	0.997	0.001
0.997	0.001	0.001	0.001
0.001	0.001	0.997	0.001
>NNKTTGACTT	25-NNKTTGACTT	9.123070	-0.000717	0	T:20.0(0.10%),B:113.4(0.21%),P:1e0	Tpos:56.9,Tstd:25.9,Bpos:458.8,Bstd:739.5,StrandBias:-0.2,Multiplicity:1.00
0.258	0.250	0.215	0.277
0.299	0.212	0.223	0.265
0.220	0.091	0.299	0.390
0.001	0.001	0.001	0.997
0.001	0.001	0.001	0.997
0.001	0.001	0.997	0.001
0.997	0.001	0.001	0.001
0.001	0.997	0.001	0.001
0.090	0.345	0.001	0.564
0.316	0.186	0.012	0.487
