>AGTTGACT	1-AGTTGACT	9.654628	-23.259220	0	T:372.0(1.93%),B:690.6(1.27%),P:1e-10	Tpos:50.2,Tstd:27.4,Bpos:451.6,Bstd:773.0,StrandBias:-0.2,Multiplicity:1.04
0.423	0.243	0.096	0.238
0.001	0.001	0.997	0.001
0.001	0.001	0.001	0.997
0.001	0.001	0.001	0.997
0.001	0.001	0.997	0.001
0.997	0.001	0.001	0.001
0.001	0.997	0.001	0.001
0.001	0.001	0.001	0.997
>WWAWWAWA	2-WWAWWAWA	3.308992	-19.621595	0	T:13554.0(70.40%),B:37037.1(68.14%),P:1e-8	Tpos:49.2,Tstd:28.5,Bpos:454.1,Bstd:665.3,StrandBias:0.1,Multiplicity:1.03
0.325	0.143	0.116	0.416
0.428	0.170	0.096	0.306
0.607	0.146	0.077	0.170
0.366	0.191	0.116	0.327
0.415	0.117	0.055	0.413
0.599	0.142	0.090	0.169
0.449	0.100	0.114	0.337
0.454	0.124	0.141	0.281
>TAAWTWWW	3-TAAWTWWW	4.103517	-13.671596	0	T:12478.0(64.81%),B:34189.5(62.91%),P:1e-5	Tpos:50.0,Tstd:28.3,Bpos:569.7,Bstd:743.4,StrandBias:0.0,Multiplicity:1.48
0.235	0.187	0.052	0.526
0.556	0.140	0.061	0.243
0.930	0.006	0.001	0.063
0.506	0.093	0.003	0.398
0.389	0.033	0.001	0.577
0.481	0.017	0.076	0.427
0.479	0.072	0.119	0.330
0.386	0.092	0.067	0.455
>GTTGACTT	4-GTTGACTT	10.280494	-13.547463	0	T:304.0(1.58%),B:613.4(1.13%),P:1e-5	Tpos:49.7,Tstd:26.7,Bpos:396.2,Bstd:656.3,StrandBias:-0.1,Multiplicity:1.04
0.069	0.045	0.708	0.178
0.001	0.036	0.001	0.962
0.008	0.001	0.010	0.981
0.001	0.001	0.984	0.014
0.997	0.001	0.001	0.001
0.001	0.997	0.001	0.001
0.035	0.044	0.001	0.920
0.112	0.098	0.050	0.740
>WWTTTWTW	5-WWTTTWTW	3.441640	-13.311730	0	T:12114.0(62.92%),B:33167.1(61.02%),P:1e-5	Tpos:48.3,Tstd:27.0,Bpos:460.1,Bstd:645.1,StrandBias:-0.3,Multiplicity:1.00
0.380	0.130	0.110	0.381
0.354	0.091	0.121	0.434
0.296	0.068	0.147	0.489
0.179	0.149	0.160	0.512
0.280	0.054	0.141	0.525
0.328	0.062	0.164	0.446
0.176	0.131	0.187	0.506
0.360	0.115	0.162	0.364
>WAAAWAAW	6-WAAAWAAW	3.279098	-12.437454	0	T:13963.0(72.53%),B:38498.1(70.83%),P:1e-5	Tpos:50.4,Tstd:28.5,Bpos:427.1,Bstd:660.5,StrandBias:-0.0,Multiplicity:1.12
0.350	0.143	0.130	0.377
0.521	0.122	0.122	0.235
0.547	0.094	0.060	0.299
0.508	0.115	0.046	0.331
0.429	0.139	0.127	0.305
0.547	0.129	0.098	0.226
0.533	0.102	0.114	0.251
0.413	0.103	0.138	0.346
>AWAAAAWW	7-AWAAAAWW	3.911709	-7.334910	0	T:13495.0(70.10%),B:37420.7(68.85%),P:1e-3	Tpos:50.1,Tstd:28.1,Bpos:441.3,Bstd:665.8,StrandBias:-0.0,Multiplicity:1.17
0.591	0.001	0.001	0.407
0.389	0.135	0.093	0.382
0.451	0.165	0.109	0.276
0.528	0.180	0.119	0.173
0.595	0.085	0.049	0.271
0.512	0.110	0.077	0.301
0.397	0.076	0.031	0.496
0.452	0.001	0.001	0.546
>WAWAWAAW	8-WAWAWAAW	3.667374	-6.443985	0	T:10367.0(53.85%),B:28594.9(52.61%),P:1e-2	Tpos:79.0,Tstd:18.4,Bpos:431.4,Bstd:539.6,StrandBias:-1.6,Multiplicity:1.00
0.420	0.139	0.075	0.367
0.598	0.193	0.090	0.119
0.436	0.130	0.068	0.366
0.479	0.127	0.070	0.323
0.416	0.169	0.116	0.300
0.491	0.126	0.083	0.299
0.492	0.134	0.121	0.252
0.395	0.135	0.141	0.330
>WTTATATA	9-WTTATATA	1.718860	-6.224036	0	T:11124.0(57.78%),B:30752.7(56.58%),P:1e-2	Tpos:50.3,Tstd:28.3,Bpos:535.8,Bstd:709.2,StrandBias:0.0,Multiplicity:1.13
0.476	0.001	0.001	0.522
0.096	0.001	0.001	0.902
0.215	0.001	0.001	0.783
0.616	0.001	0.001	0.382
0.186	0.001	0.001	0.812
0.997	0.001	0.001	0.001
0.225	0.001	0.001	0.773
0.860	0.001	0.001	0.138
>WWTWWTWD	10-WWTWWTWD	3.495946	-5.806974	0	T:9380.0(48.72%),B:25853.1(47.57%),P:1e-2	Tpos:56.5,Tstd:26.7,Bpos:518.5,Bstd:648.8,StrandBias:0.0,Multiplicity:1.00
0.392	0.111	0.069	0.428
0.376	0.127	0.096	0.402
0.364	0.063	0.025	0.548
0.434	0.071	0.019	0.476
0.393	0.105	0.184	0.317
0.130	0.221	0.214	0.436
0.310	0.159	0.183	0.347
0.337	0.108	0.208	0.347
>WTAGTCAA	11-WTAGTCAA	-3.556625	-5.389890	0	T:14071.0(73.09%),B:39191.3(72.11%),P:1e-2	Tpos:49.8,Tstd:27.3,Bpos:459.2,Bstd:679.6,StrandBias:-0.0,Multiplicity:1.76
0.325	0.157	0.076	0.442
0.001	0.001	0.001	0.997
0.997	0.001	0.001	0.001
0.001	0.001	0.997	0.001
0.001	0.001	0.001	0.997
0.001	0.997	0.001	0.001
0.997	0.001	0.001	0.001
0.997	0.001	0.001	0.001
>TAGTCAAC	12-TAGTCAAC	9.314859	-4.682652	0	T:329.0(1.71%),B:794.2(1.46%),P:1e-2	Tpos:51.7,Tstd:25.3,Bpos:375.3,Bstd:635.5,StrandBias:0.1,Multiplicity:1.02
0.001	0.173	0.307	0.519
0.997	0.001	0.001	0.001
0.001	0.001	0.997	0.001
0.001	0.001	0.001	0.997
0.001	0.997	0.001	0.001
0.997	0.001	0.001	0.001
0.997	0.001	0.001	0.001
0.001	0.997	0.001	0.001
>WWWAAWWW	13-WWWAAWWW	3.576893	-4.273262	0	T:9863.0(51.23%),B:27341.9(50.31%),P:1e-1	Tpos:45.2,Tstd:31.3,Bpos:354.3,Bstd:598.4,StrandBias:0.4,Multiplicity:1.00
0.365	0.148	0.149	0.338
0.355	0.191	0.132	0.322
0.357	0.167	0.139	0.337
0.466	0.252	0.224	0.058
0.649	0.001	0.001	0.349
0.463	0.114	0.037	0.386
0.392	0.110	0.089	0.409
0.372	0.106	0.102	0.421
>WTWTTWTW	14-WTWTTWTW	3.870042	-1.444477	0	T:8861.0(46.03%),B:24850.1(45.72%),P:1e0	Tpos:69.1,Tstd:26.1,Bpos:316.5,Bstd:441.0,StrandBias:2.2,Multiplicity:1.00
0.315	0.156	0.150	0.379
0.156	0.148	0.192	0.504
0.340	0.113	0.130	0.417
0.214	0.178	0.153	0.454
0.346	0.062	0.068	0.524
0.369	0.080	0.091	0.459
0.173	0.049	0.153	0.625
0.401	0.090	0.138	0.371
>WTWWWTTW	15-WTWWWTTW	3.705483	-1.395435	0	T:8618.0(44.76%),B:24173.3(44.48%),P:1e0	Tpos:42.8,Tstd:26.1,Bpos:458.4,Bstd:681.1,StrandBias:0.7,Multiplicity:1.00
0.327	0.160	0.157	0.356
0.263	0.168	0.115	0.454
0.399	0.128	0.128	0.345
0.402	0.113	0.132	0.353
0.388	0.083	0.109	0.420
0.301	0.126	0.105	0.468
0.001	0.025	0.288	0.686
0.344	0.102	0.160	0.395
>WWWTTWNW	16-WWWTTWNW	3.745682	-0.207104	0	T:8251.0(42.86%),B:23492.1(43.22%),P:1e0	Tpos:50.5,Tstd:29.5,Bpos:536.6,Bstd:724.8,StrandBias:1.4,Multiplicity:1.00
0.426	0.087	0.079	0.408
0.482	0.078	0.082	0.358
0.424	0.049	0.084	0.442
0.355	0.001	0.053	0.591
0.093	0.199	0.274	0.433
0.351	0.157	0.180	0.312
0.288	0.208	0.186	0.318
0.381	0.125	0.089	0.404
>WAWWWWAW	17-WAWWWWAW	4.068091	-0.073268	0	T:7957.0(41.33%),B:22792.2(41.94%),P:1e0	Tpos:45.3,Tstd:26.5,Bpos:369.6,Bstd:611.7,StrandBias:0.1,Multiplicity:1.01
0.411	0.138	0.110	0.341
0.696	0.046	0.104	0.154
0.397	0.121	0.104	0.378
0.341	0.095	0.098	0.466
0.295	0.158	0.188	0.359
0.427	0.127	0.126	0.321
0.561	0.171	0.118	0.150
0.393	0.136	0.112	0.358
>WWWWTWTW	18-WWWWTWTW	3.724888	-0.037914	0	T:7948.0(41.28%),B:22837.1(42.02%),P:1e0	Tpos:51.6,Tstd:28.9,Bpos:354.1,Bstd:603.7,StrandBias:0.3,Multiplicity:1.02
0.372	0.153	0.122	0.352
0.444	0.125	0.027	0.403
0.502	0.001	0.001	0.496
0.372	0.015	0.178	0.435
0.295	0.001	0.210	0.494
0.265	0.183	0.179	0.373
0.023	0.263	0.232	0.482
0.308	0.135	0.196	0.362
>TTGACTHA	19-TTGACTHA	8.310904	-0.014816	0	T:124.0(0.64%),B:433.4(0.80%),P:1e0	Tpos:50.6,Tstd:27.9,Bpos:457.7,Bstd:714.5,StrandBias:0.3,Multiplicity:1.01
0.106	0.042	0.080	0.772
0.001	0.001	0.001	0.997
0.050	0.075	0.874	0.001
0.959	0.039	0.001	0.001
0.001	0.898	0.100	0.001
0.001	0.405	0.001	0.593
0.211	0.339	0.178	0.273
0.533	0.001	0.327	0.139
>WAWTTWWW	20-WAWTTWWW	4.247379	-0.009172	0	T:7827.0(40.66%),B:22624.8(41.63%),P:1e0	Tpos:50.8,Tstd:27.7,Bpos:405.6,Bstd:654.0,StrandBias:0.8,Multiplicity:1.00
0.390	0.126	0.104	0.380
0.452	0.107	0.142	0.298
0.339	0.115	0.131	0.415
0.077	0.182	0.223	0.518
0.184	0.001	0.040	0.775
0.348	0.068	0.102	0.482
0.359	0.066	0.133	0.441
0.380	0.106	0.116	0.397
>YTTGACTM	21-YTTGACTM	8.763637	-0.000109	0	T:197.0(1.02%),B:739.3(1.36%),P:1e0	Tpos:51.6,Tstd:27.3,Bpos:477.6,Bstd:672.4,StrandBias:-0.1,Multiplicity:1.01
0.147	0.302	0.111	0.440
0.001	0.001	0.001	0.997
0.001	0.162	0.001	0.836
0.001	0.001	0.997	0.001
0.997	0.001	0.001	0.001
0.001	0.997	0.001	0.001
0.001	0.409	0.001	0.589
0.456	0.308	0.001	0.235
>WTTTWWTW	22-WTTTWWTW	3.922141	-0.000077	0	T:7983.0(41.47%),B:23387.5(43.03%),P:1e0	Tpos:49.7,Tstd:29.4,Bpos:237.0,Bstd:422.7,StrandBias:0.3,Multiplicity:1.00
0.395	0.094	0.120	0.391
0.236	0.066	0.100	0.598
0.282	0.109	0.121	0.488
0.247	0.080	0.147	0.526
0.329	0.123	0.183	0.365
0.352	0.082	0.183	0.383
0.214	0.164	0.132	0.491
0.285	0.184	0.125	0.406
>WATTTAWT	23-WATTTAWT	5.411561	-0.000000	0	T:7697.0(39.98%),B:23279.9(42.83%),P:1e0	Tpos:50.1,Tstd:27.9,Bpos:562.4,Bstd:737.3,StrandBias:-0.0,Multiplicity:1.28
0.386	0.036	0.156	0.422
0.863	0.001	0.001	0.135
0.333	0.098	0.001	0.568
0.001	0.001	0.001	0.997
0.204	0.001	0.252	0.543
0.997	0.001	0.001	0.001
0.366	0.109	0.212	0.313
0.001	0.001	0.001	0.997
>ATTAAATW	24-ATTAAATW	7.728679	-0.000000	0	T:891.0(4.63%),B:4667.1(8.59%),P:1e0	Tpos:60.4,Tstd:29.2,Bpos:656.6,Bstd:736.5,StrandBias:0.4,Multiplicity:1.00
0.593	0.001	0.001	0.405
0.408	0.001	0.001	0.590
0.419	0.001	0.001	0.579
0.728	0.001	0.001	0.270
0.717	0.001	0.001	0.281
0.997	0.001	0.001	0.001
0.179	0.001	0.001	0.819
0.555	0.001	0.001	0.443
>WWWTTWWD	25-WWWTTWWD	3.969768	-0.000000	0	T:5315.0(27.61%),B:16997.9(31.27%),P:1e0	Tpos:4.0,Tstd:0.0,Bpos:620.0,Bstd:774.1,StrandBias:1.0,Multiplicity:1.00
0.482	0.094	0.092	0.332
0.405	0.104	0.095	0.397
0.436	0.039	0.118	0.407
0.338	0.001	0.031	0.630
0.201	0.138	0.202	0.459
0.305	0.105	0.188	0.402
0.368	0.142	0.155	0.335
0.224	0.200	0.222	0.355
