>AGATTAGACAGA	2-AGATTAGACAGA,BestGuess:GATA1/MA0035.4/Jaspar(0.716)	10.694054	-0.113191	0	T:59.0(0.31%),B:319.1(0.37%),P:1e0
0.737	0.051	0.090	0.122
0.188	0.072	0.575	0.165
0.765	0.052	0.095	0.088
0.211	0.066	0.134	0.589
0.216	0.121	0.154	0.509
0.756	0.040	0.088	0.116
0.185	0.081	0.580	0.154
0.787	0.068	0.072	0.073
0.182	0.434	0.178	0.206
0.834	0.031	0.043	0.092
0.128	0.083	0.666	0.123
0.766	0.074	0.072	0.088
