>GTCGAACA	1-GTCGAACA	7.929671	-315.305162	0	T:161.0(24.25%),B:561.3(1.36%),P:1e-136	Tpos:47.1,Tstd:24.4,Bpos:218.9,Bstd:404.7,StrandBias:0.5,Multiplicity:1.00
0.390	0.001	0.608	0.001
0.001	0.001	0.001	0.997
0.001	0.997	0.001	0.001
0.001	0.001	0.997	0.001
0.997	0.001	0.001	0.001
0.997	0.001	0.001	0.001
0.001	0.927	0.001	0.071
0.997	0.001	0.001	0.001
>AAATGCCT	2-AAATGCCT	8.377617	-115.349432	0	T:80.0(12.05%),B:489.2(1.19%),P:1e-50	Tpos:46.4,Tstd:26.7,Bpos:194.5,Bstd:333.0,StrandBias:-0.2,Multiplicity:1.01
0.924	0.001	0.074	0.001
0.997	0.001	0.001	0.001
0.997	0.001	0.001	0.001
0.001	0.001	0.001	0.997
0.001	0.001	0.997	0.001
0.001	0.997	0.001	0.001
0.001	0.913	0.085	0.001
0.001	0.001	0.001	0.997
>AATGTCTG	3-AATGTCTG	9.158779	-106.702882	0	T:65.0(9.79%),B:312.6(0.76%),P:1e-46	Tpos:43.3,Tstd:29.1,Bpos:180.9,Bstd:247.9,StrandBias:-0.8,Multiplicity:1.10
0.997	0.001	0.001	0.001
0.997	0.001	0.001	0.001
0.001	0.001	0.001	0.997
0.001	0.001	0.997	0.001
0.001	0.148	0.001	0.850
0.001	0.997	0.001	0.001
0.001	0.001	0.001	0.997
0.001	0.001	0.997	0.001
>GCACGSMA	4-GCACGSMA	6.566750	-78.243132	0	T:103.0(15.51%),B:1467.7(3.56%),P:1e-33	Tpos:52.6,Tstd:22.4,Bpos:196.9,Bstd:480.1,StrandBias:-0.1,Multiplicity:1.02
0.122	0.001	0.876	0.001
0.001	0.776	0.001	0.222
0.541	0.331	0.127	0.001
0.001	0.997	0.001	0.001
0.394	0.001	0.603	0.002
0.001	0.428	0.417	0.154
0.452	0.416	0.001	0.131
0.705	0.167	0.127	0.001
>TAACAAGG	5-TAACAAGG	10.951664	-22.761088	0	T:19.0(2.86%),B:164.7(0.40%),P:1e-9	Tpos:38.1,Tstd:25.8,Bpos:267.2,Bstd:766.0,StrandBias:0.2,Multiplicity:1.00
0.001	0.001	0.001	0.997
0.997	0.001	0.001	0.001
0.997	0.001	0.001	0.001
0.001	0.997	0.001	0.001
0.997	0.001	0.001	0.001
0.997	0.001	0.001	0.001
0.001	0.001	0.997	0.001
0.001	0.109	0.889	0.001
>ACACCAWG	6-ACACCAWG	8.215699	-19.936732	0	T:38.0(5.72%),B:754.7(1.83%),P:1e-8	Tpos:54.7,Tstd:26.1,Bpos:186.8,Bstd:262.4,StrandBias:0.6,Multiplicity:1.11
0.997	0.001	0.001	0.001
0.032	0.700	0.158	0.110
0.771	0.192	0.036	0.001
0.001	0.638	0.001	0.360
0.127	0.838	0.001	0.034
0.885	0.001	0.030	0.084
0.488	0.059	0.037	0.416
0.084	0.110	0.805	0.001
>CTTAKRCT	7-CTTAKRCT	8.604221	-19.155842	0	T:17.0(2.56%),B:163.0(0.39%),P:1e-8	Tpos:42.3,Tstd:25.5,Bpos:301.5,Bstd:303.3,StrandBias:1.7,Multiplicity:1.00
0.001	0.997	0.001	0.001
0.001	0.127	0.113	0.759
0.001	0.127	0.001	0.871
0.997	0.001	0.001	0.001
0.001	0.001	0.450	0.548
0.548	0.001	0.450	0.001
0.139	0.859	0.001	0.001
0.001	0.181	0.327	0.491
>AGCTTGGT	8-AGCTTGGT	9.136425	-17.208689	0	T:27.0(4.07%),B:466.7(1.13%),P:1e-7	Tpos:62.4,Tstd:28.9,Bpos:199.1,Bstd:226.4,StrandBias:0.8,Multiplicity:1.00
0.997	0.001	0.001	0.001
0.001	0.001	0.997	0.001
0.001	0.814	0.184	0.001
0.001	0.001	0.001	0.997
0.001	0.001	0.065	0.933
0.001	0.001	0.997	0.001
0.001	0.001	0.838	0.160
0.001	0.001	0.001	0.997
>CTACTTAG	9-CTACTTAG	8.236954	-15.572635	0	T:11.0(1.66%),B:78.1(0.19%),P:1e-6	Tpos:39.7,Tstd:27.0,Bpos:300.4,Bstd:322.9,StrandBias:0.8,Multiplicity:1.00
0.100	0.700	0.100	0.100
0.100	0.100	0.100	0.700
0.700	0.100	0.100	0.100
0.100	0.700	0.100	0.100
0.100	0.100	0.100	0.700
0.100	0.100	0.100	0.700
0.700	0.100	0.100	0.100
0.100	0.100	0.700	0.100
>TGGGTATT	10-TGGGTATT	6.914129	-12.229387	0	T:64.0(9.64%),B:2183.2(5.29%),P:1e-5	Tpos:45.6,Tstd:28.2,Bpos:242.4,Bstd:354.4,StrandBias:-0.1,Multiplicity:1.05
0.027	0.001	0.037	0.935
0.001	0.023	0.975	0.001
0.001	0.001	0.920	0.078
0.001	0.020	0.938	0.041
0.079	0.211	0.001	0.709
0.819	0.001	0.054	0.126
0.126	0.001	0.001	0.872
0.093	0.001	0.064	0.842
>GCTCGACG	11-GCTCGACG	10.771707	-11.049669	0	T:13.0(1.96%),B:182.6(0.44%),P:1e-4	Tpos:56.7,Tstd:17.9,Bpos:144.3,Bstd:335.4,StrandBias:0.7,Multiplicity:1.00
0.001	0.113	0.885	0.001
0.001	0.997	0.001	0.001
0.001	0.001	0.001	0.997
0.001	0.962	0.036	0.001
0.001	0.001	0.997	0.001
0.997	0.001	0.001	0.001
0.001	0.867	0.001	0.131
0.001	0.001	0.997	0.001
>AGACTCAT	12-AGACTCAT	8.236954	-9.984711	0	T:14.0(2.11%),B:233.5(0.57%),P:1e-4	Tpos:47.2,Tstd:23.1,Bpos:221.0,Bstd:272.7,StrandBias:1.3,Multiplicity:1.00
0.700	0.100	0.100	0.100
0.100	0.100	0.700	0.100
0.700	0.100	0.100	0.100
0.100	0.700	0.100	0.100
0.100	0.100	0.100	0.700
0.100	0.700	0.100	0.100
0.700	0.100	0.100	0.100
0.100	0.100	0.100	0.700
>CTACGCGT	13-CTACGCGT	6.910101	-9.658424	0	T:27.0(4.07%),B:712.6(1.73%),P:1e-4	Tpos:56.4,Tstd:20.9,Bpos:183.1,Bstd:219.2,StrandBias:-0.4,Multiplicity:1.00
0.209	0.698	0.054	0.039
0.073	0.001	0.039	0.887
0.997	0.001	0.001	0.001
0.001	0.908	0.058	0.033
0.001	0.048	0.898	0.053
0.001	0.997	0.001	0.001
0.040	0.034	0.859	0.067
0.067	0.057	0.069	0.807
>CGCATAAC	14-CGCATAAC	5.228905	-8.057062	0	T:86.0(12.95%),B:3657.6(8.86%),P:1e-3	Tpos:54.7,Tstd:26.0,Bpos:249.1,Bstd:532.7,StrandBias:0.1,Multiplicity:1.04
0.062	0.772	0.085	0.081
0.126	0.054	0.774	0.046
0.027	0.768	0.107	0.098
0.689	0.123	0.125	0.063
0.016	0.062	0.063	0.859
0.692	0.052	0.068	0.188
0.726	0.073	0.031	0.170
0.075	0.732	0.111	0.082
>AACCGGAY	15-AACCGGAY	7.868155	-7.926818	0	T:42.0(6.33%),B:1470.9(3.56%),P:1e-3	Tpos:49.6,Tstd:26.6,Bpos:163.9,Bstd:246.9,StrandBias:0.5,Multiplicity:1.12
0.997	0.001	0.001	0.001
0.997	0.001	0.001	0.001
0.001	0.997	0.001	0.001
0.001	0.997	0.001	0.001
0.001	0.320	0.678	0.001
0.050	0.001	0.948	0.001
0.672	0.001	0.001	0.326
0.060	0.408	0.001	0.531
>CCMAAGTC	16-CCMAAGTC	8.239104	-7.546280	0	T:21.0(3.16%),B:566.4(1.37%),P:1e-3	Tpos:52.9,Tstd:23.0,Bpos:202.0,Bstd:278.2,StrandBias:-1.2,Multiplicity:1.00
0.001	0.997	0.001	0.001
0.001	0.997	0.001	0.001
0.452	0.489	0.001	0.059
0.997	0.001	0.001	0.001
0.997	0.001	0.001	0.001
0.001	0.001	0.997	0.001
0.001	0.001	0.001	0.997
0.001	0.997	0.001	0.001
>GGTDTGNK	17-GGTDTGNK	4.232830	-4.866958	0	T:303.0(45.63%),B:16870.8(40.88%),P:1e-2	Tpos:48.3,Tstd:27.2,Bpos:225.6,Bstd:378.8,StrandBias:0.1,Multiplicity:1.50
0.001	0.001	0.709	0.289
0.099	0.236	0.664	0.001
0.001	0.001	0.234	0.764
0.291	0.001	0.290	0.417
0.152	0.237	0.141	0.470
0.197	0.021	0.519	0.263
0.287	0.215	0.234	0.265
0.144	0.118	0.340	0.399
>AAGCTAGM	18-AAGCTAGM	8.163527	-4.517651	0	T:31.0(4.67%),B:1226.5(2.97%),P:1e-1	Tpos:49.6,Tstd:28.0,Bpos:202.7,Bstd:262.5,StrandBias:1.2,Multiplicity:1.00
0.997	0.001	0.001	0.001
0.792	0.206	0.001	0.001
0.001	0.001	0.997	0.001
0.001	0.888	0.001	0.110
0.197	0.001	0.001	0.801
0.997	0.001	0.001	0.001
0.001	0.001	0.997	0.001
0.414	0.370	0.216	0.001
>HHARVCCC	19-HHARVCCC	5.109396	-1.391475	0	T:36.0(5.42%),B:1977.1(4.79%),P:1e0	Tpos:45.7,Tstd:25.1,Bpos:201.5,Bstd:320.9,StrandBias:-1.1,Multiplicity:1.06
0.405	0.338	0.001	0.257
0.387	0.345	0.012	0.257
0.478	0.187	0.093	0.242
0.356	0.189	0.293	0.162
0.357	0.365	0.277	0.001
0.001	0.997	0.001	0.001
0.056	0.776	0.155	0.013
0.265	0.442	0.291	0.001
>AAAACCTC	20-AAAACCTC	7.816061	-1.378827	0	T:16.0(2.41%),B:819.0(1.98%),P:1e0	Tpos:49.2,Tstd:29.7,Bpos:183.3,Bstd:242.5,StrandBias:-1.1,Multiplicity:1.14
0.676	0.001	0.001	0.322
0.997	0.001	0.001	0.001
0.941	0.001	0.001	0.057
0.997	0.001	0.001	0.001
0.001	0.997	0.001	0.001
0.001	0.997	0.001	0.001
0.001	0.001	0.001	0.997
0.001	0.997	0.001	0.001
>TCTCTCTC	21-TCTCTCTC	10.390342	-0.614577	0	T:26.0(3.92%),B:1626.6(3.94%),P:1e0	Tpos:47.0,Tstd:24.3,Bpos:163.9,Bstd:258.8,StrandBias:-1.1,Multiplicity:1.38
0.001	0.142	0.001	0.856
0.001	0.997	0.001	0.001
0.001	0.126	0.001	0.872
0.001	0.997	0.001	0.001
0.001	0.146	0.001	0.852
0.001	0.997	0.001	0.001
0.030	0.137	0.001	0.832
0.001	0.947	0.051	0.001
>AGAGAGAG	22-AGAGAGAG	8.236954	-0.225586	0	T:20.0(3.01%),B:1463.1(3.55%),P:1e0	Tpos:72.2,Tstd:31.1,Bpos:166.8,Bstd:194.5,StrandBias:1.6,Multiplicity:1.00
0.700	0.100	0.100	0.100
0.100	0.100	0.700	0.100
0.700	0.100	0.100	0.100
0.100	0.100	0.700	0.100
0.700	0.100	0.100	0.100
0.100	0.100	0.700	0.100
0.700	0.100	0.100	0.100
0.100	0.100	0.700	0.100
