>AGGTGTTCGA	1-AGGTGTTCGA	8.905584	-408.968943	0	T:158.0(23.80%),B:250.2(0.61%),P:1e-177	Tpos:50.8,Tstd:25.6,Bpos:170.1,Bstd:214.7,StrandBias:-0.3,Multiplicity:1.00
0.841	0.034	0.040	0.085
0.287	0.177	0.442	0.094
0.070	0.320	0.554	0.056
0.045	0.052	0.001	0.902
0.014	0.057	0.915	0.014
0.001	0.081	0.031	0.887
0.048	0.017	0.051	0.884
0.037	0.853	0.001	0.109
0.041	0.034	0.908	0.017
0.821	0.038	0.087	0.054
>TTCGWCGAAC	2-TTCGWCGAAC	8.281342	-201.419631	0	T:92.0(13.86%),B:230.6(0.56%),P:1e-87	Tpos:43.2,Tstd:23.4,Bpos:185.8,Bstd:293.8,StrandBias:0.4,Multiplicity:1.00
0.077	0.100	0.101	0.722
0.035	0.085	0.054	0.826
0.107	0.694	0.090	0.109
0.112	0.060	0.731	0.097
0.353	0.092	0.086	0.469
0.046	0.660	0.085	0.209
0.085	0.047	0.731	0.137
0.808	0.058	0.072	0.062
0.811	0.056	0.055	0.078
0.333	0.548	0.059	0.060
>AATGCCTGAG	3-AATGCCTGAG	9.304660	-178.766719	0	T:68.0(10.24%),B:95.3(0.23%),P:1e-77	Tpos:43.3,Tstd:28.3,Bpos:183.1,Bstd:225.3,StrandBias:-0.9,Multiplicity:1.00
0.978	0.001	0.001	0.020
0.981	0.001	0.001	0.017
0.001	0.001	0.001	0.997
0.001	0.001	0.997	0.001
0.001	0.964	0.001	0.034
0.001	0.917	0.027	0.055
0.001	0.001	0.001	0.997
0.020	0.017	0.942	0.021
0.904	0.001	0.001	0.094
0.224	0.043	0.716	0.017
>CTNTCAGGCA	4-CTNTCAGGCA	8.082721	-133.196482	0	T:80.0(12.05%),B:375.1(0.91%),P:1e-57	Tpos:47.8,Tstd:29.0,Bpos:215.7,Bstd:381.1,StrandBias:0.1,Multiplicity:1.00
0.033	0.847	0.056	0.064
0.135	0.001	0.191	0.673
0.230	0.234	0.208	0.328
0.233	0.036	0.001	0.730
0.001	0.579	0.417	0.003
0.804	0.116	0.036	0.044
0.001	0.108	0.890	0.001
0.361	0.001	0.637	0.001
0.204	0.754	0.041	0.001
0.787	0.136	0.045	0.032
>TGCACGCCAA	5-TGCACGCCAA	8.067574	-80.308986	0	T:57.0(8.58%),B:361.3(0.88%),P:1e-34	Tpos:51.7,Tstd:22.1,Bpos:203.6,Bstd:319.9,StrandBias:0.1,Multiplicity:1.00
0.022	0.147	0.042	0.789
0.212	0.064	0.723	0.001
0.073	0.829	0.047	0.051
0.969	0.002	0.001	0.028
0.001	0.962	0.036	0.001
0.196	0.001	0.633	0.170
0.057	0.832	0.110	0.001
0.195	0.763	0.001	0.041
0.871	0.001	0.037	0.091
0.707	0.103	0.125	0.065
>CAAACACCTG	6-CAAACACCTG	10.182276	-62.511628	0	T:32.0(4.82%),B:107.6(0.26%),P:1e-27	Tpos:50.1,Tstd:25.7,Bpos:191.0,Bstd:209.6,StrandBias:1.3,Multiplicity:1.06
0.069	0.929	0.001	0.001
0.997	0.001	0.001	0.001
0.997	0.001	0.001	0.001
0.997	0.001	0.001	0.001
0.001	0.900	0.001	0.098
0.900	0.098	0.001	0.001
0.051	0.888	0.001	0.060
0.001	0.563	0.060	0.376
0.001	0.001	0.001	0.997
0.001	0.001	0.913	0.085
>GAGTCGAATA	7-GAGTCGAATA	11.022491	-54.201715	0	T:16.0(2.41%),B:7.2(0.02%),P:1e-23	Tpos:57.4,Tstd:22.4,Bpos:413.2,Bstd:387.9,StrandBias:0.4,Multiplicity:1.00
0.001	0.001	0.997	0.001
0.997	0.001	0.001	0.001
0.001	0.001	0.997	0.001
0.001	0.060	0.001	0.938
0.001	0.997	0.001	0.001
0.001	0.001	0.997	0.001
0.997	0.001	0.001	0.001
0.997	0.001	0.001	0.001
0.001	0.001	0.001	0.997
0.997	0.001	0.001	0.001
>CTAACAAGGA	8-CTAACAAGGA	10.296193	-47.486962	0	T:15.0(2.26%),B:10.2(0.02%),P:1e-20	Tpos:34.4,Tstd:26.1,Bpos:375.3,Bstd:349.0,StrandBias:0.2,Multiplicity:1.00
0.100	0.700	0.100	0.100
0.100	0.100	0.100	0.700
0.700	0.100	0.100	0.100
0.700	0.100	0.100	0.100
0.100	0.700	0.100	0.100
0.700	0.100	0.100	0.100
0.700	0.100	0.100	0.100
0.100	0.100	0.700	0.100
0.100	0.100	0.700	0.100
0.700	0.100	0.100	0.100
>TTCTGTGCAT	9-TTCTGTGCAT	8.878503	-46.127733	0	T:32.0(4.82%),B:198.0(0.48%),P:1e-20	Tpos:43.3,Tstd:25.8,Bpos:196.3,Bstd:262.4,StrandBias:1.9,Multiplicity:1.00
0.077	0.001	0.001	0.921
0.001	0.001	0.001	0.997
0.074	0.828	0.097	0.001
0.001	0.127	0.001	0.871
0.001	0.108	0.890	0.001
0.046	0.001	0.082	0.871
0.081	0.001	0.917	0.001
0.001	0.935	0.063	0.001
0.997	0.001	0.001	0.001
0.001	0.085	0.001	0.913
>TTGGTTAGTG	10-TTGGTTAGTG	10.854015	-43.991384	0	T:20.0(3.01%),B:51.9(0.13%),P:1e-19	Tpos:56.8,Tstd:24.5,Bpos:330.6,Bstd:414.9,StrandBias:0.3,Multiplicity:1.00
0.001	0.001	0.001	0.997
0.001	0.055	0.001	0.943
0.001	0.001	0.997	0.001
0.001	0.001	0.997	0.001
0.001	0.001	0.001	0.997
0.001	0.001	0.001	0.997
0.997	0.001	0.001	0.001
0.001	0.001	0.997	0.001
0.079	0.001	0.001	0.919
0.001	0.001	0.997	0.001
>TACACATGAC	11-TACACATGAC	10.296193	-43.830781	0	T:14.0(2.11%),B:10.3(0.02%),P:1e-19	Tpos:57.9,Tstd:21.0,Bpos:496.4,Bstd:432.6,StrandBias:1.3,Multiplicity:1.00
0.100	0.100	0.100	0.700
0.700	0.100	0.100	0.100
0.100	0.700	0.100	0.100
0.700	0.100	0.100	0.100
0.100	0.700	0.100	0.100
0.700	0.100	0.100	0.100
0.100	0.100	0.100	0.700
0.100	0.100	0.700	0.100
0.700	0.100	0.100	0.100
0.100	0.700	0.100	0.100
>TAAGTGAGTA	12-TAAGTGAGTA	10.823094	-39.705602	0	T:18.0(2.71%),B:46.0(0.11%),P:1e-17	Tpos:56.1,Tstd:26.5,Bpos:433.7,Bstd:423.1,StrandBias:-1.0,Multiplicity:1.00
0.001	0.001	0.001	0.997
0.784	0.001	0.214	0.001
0.997	0.001	0.001	0.001
0.001	0.001	0.769	0.229
0.001	0.001	0.001	0.997
0.001	0.001	0.997	0.001
0.997	0.001	0.001	0.001
0.001	0.001	0.997	0.001
0.001	0.001	0.001	0.997
0.997	0.001	0.001	0.001
>TACACCATGA	13-TACACCATGA	13.652926	-35.887385	0	T:12.0(1.81%),B:11.9(0.03%),P:1e-15	Tpos:49.8,Tstd:29.3,Bpos:258.0,Bstd:257.6,StrandBias:1.0,Multiplicity:1.00
0.001	0.001	0.001	0.997
0.997	0.001	0.001	0.001
0.001	0.997	0.001	0.001
0.932	0.001	0.066	0.001
0.045	0.953	0.001	0.001
0.001	0.997	0.001	0.001
0.997	0.001	0.001	0.001
0.001	0.001	0.001	0.997
0.001	0.001	0.932	0.066
0.997	0.001	0.001	0.001
>TATGCACGTA	14-TATGCACGTA	10.852135	-32.846107	0	T:12.0(1.81%),B:16.3(0.04%),P:1e-14	Tpos:61.7,Tstd:18.3,Bpos:315.5,Bstd:358.0,StrandBias:0.0,Multiplicity:1.00
0.113	0.001	0.215	0.671
0.730	0.268	0.001	0.001
0.001	0.001	0.001	0.997
0.001	0.001	0.997	0.001
0.001	0.997	0.001	0.001
0.906	0.001	0.001	0.092
0.001	0.997	0.001	0.001
0.001	0.001	0.997	0.001
0.001	0.093	0.113	0.793
0.997	0.001	0.001	0.001
>TATGAGAAGC	15-TATGAGAAGC	11.731490	-32.600192	0	T:16.0(2.41%),B:51.7(0.13%),P:1e-14	Tpos:50.1,Tstd:28.1,Bpos:250.3,Bstd:345.1,StrandBias:1.6,Multiplicity:1.00
0.001	0.001	0.001	0.997
0.638	0.001	0.001	0.360
0.001	0.001	0.001	0.997
0.001	0.001	0.992	0.006
0.619	0.379	0.001	0.001
0.001	0.001	0.997	0.001
0.991	0.001	0.001	0.007
0.997	0.001	0.001	0.001
0.001	0.268	0.730	0.001
0.001	0.751	0.247	0.001
>ACTACTTAGG	16-ACTACTTAGG	10.296193	-30.848285	0	T:9.0(1.36%),B:4.0(0.01%),P:1e-13	Tpos:45.1,Tstd:26.5,Bpos:615.1,Bstd:359.5,StrandBias:0.3,Multiplicity:1.00
0.700	0.100	0.100	0.100
0.100	0.700	0.100	0.100
0.100	0.100	0.100	0.700
0.700	0.100	0.100	0.100
0.100	0.700	0.100	0.100
0.100	0.100	0.100	0.700
0.100	0.100	0.100	0.700
0.700	0.100	0.100	0.100
0.100	0.100	0.700	0.100
0.100	0.100	0.700	0.100
>AAAGCCCATA	17-AAAGCCCATA	10.310348	-25.727183	0	T:18.0(2.71%),B:118.6(0.29%),P:1e-11	Tpos:47.8,Tstd:26.3,Bpos:268.3,Bstd:400.4,StrandBias:0.6,Multiplicity:1.15
0.997	0.001	0.001	0.001
0.925	0.001	0.001	0.073
0.902	0.001	0.001	0.096
0.001	0.001	0.997	0.001
0.001	0.902	0.001	0.096
0.001	0.832	0.096	0.071
0.001	0.997	0.001	0.001
0.885	0.001	0.113	0.001
0.034	0.001	0.074	0.891
0.705	0.001	0.255	0.039
>CGGTTTAAGT	18-CGGTTTAAGT	11.437572	-25.671723	0	T:12.0(1.81%),B:35.8(0.09%),P:1e-11	Tpos:44.8,Tstd:26.6,Bpos:363.1,Bstd:450.7,StrandBias:1.0,Multiplicity:1.00
0.001	0.997	0.001	0.001
0.001	0.001	0.997	0.001
0.101	0.001	0.897	0.001
0.001	0.001	0.001	0.997
0.001	0.001	0.001	0.997
0.001	0.001	0.001	0.997
0.997	0.001	0.001	0.001
0.997	0.001	0.001	0.001
0.101	0.001	0.897	0.001
0.001	0.001	0.001	0.997
>GCCCAAGBCC	19-GCCCAAGBCC	9.458716	-23.318994	0	T:21.0(3.16%),B:200.6(0.49%),P:1e-10	Tpos:54.3,Tstd:22.9,Bpos:207.1,Bstd:241.8,StrandBias:-0.2,Multiplicity:1.33
0.179	0.001	0.819	0.001
0.001	0.997	0.001	0.001
0.001	0.997	0.001	0.001
0.415	0.583	0.001	0.001
0.997	0.001	0.001	0.001
0.997	0.001	0.001	0.001
0.001	0.001	0.997	0.001
0.156	0.276	0.309	0.259
0.001	0.845	0.001	0.153
0.001	0.721	0.001	0.277
>HGGCGTAAKA	20-HGGCGTAAKA	11.100923	-17.724666	0	T:5.0(0.75%),B:2.1(0.01%),P:1e-7	Tpos:33.8,Tstd:33.1,Bpos:564.6,Bstd:474.8,StrandBias:0.6,Multiplicity:1.00
0.333	0.244	0.132	0.291
0.007	0.002	0.970	0.021
0.091	0.100	0.808	0.001
0.001	0.997	0.001	0.001
0.111	0.001	0.887	0.001
0.009	0.001	0.091	0.899
0.771	0.005	0.223	0.001
0.882	0.001	0.006	0.111
0.132	0.100	0.449	0.319
0.997	0.001	0.001	0.001
>ACCACATCTC	21-ACCACATCTC	9.543349	-16.567677	0	T:16.0(2.41%),B:172.1(0.42%),P:1e-7	Tpos:53.3,Tstd:29.5,Bpos:269.5,Bstd:831.9,StrandBias:1.3,Multiplicity:1.00
0.827	0.068	0.043	0.062
0.111	0.830	0.012	0.047
0.128	0.772	0.049	0.051
0.811	0.032	0.077	0.080
0.089	0.716	0.108	0.087
0.900	0.038	0.019	0.043
0.029	0.100	0.082	0.789
0.043	0.793	0.022	0.142
0.071	0.069	0.080	0.780
0.065	0.792	0.093	0.050
>ACTACACAAA	22-ACTACACAAA	9.622016	-14.166314	0	T:25.0(3.77%),B:480.2(1.16%),P:1e-6	Tpos:41.8,Tstd:25.1,Bpos:350.6,Bstd:387.7,StrandBias:0.6,Multiplicity:1.00
0.997	0.001	0.001	0.001
0.285	0.521	0.193	0.001
0.001	0.001	0.280	0.718
0.997	0.001	0.001	0.001
0.069	0.581	0.001	0.349
0.997	0.001	0.001	0.001
0.001	0.997	0.001	0.001
0.755	0.001	0.001	0.243
0.842	0.001	0.156	0.001
0.997	0.001	0.001	0.001
>GGTTCGGTTC	23-GGTTCGGTTC	7.474673	-10.698437	0	T:33.0(4.97%),B:907.3(2.20%),P:1e-4	Tpos:49.3,Tstd:26.2,Bpos:198.6,Bstd:442.2,StrandBias:1.0,Multiplicity:1.36
0.028	0.043	0.852	0.077
0.063	0.060	0.723	0.154
0.113	0.091	0.091	0.705
0.117	0.145	0.041	0.697
0.085	0.809	0.025	0.081
0.040	0.069	0.830	0.061
0.039	0.056	0.848	0.057
0.056	0.018	0.044	0.882
0.078	0.062	0.067	0.793
0.067	0.869	0.009	0.055
>HHATCCGGTT	24-HHATCCGGTT	8.303819	-8.745363	0	T:20.0(3.01%),B:477.2(1.16%),P:1e-3	Tpos:52.1,Tstd:24.6,Bpos:164.4,Bstd:222.0,StrandBias:-0.5,Multiplicity:1.05
0.361	0.314	0.021	0.305
0.303	0.214	0.151	0.331
0.713	0.024	0.162	0.101
0.393	0.001	0.053	0.553
0.062	0.852	0.067	0.019
0.064	0.823	0.035	0.078
0.038	0.027	0.916	0.019
0.058	0.001	0.858	0.083
0.036	0.017	0.001	0.946
0.110	0.042	0.031	0.817
>GAGAGAGAGR	25-GAGAGAGAGR	9.661135	-0.845598	0	T:9.0(1.36%),B:506.2(1.23%),P:1e0	Tpos:44.7,Tstd:20.2,Bpos:154.6,Bstd:194.7,StrandBias:1.6,Multiplicity:1.50
0.155	0.183	0.629	0.033
0.513	0.009	0.303	0.175
0.098	0.054	0.822	0.026
0.674	0.020	0.283	0.023
0.029	0.079	0.792	0.100
0.612	0.022	0.284	0.082
0.036	0.070	0.877	0.017
0.561	0.013	0.364	0.062
0.073	0.020	0.733	0.174
0.479	0.009	0.356	0.156
