>AGGTGTTCGA	1-AGGTGTTCGA	8.905584	-408.968943	0	T:158.0(23.80%),B:250.2(0.61%),P:1e-177	Tpos:50.8,Tstd:25.6,Bpos:170.1,Bstd:214.7,StrandBias:-0.3,Multiplicity:1.00
0.841	0.034	0.040	0.085
0.287	0.177	0.442	0.094
0.070	0.320	0.554	0.056
0.045	0.052	0.001	0.902
0.014	0.057	0.915	0.014
0.001	0.081	0.031	0.887
0.048	0.017	0.051	0.884
0.037	0.853	0.001	0.109
0.041	0.034	0.908	0.017
0.821	0.038	0.087	0.054
>TTCGWCGAAC	2-TTCGWCGAAC	8.281342	-201.419631	0	T:92.0(13.86%),B:230.6(0.56%),P:1e-87	Tpos:43.2,Tstd:23.4,Bpos:185.8,Bstd:293.8,StrandBias:0.4,Multiplicity:1.00
0.077	0.100	0.101	0.722
0.035	0.085	0.054	0.826
0.107	0.694	0.090	0.109
0.112	0.060	0.731	0.097
0.353	0.092	0.086	0.469
0.046	0.660	0.085	0.209
0.085	0.047	0.731	0.137
0.808	0.058	0.072	0.062
0.811	0.056	0.055	0.078
0.333	0.548	0.059	0.060
>AATGCCTGAG	3-AATGCCTGAG	9.304660	-178.766719	0	T:68.0(10.24%),B:95.3(0.23%),P:1e-77	Tpos:43.3,Tstd:28.3,Bpos:183.1,Bstd:225.3,StrandBias:-0.9,Multiplicity:1.00
0.978	0.001	0.001	0.020
0.981	0.001	0.001	0.017
0.001	0.001	0.001	0.997
0.001	0.001	0.997	0.001
0.001	0.964	0.001	0.034
0.001	0.917	0.027	0.055
0.001	0.001	0.001	0.997
0.020	0.017	0.942	0.021
0.904	0.001	0.001	0.094
0.224	0.043	0.716	0.017
>CTNTCAGGCA	4-CTNTCAGGCA	8.082721	-133.196482	0	T:80.0(12.05%),B:375.1(0.91%),P:1e-57	Tpos:47.8,Tstd:29.0,Bpos:215.7,Bstd:381.1,StrandBias:0.1,Multiplicity:1.00
0.033	0.847	0.056	0.064
0.135	0.001	0.191	0.673
0.230	0.234	0.208	0.328
0.233	0.036	0.001	0.730
0.001	0.579	0.417	0.003
0.804	0.116	0.036	0.044
0.001	0.108	0.890	0.001
0.361	0.001	0.637	0.001
0.204	0.754	0.041	0.001
0.787	0.136	0.045	0.032
>TGCACGCCAA	5-TGCACGCCAA	8.067574	-80.308986	0	T:57.0(8.58%),B:361.3(0.88%),P:1e-34	Tpos:51.7,Tstd:22.1,Bpos:203.6,Bstd:319.9,StrandBias:0.1,Multiplicity:1.00
0.022	0.147	0.042	0.789
0.212	0.064	0.723	0.001
0.073	0.829	0.047	0.051
0.969	0.002	0.001	0.028
0.001	0.962	0.036	0.001
0.196	0.001	0.633	0.170
0.057	0.832	0.110	0.001
0.195	0.763	0.001	0.041
0.871	0.001	0.037	0.091
0.707	0.103	0.125	0.065
>CAAACACCTG	6-CAAACACCTG	10.182276	-62.511628	0	T:32.0(4.82%),B:107.6(0.26%),P:1e-27	Tpos:50.1,Tstd:25.7,Bpos:191.0,Bstd:209.6,StrandBias:1.3,Multiplicity:1.06
0.069	0.929	0.001	0.001
0.997	0.001	0.001	0.001
0.997	0.001	0.001	0.001
0.997	0.001	0.001	0.001
0.001	0.900	0.001	0.098
0.900	0.098	0.001	0.001
0.051	0.888	0.001	0.060
0.001	0.563	0.060	0.376
0.001	0.001	0.001	0.997
0.001	0.001	0.913	0.085
>GAGTCGAATA	7-GAGTCGAATA	11.022491	-54.201715	0	T:16.0(2.41%),B:7.2(0.02%),P:1e-23	Tpos:57.4,Tstd:22.4,Bpos:413.2,Bstd:387.9,StrandBias:0.4,Multiplicity:1.00
0.001	0.001	0.997	0.001
0.997	0.001	0.001	0.001
0.001	0.001	0.997	0.001
0.001	0.060	0.001	0.938
0.001	0.997	0.001	0.001
0.001	0.001	0.997	0.001
0.997	0.001	0.001	0.001
0.997	0.001	0.001	0.001
0.001	0.001	0.001	0.997
0.997	0.001	0.001	0.001
>CTAACAAGGA	8-CTAACAAGGA	10.296193	-47.486962	0	T:15.0(2.26%),B:10.2(0.02%),P:1e-20	Tpos:34.4,Tstd:26.1,Bpos:375.3,Bstd:349.0,StrandBias:0.2,Multiplicity:1.00
0.100	0.700	0.100	0.100
0.100	0.100	0.100	0.700
0.700	0.100	0.100	0.100
0.700	0.100	0.100	0.100
0.100	0.700	0.100	0.100
0.700	0.100	0.100	0.100
0.700	0.100	0.100	0.100
0.100	0.100	0.700	0.100
0.100	0.100	0.700	0.100
0.700	0.100	0.100	0.100
>TTCTGTGCAT	9-TTCTGTGCAT	8.878503	-46.127733	0	T:32.0(4.82%),B:198.0(0.48%),P:1e-20	Tpos:43.3,Tstd:25.8,Bpos:196.3,Bstd:262.4,StrandBias:1.9,Multiplicity:1.00
0.077	0.001	0.001	0.921
0.001	0.001	0.001	0.997
0.074	0.828	0.097	0.001
0.001	0.127	0.001	0.871
0.001	0.108	0.890	0.001
0.046	0.001	0.082	0.871
0.081	0.001	0.917	0.001
0.001	0.935	0.063	0.001
0.997	0.001	0.001	0.001
0.001	0.085	0.001	0.913
>TTGGTTAGTG	10-TTGGTTAGTG	10.854015	-43.991384	0	T:20.0(3.01%),B:51.9(0.13%),P:1e-19	Tpos:56.8,Tstd:24.5,Bpos:330.6,Bstd:414.9,StrandBias:0.3,Multiplicity:1.00
0.001	0.001	0.001	0.997
0.001	0.055	0.001	0.943
0.001	0.001	0.997	0.001
0.001	0.001	0.997	0.001
0.001	0.001	0.001	0.997
0.001	0.001	0.001	0.997
0.997	0.001	0.001	0.001
0.001	0.001	0.997	0.001
0.079	0.001	0.001	0.919
0.001	0.001	0.997	0.001
>TACACATGAC	11-TACACATGAC	10.296193	-43.830781	0	T:14.0(2.11%),B:10.3(0.02%),P:1e-19	Tpos:57.9,Tstd:21.0,Bpos:496.4,Bstd:432.6,StrandBias:1.3,Multiplicity:1.00
0.100	0.100	0.100	0.700
0.700	0.100	0.100	0.100
0.100	0.700	0.100	0.100
0.700	0.100	0.100	0.100
0.100	0.700	0.100	0.100
0.700	0.100	0.100	0.100
0.100	0.100	0.100	0.700
0.100	0.100	0.700	0.100
0.700	0.100	0.100	0.100
0.100	0.700	0.100	0.100
>TAAGTGAGTA	12-TAAGTGAGTA	10.823094	-39.705602	0	T:18.0(2.71%),B:46.0(0.11%),P:1e-17	Tpos:56.1,Tstd:26.5,Bpos:433.7,Bstd:423.1,StrandBias:-1.0,Multiplicity:1.00
0.001	0.001	0.001	0.997
0.784	0.001	0.214	0.001
0.997	0.001	0.001	0.001
0.001	0.001	0.769	0.229
0.001	0.001	0.001	0.997
0.001	0.001	0.997	0.001
0.997	0.001	0.001	0.001
0.001	0.001	0.997	0.001
0.001	0.001	0.001	0.997
0.997	0.001	0.001	0.001
>TACACCATGA	13-TACACCATGA	13.652926	-35.887385	0	T:12.0(1.81%),B:11.9(0.03%),P:1e-15	Tpos:49.8,Tstd:29.3,Bpos:258.0,Bstd:257.6,StrandBias:1.0,Multiplicity:1.00
0.001	0.001	0.001	0.997
0.997	0.001	0.001	0.001
0.001	0.997	0.001	0.001
0.932	0.001	0.066	0.001
0.045	0.953	0.001	0.001
0.001	0.997	0.001	0.001
0.997	0.001	0.001	0.001
0.001	0.001	0.001	0.997
0.001	0.001	0.932	0.066
0.997	0.001	0.001	0.001
>TATGCACGTA	14-TATGCACGTA	10.852135	-32.846107	0	T:12.0(1.81%),B:16.3(0.04%),P:1e-14	Tpos:61.7,Tstd:18.3,Bpos:315.5,Bstd:358.0,StrandBias:0.0,Multiplicity:1.00
0.113	0.001	0.215	0.671
0.730	0.268	0.001	0.001
0.001	0.001	0.001	0.997
0.001	0.001	0.997	0.001
0.001	0.997	0.001	0.001
0.906	0.001	0.001	0.092
0.001	0.997	0.001	0.001
0.001	0.001	0.997	0.001
0.001	0.093	0.113	0.793
0.997	0.001	0.001	0.001
>TATGAGAAGC	15-TATGAGAAGC	11.731490	-32.600192	0	T:16.0(2.41%),B:51.7(0.13%),P:1e-14	Tpos:50.1,Tstd:28.1,Bpos:250.3,Bstd:345.1,StrandBias:1.6,Multiplicity:1.00
0.001	0.001	0.001	0.997
0.638	0.001	0.001	0.360
0.001	0.001	0.001	0.997
0.001	0.001	0.992	0.006
0.619	0.379	0.001	0.001
0.001	0.001	0.997	0.001
0.991	0.001	0.001	0.007
0.997	0.001	0.001	0.001
0.001	0.268	0.730	0.001
0.001	0.751	0.247	0.001
>ACTACTTAGG	16-ACTACTTAGG	10.296193	-30.848285	0	T:9.0(1.36%),B:4.0(0.01%),P:1e-13	Tpos:45.1,Tstd:26.5,Bpos:615.1,Bstd:359.5,StrandBias:0.3,Multiplicity:1.00
0.700	0.100	0.100	0.100
0.100	0.700	0.100	0.100
0.100	0.100	0.100	0.700
0.700	0.100	0.100	0.100
0.100	0.700	0.100	0.100
0.100	0.100	0.100	0.700
0.100	0.100	0.100	0.700
0.700	0.100	0.100	0.100
0.100	0.100	0.700	0.100
0.100	0.100	0.700	0.100
>AAAGCCCATA	17-AAAGCCCATA	10.310348	-25.727183	0	T:18.0(2.71%),B:118.6(0.29%),P:1e-11	Tpos:47.8,Tstd:26.3,Bpos:268.3,Bstd:400.4,StrandBias:0.6,Multiplicity:1.15
0.997	0.001	0.001	0.001
0.925	0.001	0.001	0.073
0.902	0.001	0.001	0.096
0.001	0.001	0.997	0.001
0.001	0.902	0.001	0.096
0.001	0.832	0.096	0.071
0.001	0.997	0.001	0.001
0.885	0.001	0.113	0.001
0.034	0.001	0.074	0.891
0.705	0.001	0.255	0.039
>CGGTTTAAGT	18-CGGTTTAAGT	11.437572	-25.671723	0	T:12.0(1.81%),B:35.8(0.09%),P:1e-11	Tpos:44.8,Tstd:26.6,Bpos:363.1,Bstd:450.7,StrandBias:1.0,Multiplicity:1.00
0.001	0.997	0.001	0.001
0.001	0.001	0.997	0.001
0.101	0.001	0.897	0.001
0.001	0.001	0.001	0.997
0.001	0.001	0.001	0.997
0.001	0.001	0.001	0.997
0.997	0.001	0.001	0.001
0.997	0.001	0.001	0.001
0.101	0.001	0.897	0.001
0.001	0.001	0.001	0.997
>GCCCAAGBCC	19-GCCCAAGBCC	9.458716	-23.318994	0	T:21.0(3.16%),B:200.6(0.49%),P:1e-10	Tpos:54.3,Tstd:22.9,Bpos:207.1,Bstd:241.8,StrandBias:-0.2,Multiplicity:1.33
0.179	0.001	0.819	0.001
0.001	0.997	0.001	0.001
0.001	0.997	0.001	0.001
0.415	0.583	0.001	0.001
0.997	0.001	0.001	0.001
0.997	0.001	0.001	0.001
0.001	0.001	0.997	0.001
0.156	0.276	0.309	0.259
0.001	0.845	0.001	0.153
0.001	0.721	0.001	0.277
>HGGCGTAAKA	20-HGGCGTAAKA	11.100923	-17.724666	0	T:5.0(0.75%),B:2.1(0.01%),P:1e-7	Tpos:33.8,Tstd:33.1,Bpos:564.6,Bstd:474.8,StrandBias:0.6,Multiplicity:1.00
0.333	0.244	0.132	0.291
0.007	0.002	0.970	0.021
0.091	0.100	0.808	0.001
0.001	0.997	0.001	0.001
0.111	0.001	0.887	0.001
0.009	0.001	0.091	0.899
0.771	0.005	0.223	0.001
0.882	0.001	0.006	0.111
0.132	0.100	0.449	0.319
0.997	0.001	0.001	0.001
>ACCACATCTC	21-ACCACATCTC	9.543349	-16.567677	0	T:16.0(2.41%),B:172.1(0.42%),P:1e-7	Tpos:53.3,Tstd:29.5,Bpos:269.5,Bstd:831.9,StrandBias:1.3,Multiplicity:1.00
0.827	0.068	0.043	0.062
0.111	0.830	0.012	0.047
0.128	0.772	0.049	0.051
0.811	0.032	0.077	0.080
0.089	0.716	0.108	0.087
0.900	0.038	0.019	0.043
0.029	0.100	0.082	0.789
0.043	0.793	0.022	0.142
0.071	0.069	0.080	0.780
0.065	0.792	0.093	0.050
>ACTACACAAA	22-ACTACACAAA	9.622016	-14.166314	0	T:25.0(3.77%),B:480.2(1.16%),P:1e-6	Tpos:41.8,Tstd:25.1,Bpos:350.6,Bstd:387.7,StrandBias:0.6,Multiplicity:1.00
0.997	0.001	0.001	0.001
0.285	0.521	0.193	0.001
0.001	0.001	0.280	0.718
0.997	0.001	0.001	0.001
0.069	0.581	0.001	0.349
0.997	0.001	0.001	0.001
0.001	0.997	0.001	0.001
0.755	0.001	0.001	0.243
0.842	0.001	0.156	0.001
0.997	0.001	0.001	0.001
>GGTTCGGTTC	23-GGTTCGGTTC	7.474673	-10.698437	0	T:33.0(4.97%),B:907.3(2.20%),P:1e-4	Tpos:49.3,Tstd:26.2,Bpos:198.6,Bstd:442.2,StrandBias:1.0,Multiplicity:1.36
0.028	0.043	0.852	0.077
0.063	0.060	0.723	0.154
0.113	0.091	0.091	0.705
0.117	0.145	0.041	0.697
0.085	0.809	0.025	0.081
0.040	0.069	0.830	0.061
0.039	0.056	0.848	0.057
0.056	0.018	0.044	0.882
0.078	0.062	0.067	0.793
0.067	0.869	0.009	0.055
>HHATCCGGTT	24-HHATCCGGTT	8.303819	-8.745363	0	T:20.0(3.01%),B:477.2(1.16%),P:1e-3	Tpos:52.1,Tstd:24.6,Bpos:164.4,Bstd:222.0,StrandBias:-0.5,Multiplicity:1.05
0.361	0.314	0.021	0.305
0.303	0.214	0.151	0.331
0.713	0.024	0.162	0.101
0.393	0.001	0.053	0.553
0.062	0.852	0.067	0.019
0.064	0.823	0.035	0.078
0.038	0.027	0.916	0.019
0.058	0.001	0.858	0.083
0.036	0.017	0.001	0.946
0.110	0.042	0.031	0.817
>GAGAGAGAGR	25-GAGAGAGAGR	9.661135	-0.845598	0	T:9.0(1.36%),B:506.2(1.23%),P:1e0	Tpos:44.7,Tstd:20.2,Bpos:154.6,Bstd:194.7,StrandBias:1.6,Multiplicity:1.50
0.155	0.183	0.629	0.033
0.513	0.009	0.303	0.175
0.098	0.054	0.822	0.026
0.674	0.020	0.283	0.023
0.029	0.079	0.792	0.100
0.612	0.022	0.284	0.082
0.036	0.070	0.877	0.017
0.561	0.013	0.364	0.062
0.073	0.020	0.733	0.174
0.479	0.009	0.356	0.156
>TTTCGTCGAACA	1-TTTCGTCGAACA	10.050997	-540.423131	0	T:154.0(23.19%),B:55.3(0.13%),P:1e-234	Tpos:46.6,Tstd:24.1,Bpos:187.5,Bstd:226.2,StrandBias:0.5,Multiplicity:1.00
0.044	0.001	0.001	0.954
0.030	0.001	0.001	0.968
0.010	0.010	0.010	0.970
0.001	0.934	0.008	0.057
0.298	0.031	0.662	0.009
0.001	0.009	0.001	0.989
0.001	0.997	0.001	0.001
0.037	0.001	0.961	0.001
0.989	0.001	0.001	0.009
0.937	0.001	0.061	0.001
0.001	0.997	0.001	0.001
0.997	0.001	0.001	0.001
>CTCTCTCAGGCA	2-CTCTCTCAGGCA	10.523633	-207.901024	0	T:69.0(10.39%),B:55.8(0.14%),P:1e-90	Tpos:44.8,Tstd:27.8,Bpos:177.8,Bstd:245.2,StrandBias:0.7,Multiplicity:1.00
0.001	0.614	0.001	0.384
0.041	0.041	0.001	0.917
0.001	0.997	0.001	0.001
0.082	0.001	0.127	0.790
0.114	0.510	0.083	0.293
0.205	0.001	0.001	0.793
0.001	0.648	0.320	0.031
0.997	0.001	0.001	0.001
0.034	0.083	0.882	0.001
0.186	0.001	0.812	0.001
0.040	0.958	0.001	0.001
0.997	0.001	0.001	0.001
>TGTTCGATAKAA	3-TGTTCGATAKAA	10.888360	-203.253002	0	T:74.0(11.14%),B:88.8(0.22%),P:1e-88	Tpos:57.2,Tstd:25.5,Bpos:323.9,Bstd:365.0,StrandBias:-0.3,Multiplicity:1.00
0.001	0.110	0.001	0.888
0.001	0.001	0.997	0.001
0.001	0.093	0.001	0.905
0.093	0.001	0.001	0.905
0.001	0.814	0.001	0.184
0.001	0.160	0.838	0.001
0.997	0.001	0.001	0.001
0.001	0.113	0.182	0.704
0.664	0.003	0.111	0.222
0.205	0.114	0.407	0.275
0.903	0.001	0.094	0.002
0.997	0.001	0.001	0.001
>TCGAACACTTGG	4-TCGAACACTTGG	12.335238	-154.315131	0	T:46.0(6.93%),B:20.0(0.05%),P:1e-67	Tpos:42.0,Tstd:21.6,Bpos:176.9,Bstd:225.3,StrandBias:1.2,Multiplicity:1.00
0.210	0.210	0.001	0.579
0.001	0.821	0.001	0.177
0.001	0.001	0.997	0.001
0.997	0.001	0.001	0.001
0.997	0.001	0.001	0.001
0.001	0.997	0.001	0.001
0.997	0.001	0.001	0.001
0.001	0.549	0.230	0.220
0.001	0.001	0.196	0.802
0.001	0.001	0.001	0.997
0.001	0.144	0.854	0.001
0.001	0.209	0.789	0.001
>CYTTGYGTGCAT	5-CYTTGYGTGCAT	8.910803	-129.755011	0	T:69.0(10.39%),B:249.9(0.61%),P:1e-56	Tpos:54.1,Tstd:21.1,Bpos:220.9,Bstd:364.6,StrandBias:0.5,Multiplicity:1.03
0.113	0.526	0.282	0.079
0.025	0.475	0.029	0.471
0.001	0.001	0.001	0.997
0.001	0.001	0.188	0.810
0.223	0.196	0.580	0.001
0.001	0.450	0.001	0.548
0.054	0.133	0.812	0.001
0.083	0.001	0.087	0.829
0.001	0.001	0.997	0.001
0.054	0.895	0.022	0.029
0.858	0.001	0.140	0.001
0.001	0.241	0.116	0.642
>TCGAATATGACT	6-TCGAATATGACT	13.400852	-70.937943	0	T:20.0(3.01%),B:6.2(0.02%),P:1e-30	Tpos:56.4,Tstd:22.5,Bpos:579.7,Bstd:346.4,StrandBias:-0.6,Multiplicity:1.00
0.001	0.057	0.001	0.941
0.001	0.997	0.001	0.001
0.101	0.001	0.897	0.001
0.997	0.001	0.001	0.001
0.997	0.001	0.001	0.001
0.001	0.001	0.001	0.997
0.997	0.001	0.001	0.001
0.001	0.001	0.001	0.997
0.057	0.001	0.941	0.001
0.941	0.057	0.001	0.001
0.001	0.941	0.001	0.057
0.057	0.001	0.001	0.941
>TCATACACATGA	7-TCATACACATGA	13.664336	-57.457287	0	T:15.0(2.26%),B:2.8(0.01%),P:1e-24	Tpos:58.7,Tstd:22.3,Bpos:869.4,Bstd:427.0,StrandBias:1.0,Multiplicity:1.00
0.001	0.001	0.001	0.997
0.001	0.946	0.001	0.052
0.997	0.001	0.001	0.001
0.052	0.001	0.001	0.946
0.936	0.001	0.001	0.062
0.001	0.997	0.001	0.001
0.997	0.001	0.001	0.001
0.001	0.997	0.001	0.001
0.997	0.001	0.001	0.001
0.001	0.001	0.001	0.997
0.001	0.052	0.946	0.001
0.997	0.001	0.001	0.001
>GCTACACCATGA	8-GCTACACCATGA	13.323025	-55.680147	0	T:15.0(2.26%),B:3.9(0.01%),P:1e-24	Tpos:53.7,Tstd:26.7,Bpos:449.1,Bstd:180.6,StrandBias:1.0,Multiplicity:1.00
0.001	0.067	0.875	0.057
0.067	0.799	0.067	0.067
0.001	0.001	0.001	0.997
0.997	0.001	0.001	0.001
0.001	0.997	0.001	0.001
0.932	0.001	0.066	0.001
0.066	0.932	0.001	0.001
0.001	0.997	0.001	0.001
0.997	0.001	0.001	0.001
0.001	0.001	0.001	0.997
0.067	0.001	0.865	0.067
0.997	0.001	0.001	0.001
>GTYTAACAAGGA	9-GTYTAACAAGGA	11.610274	-54.360389	0	T:19.0(2.86%),B:20.9(0.05%),P:1e-23	Tpos:37.8,Tstd:26.6,Bpos:376.6,Bstd:349.9,StrandBias:-0.5,Multiplicity:1.00
0.005	0.001	0.594	0.400
0.001	0.056	0.001	0.942
0.002	0.476	0.001	0.521
0.001	0.136	0.125	0.738
0.681	0.124	0.069	0.126
0.876	0.067	0.001	0.056
0.057	0.874	0.067	0.002
0.809	0.067	0.057	0.067
0.997	0.001	0.001	0.001
0.357	0.067	0.575	0.001
0.001	0.350	0.648	0.001
0.863	0.001	0.001	0.135
>TGAGAAGCAAGA	10-TGAGAAGCAAGA	13.570679	-53.571286	0	T:18.0(2.71%),B:16.3(0.04%),P:1e-23	Tpos:50.4,Tstd:26.0,Bpos:388.0,Bstd:372.6,StrandBias:1.0,Multiplicity:1.00
0.001	0.001	0.001	0.997
0.071	0.001	0.927	0.001
0.997	0.001	0.001	0.001
0.001	0.001	0.997	0.001
0.997	0.001	0.001	0.001
0.938	0.001	0.001	0.060
0.001	0.001	0.997	0.001
0.001	0.927	0.001	0.071
0.927	0.001	0.001	0.071
0.997	0.001	0.001	0.001
0.001	0.001	0.997	0.001
0.997	0.001	0.001	0.001
>AGTATAAGAACT	11-AGTATAAGAACT	13.319556	-52.268265	0	T:17.0(2.56%),B:13.7(0.03%),P:1e-22	Tpos:49.8,Tstd:30.3,Bpos:417.3,Bstd:316.3,StrandBias:-0.5,Multiplicity:1.00
0.997	0.001	0.001	0.001
0.001	0.001	0.997	0.001
0.001	0.001	0.001	0.997
0.919	0.079	0.001	0.001
0.001	0.079	0.001	0.919
0.997	0.001	0.001	0.001
0.919	0.001	0.079	0.001
0.080	0.080	0.839	0.001
0.997	0.001	0.001	0.001
0.919	0.001	0.079	0.001
0.001	0.919	0.001	0.079
0.001	0.067	0.001	0.931
>GCTTGGTTAGTG	12-GCTTGGTTAGTG	9.089432	-51.967067	0	T:19.0(2.86%),B:24.4(0.06%),P:1e-22	Tpos:56.8,Tstd:24.1,Bpos:459.8,Bstd:394.3,StrandBias:0.5,Multiplicity:1.00
0.008	0.001	0.990	0.001
0.001	0.929	0.069	0.001
0.001	0.001	0.001	0.997
0.001	0.008	0.001	0.990
0.001	0.001	0.997	0.001
0.001	0.001	0.997	0.001
0.001	0.001	0.001	0.997
0.001	0.001	0.001	0.997
0.997	0.001	0.001	0.001
0.008	0.001	0.990	0.001
0.001	0.001	0.001	0.997
0.001	0.001	0.997	0.001
>GCCAAAGACTCA	13-GCCAAAGACTCA	13.388509	-47.696442	0	T:14.0(2.11%),B:6.4(0.02%),P:1e-20	Tpos:48.9,Tstd:20.7,Bpos:498.9,Bstd:426.3,StrandBias:1.3,Multiplicity:1.00
0.001	0.001	0.935	0.063
0.001	0.997	0.001	0.001
0.001	0.997	0.001	0.001
0.923	0.001	0.001	0.075
0.923	0.001	0.001	0.075
0.997	0.001	0.001	0.001
0.001	0.001	0.997	0.001
0.997	0.001	0.001	0.001
0.057	0.866	0.076	0.001
0.001	0.001	0.075	0.923
0.001	0.923	0.001	0.075
0.997	0.001	0.001	0.001
>TNACGTAAGGTG	14-TNACGTAAGGTG	8.804463	-39.437771	0	T:30.0(4.52%),B:217.1(0.53%),P:1e-17	Tpos:44.6,Tstd:24.8,Bpos:221.2,Bstd:490.4,StrandBias:0.0,Multiplicity:1.00
0.187	0.094	0.267	0.452
0.181	0.291	0.257	0.271
0.721	0.001	0.001	0.277
0.001	0.996	0.001	0.002
0.271	0.184	0.544	0.001
0.001	0.003	0.006	0.990
0.458	0.187	0.257	0.097
0.997	0.001	0.001	0.001
0.170	0.001	0.739	0.090
0.184	0.001	0.718	0.097
0.090	0.001	0.090	0.819
0.089	0.001	0.909	0.001
>ACAAACACCTGG	15-ACAAACACCTGG	11.367945	-33.891136	0	T:14.0(2.11%),B:28.6(0.07%),P:1e-14	Tpos:46.7,Tstd:25.1,Bpos:152.0,Bstd:153.7,StrandBias:0.7,Multiplicity:1.00
0.818	0.089	0.092	0.001
0.001	0.997	0.001	0.001
0.833	0.165	0.001	0.001
0.997	0.001	0.001	0.001
0.669	0.076	0.179	0.076
0.001	0.997	0.001	0.001
0.819	0.179	0.001	0.001
0.076	0.710	0.152	0.062
0.214	0.623	0.065	0.098
0.001	0.001	0.001	0.997
0.001	0.001	0.819	0.179
0.182	0.001	0.728	0.089
>ACTACTTAGGCT	16-ACTACTTAGGCT	12.355432	-32.012785	0	T:9.0(1.36%),B:3.5(0.01%),P:1e-13	Tpos:45.2,Tstd:26.5,Bpos:673.1,Bstd:366.7,StrandBias:0.3,Multiplicity:1.00
0.700	0.100	0.100	0.100
0.100	0.700	0.100	0.100
0.100	0.100	0.100	0.700
0.700	0.100	0.100	0.100
0.100	0.700	0.100	0.100
0.100	0.100	0.100	0.700
0.100	0.100	0.100	0.700
0.700	0.100	0.100	0.100
0.100	0.100	0.700	0.100
0.100	0.100	0.700	0.100
0.100	0.700	0.100	0.100
0.100	0.100	0.100	0.700
>CTGGTTCAGGMA	17-CTGGTTCAGGMA	11.847100	-27.950965	0	T:13.0(1.96%),B:37.3(0.09%),P:1e-12	Tpos:49.9,Tstd:33.7,Bpos:247.5,Bstd:516.8,StrandBias:0.7,Multiplicity:1.00
0.001	0.709	0.001	0.289
0.001	0.001	0.001	0.997
0.001	0.001	0.997	0.001
0.001	0.001	0.997	0.001
0.001	0.138	0.138	0.723
0.001	0.001	0.001	0.997
0.001	0.703	0.138	0.158
0.997	0.001	0.001	0.001
0.001	0.001	0.997	0.001
0.277	0.001	0.584	0.138
0.441	0.415	0.143	0.001
0.997	0.001	0.001	0.001
>AGATCCGGTTGC	18-AGATCCGGTTGC	11.025880	-27.131112	0	T:13.0(1.96%),B:40.2(0.10%),P:1e-11	Tpos:47.0,Tstd:26.2,Bpos:240.3,Bstd:418.0,StrandBias:-0.4,Multiplicity:1.08
0.744	0.148	0.001	0.107
0.148	0.148	0.703	0.001
0.997	0.001	0.001	0.001
0.001	0.101	0.001	0.897
0.001	0.726	0.272	0.001
0.001	0.717	0.157	0.125
0.004	0.001	0.994	0.001
0.148	0.001	0.846	0.005
0.001	0.001	0.001	0.997
0.001	0.001	0.147	0.851
0.001	0.001	0.997	0.001
0.295	0.552	0.001	0.152
>TCCAAGAAACAA	19-TCCAAGAAACAA	12.310056	-27.131112	0	T:13.0(1.96%),B:40.1(0.10%),P:1e-11	Tpos:48.7,Tstd:34.1,Bpos:219.6,Bstd:318.3,StrandBias:0.2,Multiplicity:1.00
0.079	0.001	0.001	0.919
0.001	0.997	0.001	0.001
0.001	0.997	0.001	0.001
0.997	0.001	0.001	0.001
0.739	0.141	0.001	0.119
0.001	0.001	0.997	0.001
0.774	0.106	0.001	0.119
0.997	0.001	0.001	0.001
0.997	0.001	0.001	0.001
0.001	0.997	0.001	0.001
0.812	0.186	0.001	0.001
0.858	0.001	0.140	0.001
>ACATTTCGCATA	20-ACATTTCGCATA	11.683422	-26.737132	0	T:10.0(1.51%),B:15.6(0.04%),P:1e-11	Tpos:56.3,Tstd:27.3,Bpos:470.6,Bstd:588.0,StrandBias:0.0,Multiplicity:1.00
0.841	0.079	0.079	0.001
0.160	0.760	0.001	0.079
0.920	0.078	0.001	0.001
0.001	0.078	0.001	0.920
0.078	0.001	0.001	0.920
0.078	0.001	0.001	0.920
0.138	0.716	0.079	0.067
0.133	0.221	0.645	0.001
0.082	0.838	0.079	0.001
0.841	0.157	0.001	0.001
0.066	0.001	0.079	0.854
0.841	0.079	0.001	0.079
>GGGCGTGAGAAT	21-GGGCGTGAGAAT	10.888937	-24.981347	0	T:10.0(1.51%),B:19.8(0.05%),P:1e-10	Tpos:37.7,Tstd:30.0,Bpos:225.9,Bstd:342.6,StrandBias:0.0,Multiplicity:1.00
0.040	0.010	0.630	0.320
0.001	0.309	0.689	0.001
0.001	0.001	0.997	0.001
0.001	0.689	0.309	0.001
0.001	0.001	0.689	0.309
0.001	0.319	0.001	0.679
0.369	0.001	0.629	0.001
0.997	0.001	0.001	0.001
0.009	0.001	0.989	0.001
0.997	0.001	0.001	0.001
0.997	0.001	0.001	0.001
0.001	0.001	0.001	0.997
>TCGGTTCGGTTC	22-TCGGTTCGGTTC	9.470996	-14.800581	0	T:19.0(2.86%),B:279.9(0.68%),P:1e-6	Tpos:46.6,Tstd:25.0,Bpos:190.5,Bstd:239.5,StrandBias:1.2,Multiplicity:1.11
0.058	0.196	0.155	0.591
0.058	0.656	0.143	0.143
0.001	0.065	0.869	0.065
0.076	0.001	0.922	0.001
0.001	0.001	0.147	0.851
0.001	0.076	0.001	0.922
0.001	0.944	0.001	0.054
0.001	0.001	0.791	0.207
0.001	0.076	0.922	0.001
0.058	0.001	0.040	0.901
0.079	0.001	0.001	0.919
0.222	0.726	0.001	0.051
>AACGCCCACAAG	23-AACGCCCACAAG	14.217583	-14.686291	0	T:5.0(0.75%),B:7.0(0.02%),P:1e-6	Tpos:60.0,Tstd:13.7,Bpos:126.0,Bstd:158.9,StrandBias:0.6,Multiplicity:1.00
0.997	0.001	0.001	0.001
0.779	0.001	0.219	0.001
0.185	0.813	0.001	0.001
0.001	0.001	0.997	0.001
0.001	0.813	0.001	0.185
0.001	0.997	0.001	0.001
0.001	0.997	0.001	0.001
0.997	0.001	0.001	0.001
0.001	0.997	0.001	0.001
0.997	0.001	0.001	0.001
0.779	0.219	0.001	0.001
0.001	0.001	0.997	0.001
>CATGATGCGAAA	24-CATGATGCGAAA	11.453767	-13.126231	0	T:7.0(1.05%),B:31.6(0.08%),P:1e-5	Tpos:54.1,Tstd:23.8,Bpos:190.3,Bstd:285.8,StrandBias:1.8,Multiplicity:1.29
0.196	0.802	0.001	0.001
0.791	0.001	0.207	0.001
0.001	0.001	0.001	0.997
0.166	0.001	0.832	0.001
0.802	0.196	0.001	0.001
0.001	0.197	0.166	0.636
0.001	0.001	0.997	0.001
0.196	0.802	0.001	0.001
0.001	0.001	0.791	0.207
0.988	0.001	0.001	0.010
0.802	0.196	0.001	0.001
0.802	0.001	0.001	0.196
>AGAGAGAGAGAG	25-AGAGAGAGAGAG	14.246034	-2.055946	0	T:7.0(1.05%),B:257.6(0.62%),P:1e0	Tpos:47.6,Tstd:21.7,Bpos:147.4,Bstd:191.7,StrandBias:2.3,Multiplicity:2.43
0.890	0.001	0.108	0.001
0.004	0.010	0.985	0.001
0.807	0.001	0.191	0.001
0.001	0.001	0.997	0.001
0.783	0.001	0.204	0.012
0.001	0.001	0.997	0.001
0.890	0.001	0.108	0.001
0.001	0.001	0.992	0.006
0.866	0.001	0.132	0.001
0.001	0.001	0.991	0.007
0.858	0.001	0.127	0.014
0.011	0.001	0.983	0.005
>GTCGAACA	1-GTCGAACA	7.929671	-315.305162	0	T:161.0(24.25%),B:561.3(1.36%),P:1e-136	Tpos:47.1,Tstd:24.4,Bpos:218.9,Bstd:404.7,StrandBias:0.5,Multiplicity:1.00
0.390	0.001	0.608	0.001
0.001	0.001	0.001	0.997
0.001	0.997	0.001	0.001
0.001	0.001	0.997	0.001
0.997	0.001	0.001	0.001
0.997	0.001	0.001	0.001
0.001	0.927	0.001	0.071
0.997	0.001	0.001	0.001
>AAATGCCT	2-AAATGCCT	8.377617	-115.349432	0	T:80.0(12.05%),B:489.2(1.19%),P:1e-50	Tpos:46.4,Tstd:26.7,Bpos:194.5,Bstd:333.0,StrandBias:-0.2,Multiplicity:1.01
0.924	0.001	0.074	0.001
0.997	0.001	0.001	0.001
0.997	0.001	0.001	0.001
0.001	0.001	0.001	0.997
0.001	0.001	0.997	0.001
0.001	0.997	0.001	0.001
0.001	0.913	0.085	0.001
0.001	0.001	0.001	0.997
>AATGTCTG	3-AATGTCTG	9.158779	-106.702882	0	T:65.0(9.79%),B:312.6(0.76%),P:1e-46	Tpos:43.3,Tstd:29.1,Bpos:180.9,Bstd:247.9,StrandBias:-0.8,Multiplicity:1.10
0.997	0.001	0.001	0.001
0.997	0.001	0.001	0.001
0.001	0.001	0.001	0.997
0.001	0.001	0.997	0.001
0.001	0.148	0.001	0.850
0.001	0.997	0.001	0.001
0.001	0.001	0.001	0.997
0.001	0.001	0.997	0.001
>GCACGSMA	4-GCACGSMA	6.566750	-78.243132	0	T:103.0(15.51%),B:1467.7(3.56%),P:1e-33	Tpos:52.6,Tstd:22.4,Bpos:196.9,Bstd:480.1,StrandBias:-0.1,Multiplicity:1.02
0.122	0.001	0.876	0.001
0.001	0.776	0.001	0.222
0.541	0.331	0.127	0.001
0.001	0.997	0.001	0.001
0.394	0.001	0.603	0.002
0.001	0.428	0.417	0.154
0.452	0.416	0.001	0.131
0.705	0.167	0.127	0.001
>TAACAAGG	5-TAACAAGG	10.951664	-22.761088	0	T:19.0(2.86%),B:164.7(0.40%),P:1e-9	Tpos:38.1,Tstd:25.8,Bpos:267.2,Bstd:766.0,StrandBias:0.2,Multiplicity:1.00
0.001	0.001	0.001	0.997
0.997	0.001	0.001	0.001
0.997	0.001	0.001	0.001
0.001	0.997	0.001	0.001
0.997	0.001	0.001	0.001
0.997	0.001	0.001	0.001
0.001	0.001	0.997	0.001
0.001	0.109	0.889	0.001
>ACACCAWG	6-ACACCAWG	8.215699	-19.936732	0	T:38.0(5.72%),B:754.7(1.83%),P:1e-8	Tpos:54.7,Tstd:26.1,Bpos:186.8,Bstd:262.4,StrandBias:0.6,Multiplicity:1.11
0.997	0.001	0.001	0.001
0.032	0.700	0.158	0.110
0.771	0.192	0.036	0.001
0.001	0.638	0.001	0.360
0.127	0.838	0.001	0.034
0.885	0.001	0.030	0.084
0.488	0.059	0.037	0.416
0.084	0.110	0.805	0.001
>CTTAKRCT	7-CTTAKRCT	8.604221	-19.155842	0	T:17.0(2.56%),B:163.0(0.39%),P:1e-8	Tpos:42.3,Tstd:25.5,Bpos:301.5,Bstd:303.3,StrandBias:1.7,Multiplicity:1.00
0.001	0.997	0.001	0.001
0.001	0.127	0.113	0.759
0.001	0.127	0.001	0.871
0.997	0.001	0.001	0.001
0.001	0.001	0.450	0.548
0.548	0.001	0.450	0.001
0.139	0.859	0.001	0.001
0.001	0.181	0.327	0.491
>AGCTTGGT	8-AGCTTGGT	9.136425	-17.208689	0	T:27.0(4.07%),B:466.7(1.13%),P:1e-7	Tpos:62.4,Tstd:28.9,Bpos:199.1,Bstd:226.4,StrandBias:0.8,Multiplicity:1.00
0.997	0.001	0.001	0.001
0.001	0.001	0.997	0.001
0.001	0.814	0.184	0.001
0.001	0.001	0.001	0.997
0.001	0.001	0.065	0.933
0.001	0.001	0.997	0.001
0.001	0.001	0.838	0.160
0.001	0.001	0.001	0.997
>CTACTTAG	9-CTACTTAG	8.236954	-15.572635	0	T:11.0(1.66%),B:78.1(0.19%),P:1e-6	Tpos:39.7,Tstd:27.0,Bpos:300.4,Bstd:322.9,StrandBias:0.8,Multiplicity:1.00
0.100	0.700	0.100	0.100
0.100	0.100	0.100	0.700
0.700	0.100	0.100	0.100
0.100	0.700	0.100	0.100
0.100	0.100	0.100	0.700
0.100	0.100	0.100	0.700
0.700	0.100	0.100	0.100
0.100	0.100	0.700	0.100
>TGGGTATT	10-TGGGTATT	6.914129	-12.229387	0	T:64.0(9.64%),B:2183.2(5.29%),P:1e-5	Tpos:45.6,Tstd:28.2,Bpos:242.4,Bstd:354.4,StrandBias:-0.1,Multiplicity:1.05
0.027	0.001	0.037	0.935
0.001	0.023	0.975	0.001
0.001	0.001	0.920	0.078
0.001	0.020	0.938	0.041
0.079	0.211	0.001	0.709
0.819	0.001	0.054	0.126
0.126	0.001	0.001	0.872
0.093	0.001	0.064	0.842
>GCTCGACG	11-GCTCGACG	10.771707	-11.049669	0	T:13.0(1.96%),B:182.6(0.44%),P:1e-4	Tpos:56.7,Tstd:17.9,Bpos:144.3,Bstd:335.4,StrandBias:0.7,Multiplicity:1.00
0.001	0.113	0.885	0.001
0.001	0.997	0.001	0.001
0.001	0.001	0.001	0.997
0.001	0.962	0.036	0.001
0.001	0.001	0.997	0.001
0.997	0.001	0.001	0.001
0.001	0.867	0.001	0.131
0.001	0.001	0.997	0.001
>AGACTCAT	12-AGACTCAT	8.236954	-9.984711	0	T:14.0(2.11%),B:233.5(0.57%),P:1e-4	Tpos:47.2,Tstd:23.1,Bpos:221.0,Bstd:272.7,StrandBias:1.3,Multiplicity:1.00
0.700	0.100	0.100	0.100
0.100	0.100	0.700	0.100
0.700	0.100	0.100	0.100
0.100	0.700	0.100	0.100
0.100	0.100	0.100	0.700
0.100	0.700	0.100	0.100
0.700	0.100	0.100	0.100
0.100	0.100	0.100	0.700
>CTACGCGT	13-CTACGCGT	6.910101	-9.658424	0	T:27.0(4.07%),B:712.6(1.73%),P:1e-4	Tpos:56.4,Tstd:20.9,Bpos:183.1,Bstd:219.2,StrandBias:-0.4,Multiplicity:1.00
0.209	0.698	0.054	0.039
0.073	0.001	0.039	0.887
0.997	0.001	0.001	0.001
0.001	0.908	0.058	0.033
0.001	0.048	0.898	0.053
0.001	0.997	0.001	0.001
0.040	0.034	0.859	0.067
0.067	0.057	0.069	0.807
>CGCATAAC	14-CGCATAAC	5.228905	-8.057062	0	T:86.0(12.95%),B:3657.6(8.86%),P:1e-3	Tpos:54.7,Tstd:26.0,Bpos:249.1,Bstd:532.7,StrandBias:0.1,Multiplicity:1.04
0.062	0.772	0.085	0.081
0.126	0.054	0.774	0.046
0.027	0.768	0.107	0.098
0.689	0.123	0.125	0.063
0.016	0.062	0.063	0.859
0.692	0.052	0.068	0.188
0.726	0.073	0.031	0.170
0.075	0.732	0.111	0.082
>AACCGGAY	15-AACCGGAY	7.868155	-7.926818	0	T:42.0(6.33%),B:1470.9(3.56%),P:1e-3	Tpos:49.6,Tstd:26.6,Bpos:163.9,Bstd:246.9,StrandBias:0.5,Multiplicity:1.12
0.997	0.001	0.001	0.001
0.997	0.001	0.001	0.001
0.001	0.997	0.001	0.001
0.001	0.997	0.001	0.001
0.001	0.320	0.678	0.001
0.050	0.001	0.948	0.001
0.672	0.001	0.001	0.326
0.060	0.408	0.001	0.531
>CCMAAGTC	16-CCMAAGTC	8.239104	-7.546280	0	T:21.0(3.16%),B:566.4(1.37%),P:1e-3	Tpos:52.9,Tstd:23.0,Bpos:202.0,Bstd:278.2,StrandBias:-1.2,Multiplicity:1.00
0.001	0.997	0.001	0.001
0.001	0.997	0.001	0.001
0.452	0.489	0.001	0.059
0.997	0.001	0.001	0.001
0.997	0.001	0.001	0.001
0.001	0.001	0.997	0.001
0.001	0.001	0.001	0.997
0.001	0.997	0.001	0.001
>GGTDTGNK	17-GGTDTGNK	4.232830	-4.866958	0	T:303.0(45.63%),B:16870.8(40.88%),P:1e-2	Tpos:48.3,Tstd:27.2,Bpos:225.6,Bstd:378.8,StrandBias:0.1,Multiplicity:1.50
0.001	0.001	0.709	0.289
0.099	0.236	0.664	0.001
0.001	0.001	0.234	0.764
0.291	0.001	0.290	0.417
0.152	0.237	0.141	0.470
0.197	0.021	0.519	0.263
0.287	0.215	0.234	0.265
0.144	0.118	0.340	0.399
>AAGCTAGM	18-AAGCTAGM	8.163527	-4.517651	0	T:31.0(4.67%),B:1226.5(2.97%),P:1e-1	Tpos:49.6,Tstd:28.0,Bpos:202.7,Bstd:262.5,StrandBias:1.2,Multiplicity:1.00
0.997	0.001	0.001	0.001
0.792	0.206	0.001	0.001
0.001	0.001	0.997	0.001
0.001	0.888	0.001	0.110
0.197	0.001	0.001	0.801
0.997	0.001	0.001	0.001
0.001	0.001	0.997	0.001
0.414	0.370	0.216	0.001
>HHARVCCC	19-HHARVCCC	5.109396	-1.391475	0	T:36.0(5.42%),B:1977.1(4.79%),P:1e0	Tpos:45.7,Tstd:25.1,Bpos:201.5,Bstd:320.9,StrandBias:-1.1,Multiplicity:1.06
0.405	0.338	0.001	0.257
0.387	0.345	0.012	0.257
0.478	0.187	0.093	0.242
0.356	0.189	0.293	0.162
0.357	0.365	0.277	0.001
0.001	0.997	0.001	0.001
0.056	0.776	0.155	0.013
0.265	0.442	0.291	0.001
>AAAACCTC	20-AAAACCTC	7.816061	-1.378827	0	T:16.0(2.41%),B:819.0(1.98%),P:1e0	Tpos:49.2,Tstd:29.7,Bpos:183.3,Bstd:242.5,StrandBias:-1.1,Multiplicity:1.14
0.676	0.001	0.001	0.322
0.997	0.001	0.001	0.001
0.941	0.001	0.001	0.057
0.997	0.001	0.001	0.001
0.001	0.997	0.001	0.001
0.001	0.997	0.001	0.001
0.001	0.001	0.001	0.997
0.001	0.997	0.001	0.001
>TCTCTCTC	21-TCTCTCTC	10.390342	-0.614577	0	T:26.0(3.92%),B:1626.6(3.94%),P:1e0	Tpos:47.0,Tstd:24.3,Bpos:163.9,Bstd:258.8,StrandBias:-1.1,Multiplicity:1.38
0.001	0.142	0.001	0.856
0.001	0.997	0.001	0.001
0.001	0.126	0.001	0.872
0.001	0.997	0.001	0.001
0.001	0.146	0.001	0.852
0.001	0.997	0.001	0.001
0.030	0.137	0.001	0.832
0.001	0.947	0.051	0.001
>AGAGAGAG	22-AGAGAGAG	8.236954	-0.225586	0	T:20.0(3.01%),B:1463.1(3.55%),P:1e0	Tpos:72.2,Tstd:31.1,Bpos:166.8,Bstd:194.5,StrandBias:1.6,Multiplicity:1.00
0.700	0.100	0.100	0.100
0.100	0.100	0.700	0.100
0.700	0.100	0.100	0.100
0.100	0.100	0.700	0.100
0.700	0.100	0.100	0.100
0.100	0.100	0.700	0.100
0.700	0.100	0.100	0.100
0.100	0.100	0.700	0.100
