>TTTCGTCGAACA	1-TTTCGTCGAACA	10.050997	-540.423131	0	T:154.0(23.19%),B:55.3(0.13%),P:1e-234	Tpos:46.6,Tstd:24.1,Bpos:187.5,Bstd:226.2,StrandBias:0.5,Multiplicity:1.00
0.044	0.001	0.001	0.954
0.030	0.001	0.001	0.968
0.010	0.010	0.010	0.970
0.001	0.934	0.008	0.057
0.298	0.031	0.662	0.009
0.001	0.009	0.001	0.989
0.001	0.997	0.001	0.001
0.037	0.001	0.961	0.001
0.989	0.001	0.001	0.009
0.937	0.001	0.061	0.001
0.001	0.997	0.001	0.001
0.997	0.001	0.001	0.001
>CTCTCTCAGGCA	2-CTCTCTCAGGCA	10.523633	-207.901024	0	T:69.0(10.39%),B:55.8(0.14%),P:1e-90	Tpos:44.8,Tstd:27.8,Bpos:177.8,Bstd:245.2,StrandBias:0.7,Multiplicity:1.00
0.001	0.614	0.001	0.384
0.041	0.041	0.001	0.917
0.001	0.997	0.001	0.001
0.082	0.001	0.127	0.790
0.114	0.510	0.083	0.293
0.205	0.001	0.001	0.793
0.001	0.648	0.320	0.031
0.997	0.001	0.001	0.001
0.034	0.083	0.882	0.001
0.186	0.001	0.812	0.001
0.040	0.958	0.001	0.001
0.997	0.001	0.001	0.001
>TGTTCGATAKAA	3-TGTTCGATAKAA	10.888360	-203.253002	0	T:74.0(11.14%),B:88.8(0.22%),P:1e-88	Tpos:57.2,Tstd:25.5,Bpos:323.9,Bstd:365.0,StrandBias:-0.3,Multiplicity:1.00
0.001	0.110	0.001	0.888
0.001	0.001	0.997	0.001
0.001	0.093	0.001	0.905
0.093	0.001	0.001	0.905
0.001	0.814	0.001	0.184
0.001	0.160	0.838	0.001
0.997	0.001	0.001	0.001
0.001	0.113	0.182	0.704
0.664	0.003	0.111	0.222
0.205	0.114	0.407	0.275
0.903	0.001	0.094	0.002
0.997	0.001	0.001	0.001
>TCGAACACTTGG	4-TCGAACACTTGG	12.335238	-154.315131	0	T:46.0(6.93%),B:20.0(0.05%),P:1e-67	Tpos:42.0,Tstd:21.6,Bpos:176.9,Bstd:225.3,StrandBias:1.2,Multiplicity:1.00
0.210	0.210	0.001	0.579
0.001	0.821	0.001	0.177
0.001	0.001	0.997	0.001
0.997	0.001	0.001	0.001
0.997	0.001	0.001	0.001
0.001	0.997	0.001	0.001
0.997	0.001	0.001	0.001
0.001	0.549	0.230	0.220
0.001	0.001	0.196	0.802
0.001	0.001	0.001	0.997
0.001	0.144	0.854	0.001
0.001	0.209	0.789	0.001
>CYTTGYGTGCAT	5-CYTTGYGTGCAT	8.910803	-129.755011	0	T:69.0(10.39%),B:249.9(0.61%),P:1e-56	Tpos:54.1,Tstd:21.1,Bpos:220.9,Bstd:364.6,StrandBias:0.5,Multiplicity:1.03
0.113	0.526	0.282	0.079
0.025	0.475	0.029	0.471
0.001	0.001	0.001	0.997
0.001	0.001	0.188	0.810
0.223	0.196	0.580	0.001
0.001	0.450	0.001	0.548
0.054	0.133	0.812	0.001
0.083	0.001	0.087	0.829
0.001	0.001	0.997	0.001
0.054	0.895	0.022	0.029
0.858	0.001	0.140	0.001
0.001	0.241	0.116	0.642
>TCGAATATGACT	6-TCGAATATGACT	13.400852	-70.937943	0	T:20.0(3.01%),B:6.2(0.02%),P:1e-30	Tpos:56.4,Tstd:22.5,Bpos:579.7,Bstd:346.4,StrandBias:-0.6,Multiplicity:1.00
0.001	0.057	0.001	0.941
0.001	0.997	0.001	0.001
0.101	0.001	0.897	0.001
0.997	0.001	0.001	0.001
0.997	0.001	0.001	0.001
0.001	0.001	0.001	0.997
0.997	0.001	0.001	0.001
0.001	0.001	0.001	0.997
0.057	0.001	0.941	0.001
0.941	0.057	0.001	0.001
0.001	0.941	0.001	0.057
0.057	0.001	0.001	0.941
>TCATACACATGA	7-TCATACACATGA	13.664336	-57.457287	0	T:15.0(2.26%),B:2.8(0.01%),P:1e-24	Tpos:58.7,Tstd:22.3,Bpos:869.4,Bstd:427.0,StrandBias:1.0,Multiplicity:1.00
0.001	0.001	0.001	0.997
0.001	0.946	0.001	0.052
0.997	0.001	0.001	0.001
0.052	0.001	0.001	0.946
0.936	0.001	0.001	0.062
0.001	0.997	0.001	0.001
0.997	0.001	0.001	0.001
0.001	0.997	0.001	0.001
0.997	0.001	0.001	0.001
0.001	0.001	0.001	0.997
0.001	0.052	0.946	0.001
0.997	0.001	0.001	0.001
>GCTACACCATGA	8-GCTACACCATGA	13.323025	-55.680147	0	T:15.0(2.26%),B:3.9(0.01%),P:1e-24	Tpos:53.7,Tstd:26.7,Bpos:449.1,Bstd:180.6,StrandBias:1.0,Multiplicity:1.00
0.001	0.067	0.875	0.057
0.067	0.799	0.067	0.067
0.001	0.001	0.001	0.997
0.997	0.001	0.001	0.001
0.001	0.997	0.001	0.001
0.932	0.001	0.066	0.001
0.066	0.932	0.001	0.001
0.001	0.997	0.001	0.001
0.997	0.001	0.001	0.001
0.001	0.001	0.001	0.997
0.067	0.001	0.865	0.067
0.997	0.001	0.001	0.001
>GTYTAACAAGGA	9-GTYTAACAAGGA	11.610274	-54.360389	0	T:19.0(2.86%),B:20.9(0.05%),P:1e-23	Tpos:37.8,Tstd:26.6,Bpos:376.6,Bstd:349.9,StrandBias:-0.5,Multiplicity:1.00
0.005	0.001	0.594	0.400
0.001	0.056	0.001	0.942
0.002	0.476	0.001	0.521
0.001	0.136	0.125	0.738
0.681	0.124	0.069	0.126
0.876	0.067	0.001	0.056
0.057	0.874	0.067	0.002
0.809	0.067	0.057	0.067
0.997	0.001	0.001	0.001
0.357	0.067	0.575	0.001
0.001	0.350	0.648	0.001
0.863	0.001	0.001	0.135
>TGAGAAGCAAGA	10-TGAGAAGCAAGA	13.570679	-53.571286	0	T:18.0(2.71%),B:16.3(0.04%),P:1e-23	Tpos:50.4,Tstd:26.0,Bpos:388.0,Bstd:372.6,StrandBias:1.0,Multiplicity:1.00
0.001	0.001	0.001	0.997
0.071	0.001	0.927	0.001
0.997	0.001	0.001	0.001
0.001	0.001	0.997	0.001
0.997	0.001	0.001	0.001
0.938	0.001	0.001	0.060
0.001	0.001	0.997	0.001
0.001	0.927	0.001	0.071
0.927	0.001	0.001	0.071
0.997	0.001	0.001	0.001
0.001	0.001	0.997	0.001
0.997	0.001	0.001	0.001
>AGTATAAGAACT	11-AGTATAAGAACT	13.319556	-52.268265	0	T:17.0(2.56%),B:13.7(0.03%),P:1e-22	Tpos:49.8,Tstd:30.3,Bpos:417.3,Bstd:316.3,StrandBias:-0.5,Multiplicity:1.00
0.997	0.001	0.001	0.001
0.001	0.001	0.997	0.001
0.001	0.001	0.001	0.997
0.919	0.079	0.001	0.001
0.001	0.079	0.001	0.919
0.997	0.001	0.001	0.001
0.919	0.001	0.079	0.001
0.080	0.080	0.839	0.001
0.997	0.001	0.001	0.001
0.919	0.001	0.079	0.001
0.001	0.919	0.001	0.079
0.001	0.067	0.001	0.931
>GCTTGGTTAGTG	12-GCTTGGTTAGTG	9.089432	-51.967067	0	T:19.0(2.86%),B:24.4(0.06%),P:1e-22	Tpos:56.8,Tstd:24.1,Bpos:459.8,Bstd:394.3,StrandBias:0.5,Multiplicity:1.00
0.008	0.001	0.990	0.001
0.001	0.929	0.069	0.001
0.001	0.001	0.001	0.997
0.001	0.008	0.001	0.990
0.001	0.001	0.997	0.001
0.001	0.001	0.997	0.001
0.001	0.001	0.001	0.997
0.001	0.001	0.001	0.997
0.997	0.001	0.001	0.001
0.008	0.001	0.990	0.001
0.001	0.001	0.001	0.997
0.001	0.001	0.997	0.001
>GCCAAAGACTCA	13-GCCAAAGACTCA	13.388509	-47.696442	0	T:14.0(2.11%),B:6.4(0.02%),P:1e-20	Tpos:48.9,Tstd:20.7,Bpos:498.9,Bstd:426.3,StrandBias:1.3,Multiplicity:1.00
0.001	0.001	0.935	0.063
0.001	0.997	0.001	0.001
0.001	0.997	0.001	0.001
0.923	0.001	0.001	0.075
0.923	0.001	0.001	0.075
0.997	0.001	0.001	0.001
0.001	0.001	0.997	0.001
0.997	0.001	0.001	0.001
0.057	0.866	0.076	0.001
0.001	0.001	0.075	0.923
0.001	0.923	0.001	0.075
0.997	0.001	0.001	0.001
>TNACGTAAGGTG	14-TNACGTAAGGTG	8.804463	-39.437771	0	T:30.0(4.52%),B:217.1(0.53%),P:1e-17	Tpos:44.6,Tstd:24.8,Bpos:221.2,Bstd:490.4,StrandBias:0.0,Multiplicity:1.00
0.187	0.094	0.267	0.452
0.181	0.291	0.257	0.271
0.721	0.001	0.001	0.277
0.001	0.996	0.001	0.002
0.271	0.184	0.544	0.001
0.001	0.003	0.006	0.990
0.458	0.187	0.257	0.097
0.997	0.001	0.001	0.001
0.170	0.001	0.739	0.090
0.184	0.001	0.718	0.097
0.090	0.001	0.090	0.819
0.089	0.001	0.909	0.001
>ACAAACACCTGG	15-ACAAACACCTGG	11.367945	-33.891136	0	T:14.0(2.11%),B:28.6(0.07%),P:1e-14	Tpos:46.7,Tstd:25.1,Bpos:152.0,Bstd:153.7,StrandBias:0.7,Multiplicity:1.00
0.818	0.089	0.092	0.001
0.001	0.997	0.001	0.001
0.833	0.165	0.001	0.001
0.997	0.001	0.001	0.001
0.669	0.076	0.179	0.076
0.001	0.997	0.001	0.001
0.819	0.179	0.001	0.001
0.076	0.710	0.152	0.062
0.214	0.623	0.065	0.098
0.001	0.001	0.001	0.997
0.001	0.001	0.819	0.179
0.182	0.001	0.728	0.089
>ACTACTTAGGCT	16-ACTACTTAGGCT	12.355432	-32.012785	0	T:9.0(1.36%),B:3.5(0.01%),P:1e-13	Tpos:45.2,Tstd:26.5,Bpos:673.1,Bstd:366.7,StrandBias:0.3,Multiplicity:1.00
0.700	0.100	0.100	0.100
0.100	0.700	0.100	0.100
0.100	0.100	0.100	0.700
0.700	0.100	0.100	0.100
0.100	0.700	0.100	0.100
0.100	0.100	0.100	0.700
0.100	0.100	0.100	0.700
0.700	0.100	0.100	0.100
0.100	0.100	0.700	0.100
0.100	0.100	0.700	0.100
0.100	0.700	0.100	0.100
0.100	0.100	0.100	0.700
>CTGGTTCAGGMA	17-CTGGTTCAGGMA	11.847100	-27.950965	0	T:13.0(1.96%),B:37.3(0.09%),P:1e-12	Tpos:49.9,Tstd:33.7,Bpos:247.5,Bstd:516.8,StrandBias:0.7,Multiplicity:1.00
0.001	0.709	0.001	0.289
0.001	0.001	0.001	0.997
0.001	0.001	0.997	0.001
0.001	0.001	0.997	0.001
0.001	0.138	0.138	0.723
0.001	0.001	0.001	0.997
0.001	0.703	0.138	0.158
0.997	0.001	0.001	0.001
0.001	0.001	0.997	0.001
0.277	0.001	0.584	0.138
0.441	0.415	0.143	0.001
0.997	0.001	0.001	0.001
>AGATCCGGTTGC	18-AGATCCGGTTGC	11.025880	-27.131112	0	T:13.0(1.96%),B:40.2(0.10%),P:1e-11	Tpos:47.0,Tstd:26.2,Bpos:240.3,Bstd:418.0,StrandBias:-0.4,Multiplicity:1.08
0.744	0.148	0.001	0.107
0.148	0.148	0.703	0.001
0.997	0.001	0.001	0.001
0.001	0.101	0.001	0.897
0.001	0.726	0.272	0.001
0.001	0.717	0.157	0.125
0.004	0.001	0.994	0.001
0.148	0.001	0.846	0.005
0.001	0.001	0.001	0.997
0.001	0.001	0.147	0.851
0.001	0.001	0.997	0.001
0.295	0.552	0.001	0.152
>TCCAAGAAACAA	19-TCCAAGAAACAA	12.310056	-27.131112	0	T:13.0(1.96%),B:40.1(0.10%),P:1e-11	Tpos:48.7,Tstd:34.1,Bpos:219.6,Bstd:318.3,StrandBias:0.2,Multiplicity:1.00
0.079	0.001	0.001	0.919
0.001	0.997	0.001	0.001
0.001	0.997	0.001	0.001
0.997	0.001	0.001	0.001
0.739	0.141	0.001	0.119
0.001	0.001	0.997	0.001
0.774	0.106	0.001	0.119
0.997	0.001	0.001	0.001
0.997	0.001	0.001	0.001
0.001	0.997	0.001	0.001
0.812	0.186	0.001	0.001
0.858	0.001	0.140	0.001
>ACATTTCGCATA	20-ACATTTCGCATA	11.683422	-26.737132	0	T:10.0(1.51%),B:15.6(0.04%),P:1e-11	Tpos:56.3,Tstd:27.3,Bpos:470.6,Bstd:588.0,StrandBias:0.0,Multiplicity:1.00
0.841	0.079	0.079	0.001
0.160	0.760	0.001	0.079
0.920	0.078	0.001	0.001
0.001	0.078	0.001	0.920
0.078	0.001	0.001	0.920
0.078	0.001	0.001	0.920
0.138	0.716	0.079	0.067
0.133	0.221	0.645	0.001
0.082	0.838	0.079	0.001
0.841	0.157	0.001	0.001
0.066	0.001	0.079	0.854
0.841	0.079	0.001	0.079
>GGGCGTGAGAAT	21-GGGCGTGAGAAT	10.888937	-24.981347	0	T:10.0(1.51%),B:19.8(0.05%),P:1e-10	Tpos:37.7,Tstd:30.0,Bpos:225.9,Bstd:342.6,StrandBias:0.0,Multiplicity:1.00
0.040	0.010	0.630	0.320
0.001	0.309	0.689	0.001
0.001	0.001	0.997	0.001
0.001	0.689	0.309	0.001
0.001	0.001	0.689	0.309
0.001	0.319	0.001	0.679
0.369	0.001	0.629	0.001
0.997	0.001	0.001	0.001
0.009	0.001	0.989	0.001
0.997	0.001	0.001	0.001
0.997	0.001	0.001	0.001
0.001	0.001	0.001	0.997
>TCGGTTCGGTTC	22-TCGGTTCGGTTC	9.470996	-14.800581	0	T:19.0(2.86%),B:279.9(0.68%),P:1e-6	Tpos:46.6,Tstd:25.0,Bpos:190.5,Bstd:239.5,StrandBias:1.2,Multiplicity:1.11
0.058	0.196	0.155	0.591
0.058	0.656	0.143	0.143
0.001	0.065	0.869	0.065
0.076	0.001	0.922	0.001
0.001	0.001	0.147	0.851
0.001	0.076	0.001	0.922
0.001	0.944	0.001	0.054
0.001	0.001	0.791	0.207
0.001	0.076	0.922	0.001
0.058	0.001	0.040	0.901
0.079	0.001	0.001	0.919
0.222	0.726	0.001	0.051
>AACGCCCACAAG	23-AACGCCCACAAG	14.217583	-14.686291	0	T:5.0(0.75%),B:7.0(0.02%),P:1e-6	Tpos:60.0,Tstd:13.7,Bpos:126.0,Bstd:158.9,StrandBias:0.6,Multiplicity:1.00
0.997	0.001	0.001	0.001
0.779	0.001	0.219	0.001
0.185	0.813	0.001	0.001
0.001	0.001	0.997	0.001
0.001	0.813	0.001	0.185
0.001	0.997	0.001	0.001
0.001	0.997	0.001	0.001
0.997	0.001	0.001	0.001
0.001	0.997	0.001	0.001
0.997	0.001	0.001	0.001
0.779	0.219	0.001	0.001
0.001	0.001	0.997	0.001
>CATGATGCGAAA	24-CATGATGCGAAA	11.453767	-13.126231	0	T:7.0(1.05%),B:31.6(0.08%),P:1e-5	Tpos:54.1,Tstd:23.8,Bpos:190.3,Bstd:285.8,StrandBias:1.8,Multiplicity:1.29
0.196	0.802	0.001	0.001
0.791	0.001	0.207	0.001
0.001	0.001	0.001	0.997
0.166	0.001	0.832	0.001
0.802	0.196	0.001	0.001
0.001	0.197	0.166	0.636
0.001	0.001	0.997	0.001
0.196	0.802	0.001	0.001
0.001	0.001	0.791	0.207
0.988	0.001	0.001	0.010
0.802	0.196	0.001	0.001
0.802	0.001	0.001	0.196
>AGAGAGAGAGAG	25-AGAGAGAGAGAG	14.246034	-2.055946	0	T:7.0(1.05%),B:257.6(0.62%),P:1e0	Tpos:47.6,Tstd:21.7,Bpos:147.4,Bstd:191.7,StrandBias:2.3,Multiplicity:2.43
0.890	0.001	0.108	0.001
0.004	0.010	0.985	0.001
0.807	0.001	0.191	0.001
0.001	0.001	0.997	0.001
0.783	0.001	0.204	0.012
0.001	0.001	0.997	0.001
0.890	0.001	0.108	0.001
0.001	0.001	0.992	0.006
0.866	0.001	0.132	0.001
0.001	0.001	0.991	0.007
0.858	0.001	0.127	0.014
0.011	0.001	0.983	0.005
