>CTCCCCGGCGCG	2-CTCCCCGGCGCG,BestGuess:NHP10/MA0344.1/Jaspar(0.809)	11.335931	-7.358533	0	T:8.0(2.05%),B:269.3(0.47%),P:1e-3
0.055	0.759	0.109	0.077
0.093	0.110	0.095	0.702
0.030	0.768	0.139	0.063
0.029	0.863	0.044	0.064
0.053	0.758	0.114	0.075
0.030	0.718	0.174	0.078
0.091	0.102	0.764	0.043
0.054	0.147	0.773	0.026
0.082	0.775	0.117	0.026
0.065	0.133	0.715	0.087
0.080	0.749	0.125	0.046
0.143	0.096	0.655	0.106
