>SGGGGAGGAAAR	17-SGGGGAGGAAAR,BestGuess:ZNF263/MA0528.2/Jaspar(0.800)	10.938751	-1.418602	0	T:1.0(0.26%),B:40.0(0.07%),P:1e0
0.048	0.522	0.429	0.001
0.235	0.149	0.574	0.042
0.222	0.062	0.648	0.068
0.055	0.184	0.719	0.042
0.062	0.041	0.896	0.001
0.627	0.083	0.132	0.158
0.134	0.083	0.615	0.168
0.119	0.310	0.570	0.001
0.805	0.001	0.193	0.001
0.684	0.041	0.274	0.001
0.658	0.017	0.283	0.042
0.337	0.199	0.360	0.104
