>CGCGTTCGCGCG	12-CGCGTTCGCGCG,BestGuess:SeqBias: CG-repeat(0.743)	9.702447	-2.475700	0	T:1.0(0.26%),B:12.9(0.02%),P:1e-1
0.001	0.452	0.287	0.260
0.137	0.287	0.452	0.123
0.001	0.589	0.178	0.232
0.001	0.109	0.877	0.013
0.137	0.192	0.246	0.425
0.001	0.219	0.219	0.561
0.001	0.740	0.013	0.246
0.001	0.274	0.684	0.041
0.014	0.630	0.274	0.082
0.001	0.232	0.766	0.001
0.109	0.671	0.219	0.001
0.246	0.178	0.411	0.164
