>CGCKTKCGGCCG	22-CGCKTKCGGCCG,BestGuess:RDS1/MA0361.1/Jaspar(0.757)	7.690953	-0.618879	0	T:33.0(8.44%),B:4892.9(8.48%),P:1e0
0.001	0.731	0.267	0.001
0.001	0.147	0.738	0.114
0.152	0.508	0.025	0.315
0.159	0.184	0.362	0.295
0.138	0.136	0.254	0.472
0.001	0.113	0.440	0.446
0.001	0.708	0.215	0.076
0.177	0.084	0.588	0.151
0.001	0.140	0.745	0.114
0.114	0.675	0.210	0.001
0.066	0.576	0.282	0.076
0.001	0.182	0.816	0.001
