# universalmotif version 1.16.0

---
name: motif_refined_starved_50
alphabet: DNA
type: PPM
icscore: 9.2599999999999997868372
nsites: 86
pseudocount: 0.3333333333333333148296
bkg:
  A: 0.2856602519965287800829
  AA: 0.0921065956232380300683
  AC: 0.0505694230625429938519
  AG: 0.0717884491420850007204
  AT: 0.0712014850579675145914
  C: 0.2138880414880616198658
  CA: 0.073603320599594207474
  CC: 0.0568245042557005211603
  CG: 0.0115561369746991059876
  CT: 0.0718952565151840111701
  G: 0.2141303788709418287617
  GA: 0.0600080170254320421908
  GC: 0.0464661632476187774765
  GG: 0.0569482048930810558218
  GT: 0.0507033532443075182772
  T: 0.2863213276444677712895
  TA: 0.0599547584993621110461
  TC: 0.0600278886412003304107
  TG: 0.0738151831734152746867
  TT: 0.0925312600445715033315
consensus: ATCCYATGTGAG
strand: +-
motif:
- 6.977e-01 1.628e-01 9.302e-02 4.651e-02
- 8.140e-02 1.047e-01 1.860e-01 6.279e-01
- 1.512e-01 7.209e-01 8.140e-02 4.651e-02
- 1.047e-01 7.093e-01 6.977e-02 1.163e-01
- 1.395e-01 3.721e-01 5.814e-02 4.302e-01
- 6.977e-01 1.628e-01 9.302e-02 4.651e-02
- 9.302e-02 2.209e-01 1.279e-01 5.581e-01
- 2.326e-02 1.047e-01 8.488e-01 2.326e-02
- 8.140e-02 3.488e-02 1.047e-01 7.791e-01
- 1.163e-02 9.302e-02 8.721e-01 2.326e-02
- 7.791e-01 4.651e-02 1.163e-01 5.814e-02
- 4.651e-02 1.512e-01 7.674e-01 3.488e-02

