# universalmotif version 1.16.0

---
name: motif_refined_starved_100
alphabet: DNA
type: PPM
icscore: 8.6600000000000001421085
nsites: 170
pseudocount: 0.3333333333333333148296
bkg:
  A: 0.2856602519965287800829
  AA: 0.0921065956232380300683
  AC: 0.0505694230625429938519
  AG: 0.0717884491420850007204
  AT: 0.0712014850579675145914
  C: 0.2138880414880616198658
  CA: 0.073603320599594207474
  CC: 0.0568245042557005211603
  CG: 0.0115561369746991059876
  CT: 0.0718952565151840111701
  G: 0.2141303788709418287617
  GA: 0.0600080170254320421908
  GC: 0.0464661632476187774765
  GG: 0.0569482048930810558218
  GT: 0.0507033532443075182772
  T: 0.2863213276444677712895
  TA: 0.0599547584993621110461
  TC: 0.0600278886412003304107
  TG: 0.0738151831734152746867
  TT: 0.0925312600445715033315
consensus: AYTTGTGGYAGT
strand: +-
motif:
- 6.882e-01 1.294e-01 8.824e-02 9.412e-02
- 6.471e-02 2.882e-01 1.412e-01 5.059e-01
- 3.529e-02 1.000e-01 5.882e-02 8.059e-01
- 3.529e-02 5.294e-02 1.353e-01 7.765e-01
- 1.765e-02 1.529e-01 7.824e-01 4.706e-02
- 1.235e-01 2.941e-02 1.588e-01 6.882e-01
- 4.118e-02 3.529e-02 8.235e-01 1.000e-01
- 2.000e-01 7.059e-02 6.941e-01 3.529e-02
- 1.176e-01 4.000e-01 7.059e-02 4.118e-01
- 7.588e-01 5.882e-02 8.824e-02 9.412e-02
- 1.118e-01 9.412e-02 7.588e-01 3.529e-02
- 5.294e-02 2.353e-01 1.412e-01 5.706e-01

