# universalmotif version 1.16.0

---
name: motif_refined_starved_raw
alphabet: DNA
type: PPM
icscore: 9.3100000000000004973799
nsites: 101
pseudocount: 0.3333333333333333148296
bkg:
  A: 0.2856602519965287800829
  AA: 0.0921065956232380300683
  AC: 0.0505694230625429938519
  AG: 0.0717884491420850007204
  AT: 0.0712014850579675145914
  C: 0.2138880414880616198658
  CA: 0.073603320599594207474
  CC: 0.0568245042557005211603
  CG: 0.0115561369746991059876
  CT: 0.0718952565151840111701
  G: 0.2141303788709418287617
  GA: 0.0600080170254320421908
  GC: 0.0464661632476187774765
  GG: 0.0569482048930810558218
  GT: 0.0507033532443075182772
  T: 0.2863213276444677712895
  TA: 0.0599547584993621110461
  TC: 0.0600278886412003304107
  TG: 0.0738151831734152746867
  TT: 0.0925312600445715033315
consensus: TGYATAAYTTGT
strand: +-
motif:
- 2.970e-02 5.941e-02 7.921e-02 8.317e-01
- 3.960e-02 1.089e-01 7.030e-01 1.485e-01
- 8.911e-02 5.842e-01 3.960e-02 2.871e-01
- 7.228e-01 7.921e-02 5.941e-02 1.386e-01
- 1.089e-01 7.921e-02 7.921e-02 7.327e-01
- 7.030e-01 4.950e-02 1.089e-01 1.386e-01
- 7.624e-01 5.941e-02 1.089e-01 6.931e-02
- 7.921e-02 3.069e-01 4.950e-02 5.644e-01
- 6.931e-02 4.950e-02 3.960e-02 8.416e-01
- 2.970e-02 4.950e-02 7.921e-02 8.416e-01
- 7.921e-02 1.287e-01 6.337e-01 1.584e-01
- 7.921e-02 6.931e-02 7.921e-02 7.723e-01

