# universalmotif version 1.16.0

---
name: motif_refined_starved_25
alphabet: DNA
type: PPM
icscore: 8.4700000000000006394885
nsites: 95
pseudocount: 0.3333333333333333148296
bkg:
  A: 0.2856602519965287800829
  AA: 0.0921065956232380300683
  AC: 0.0505694230625429938519
  AG: 0.0717884491420850007204
  AT: 0.0712014850579675145914
  C: 0.2138880414880616198658
  CA: 0.073603320599594207474
  CC: 0.0568245042557005211603
  CG: 0.0115561369746991059876
  CT: 0.0718952565151840111701
  G: 0.2141303788709418287617
  GA: 0.0600080170254320421908
  GC: 0.0464661632476187774765
  GG: 0.0569482048930810558218
  GT: 0.0507033532443075182772
  T: 0.2863213276444677712895
  TA: 0.0599547584993621110461
  TC: 0.0600278886412003304107
  TG: 0.0738151831734152746867
  TT: 0.0925312600445715033315
consensus: TGVRKGCWKSNY
strand: +-
motif:
- 4.211e-02 2.105e-02 5.263e-02 8.842e-01
- 1.053e-02 3.158e-02 9.474e-01 1.053e-02
- 3.053e-01 3.895e-01 3.053e-01 0.000e+00
- 6.316e-01 7.368e-02 2.947e-01 0.000e+00
- 4.211e-02 1.053e-02 6.105e-01 3.368e-01
- 1.895e-01 6.316e-02 6.632e-01 8.421e-02
- 1.579e-01 6.316e-01 2.105e-02 1.895e-01
- 3.474e-01 4.211e-02 3.158e-02 5.789e-01
- 1.895e-01 3.158e-02 2.842e-01 4.947e-01
- 5.263e-02 5.368e-01 3.684e-01 4.211e-02
- 1.684e-01 3.474e-01 3.368e-01 1.474e-01
- 4.211e-02 4.000e-01 4.211e-02 5.158e-01

