>TACGTGAGGTGT	24-ACACCTCACGTA	8.880524	-20.087471	0	T:6.0(1.95%),B:12.1(0.03%),P:1e-8
0.120	0.120	0.077	0.683
0.654	0.104	0.085	0.157
0.153	0.596	0.131	0.120
0.130	0.130	0.628	0.112
0.102	0.073	0.093	0.732
0.105	0.059	0.702	0.134
0.679	0.097	0.084	0.140
0.150	0.113	0.626	0.111
0.147	0.084	0.626	0.143
0.146	0.064	0.062	0.728
0.102	0.152	0.602	0.144
0.112	0.067	0.076	0.745
