>CATACCCAYTAA	22-CATACCCAYTAA	8.508113	-26.193428	0	T:26.0(8.44%),B:662.0(1.51%),P:1e-11
0.043	0.724	0.091	0.142
0.902	0.044	0.053	0.001
0.171	0.001	0.001	0.827
0.790	0.001	0.088	0.121
0.140	0.571	0.001	0.288
0.096	0.702	0.104	0.098
0.052	0.851	0.001	0.096
0.851	0.052	0.001	0.096
0.139	0.482	0.044	0.336
0.001	0.319	0.001	0.679
0.843	0.104	0.001	0.052
0.739	0.001	0.104	0.156
