>ACCCAGAAATCA	19-TGATTTCTGGGT	9.812466	-57.723892	0	T:36.0(5.42%),B:185.8(0.44%),P:1e-25
0.885	0.001	0.062	0.052
0.225	0.671	0.001	0.103
0.034	0.875	0.090	0.001
0.056	0.882	0.028	0.034
0.929	0.001	0.001	0.069
0.091	0.098	0.742	0.069
0.768	0.127	0.001	0.104
0.804	0.001	0.069	0.126
0.878	0.001	0.062	0.059
0.001	0.229	0.063	0.707
0.001	0.965	0.001	0.033
0.903	0.062	0.001	0.034
