>GTTTGTTAAAAT	18-GTTTGTTAAAAT	9.293803	-60.612199	0	T:62.0(9.34%),B:672.6(1.61%),P:1e-26
0.164	0.029	0.772	0.035
0.049	0.092	0.001	0.858
0.001	0.069	0.001	0.929
0.028	0.001	0.069	0.902
0.123	0.035	0.693	0.149
0.182	0.070	0.035	0.713
0.057	0.060	0.053	0.830
0.754	0.049	0.080	0.117
0.964	0.001	0.034	0.001
0.873	0.001	0.028	0.098
0.848	0.001	0.069	0.082
0.098	0.001	0.028	0.873
