>CAGAGGCCVTKT	12-CAGAGGCCVTKT,BestGuess:SKN7/MA0381.1/Jaspar(0.652)	9.312739	-0.073260	0	T:2.0(0.18%),B:294.5(0.39%),P:1e0
0.154	0.712	0.096	0.038
0.561	0.344	0.077	0.018
0.248	0.115	0.636	0.001
0.540	0.307	0.152	0.001
0.154	0.111	0.697	0.038
0.001	0.271	0.613	0.115
0.001	0.766	0.157	0.076
0.158	0.649	0.192	0.001
0.229	0.347	0.309	0.115
0.098	0.001	0.339	0.562
0.191	0.001	0.365	0.443
0.155	0.213	0.072	0.560
