>YWCTCCYGGGMG	11-YWCTCCYGGGMG,BestGuess:SRSF2(RRM)/Homo_sapiens-RNCMPT00072-PBM/HughesRNA(0.745)	9.090191	-0.087895	0	T:6.0(0.55%),B:652.3(0.87%),P:1e0
0.040	0.495	0.106	0.359
0.308	0.124	0.146	0.422
0.063	0.684	0.127	0.126
0.103	0.131	0.076	0.690
0.042	0.733	0.126	0.099
0.044	0.804	0.063	0.089
0.079	0.403	0.064	0.455
0.119	0.136	0.628	0.117
0.337	0.083	0.525	0.055
0.093	0.170	0.672	0.065
0.439	0.399	0.080	0.082
0.101	0.170	0.605	0.124
