>MGCGAGCGAGCR	3-MGCGAGCGAGCR,BestGuess:Clamp/MA1700.1/Jaspar(0.736)	9.701476	-1.254089	0	T:1.0(0.09%),B:22.5(0.03%),P:1e0
0.304	0.363	0.204	0.129
0.104	0.104	0.648	0.144
0.052	0.814	0.108	0.026
0.089	0.145	0.739	0.027
0.531	0.219	0.182	0.068
0.115	0.270	0.487	0.129
0.052	0.649	0.170	0.129
0.052	0.066	0.778	0.104
0.481	0.233	0.131	0.155
0.207	0.066	0.546	0.181
0.155	0.664	0.103	0.078
0.361	0.195	0.289	0.155
