>AGGGGACTCCTT	2-AGGGGACTCCTT,BestGuess:PB0203.1_Zfp691_2/Jaspar(0.766)	11.730906	-1.687808	0	T:1.0(0.09%),B:13.2(0.02%),P:1e0
0.637	0.103	0.132	0.128
0.072	0.075	0.778	0.075
0.155	0.094	0.645	0.106
0.096	0.085	0.659	0.160
0.099	0.109	0.670	0.122
0.576	0.179	0.158	0.087
0.073	0.701	0.129	0.097
0.120	0.097	0.092	0.691
0.028	0.700	0.156	0.116
0.095	0.705	0.065	0.135
0.096	0.158	0.094	0.652
0.088	0.146	0.181	0.585
