>CGCNGSCGCVGG	4-CGCNGSCGCVGG,BestGuess:Adf1/dmmpmm(Pollard)/fly(0.723)	9.796641	-0.678578	0	T:2.0(0.18%),B:115.4(0.15%),P:1e0
0.064	0.595	0.074	0.267
0.001	0.300	0.664	0.035
0.120	0.727	0.093	0.060
0.253	0.177	0.255	0.316
0.071	0.169	0.705	0.055
0.071	0.502	0.356	0.071
0.080	0.735	0.082	0.103
0.019	0.218	0.762	0.001
0.179	0.559	0.225	0.037
0.281	0.281	0.315	0.124
0.274	0.113	0.597	0.016
0.088	0.276	0.635	0.001
