>RTKAYAARTASA	8-RTKAYAARTASA,BestGuess:PB0108.1_Atf1_2/Jaspar(0.665)	2.584155	-2261.419337	0	T:19231.0(99.89%),B:46820.2(86.43%),P:1e-982
0.418	0.093	0.389	0.100
0.197	0.003	0.088	0.712
0.123	0.010	0.502	0.365
0.614	0.093	0.108	0.185
0.117	0.455	0.003	0.425
0.597	0.100	0.293	0.010
0.556	0.133	0.200	0.111
0.500	0.082	0.405	0.013
0.006	0.001	0.329	0.664
0.638	0.001	0.358	0.003
0.183	0.395	0.332	0.090
0.622	0.225	0.003	0.150
