>AAMAGWAAAGAA	23-AAMAGWAAAGAA,BestGuess:FKH2/FKH2_YPD/18-FKH1,18-FKH2(Harbison)/Yeast(0.749)	-4.414448	-7.299649	0	T:19252.0(100.00%),B:54146.8(99.96%),P:1e-3
0.630	0.174	0.016	0.180
0.709	0.169	0.001	0.121
0.479	0.336	0.174	0.011
0.562	0.411	0.016	0.011
0.110	0.231	0.658	0.001
0.479	0.001	0.069	0.451
0.973	0.011	0.011	0.005
0.858	0.016	0.011	0.115
0.689	0.137	0.115	0.059
0.054	0.115	0.605	0.226
0.748	0.131	0.011	0.110
0.737	0.011	0.142	0.110
