>GGGAAACGCG	1-GGGAAACGCG	8.397720	-4.045555	0	T:11.0(2.81%),B:767.8(1.33%),P:1e-1	Tpos:69.7,Tstd:47.8,Bpos:10023.9,Bstd:17422.6,StrandBias:2.2,Multiplicity:1.00
0.088	0.093	0.708	0.111
0.100	0.102	0.737	0.061
0.099	0.117	0.747	0.037
0.682	0.109	0.135	0.074
0.702	0.098	0.139	0.061
0.626	0.116	0.162	0.096
0.124	0.651	0.131	0.094
0.076	0.130	0.689	0.105
0.067	0.737	0.105	0.091
0.094	0.108	0.719	0.079
>CGAGCCGCGC	2-CGAGCCGCGC	7.380518	-3.406563	0	T:32.0(8.18%),B:3341.3(5.79%),P:1e-1	Tpos:311.3,Tstd:288.9,Bpos:2776.4,Bstd:8480.7,StrandBias:-0.1,Multiplicity:1.15
0.134	0.644	0.144	0.078
0.092	0.140	0.701	0.067
0.623	0.143	0.153	0.081
0.063	0.107	0.739	0.091
0.096	0.730	0.114	0.060
0.102	0.695	0.102	0.101
0.070	0.142	0.719	0.069
0.077	0.714	0.128	0.081
0.083	0.096	0.727	0.094
0.084	0.708	0.128	0.080
>CGCATCTCCG	3-CGCATCTCCG	8.874766	-3.366331	0	T:6.0(1.53%),B:350.8(0.61%),P:1e-1	Tpos:281.3,Tstd:249.5,Bpos:4004.0,Bstd:10376.4,StrandBias:2.3,Multiplicity:1.00
0.093	0.726	0.097	0.084
0.106	0.107	0.702	0.085
0.109	0.706	0.104	0.081
0.565	0.148	0.138	0.149
0.114	0.119	0.122	0.645
0.077	0.741	0.099	0.083
0.053	0.163	0.135	0.649
0.024	0.798	0.108	0.070
0.083	0.730	0.093	0.094
0.057	0.112	0.739	0.092
>NCTCGGCGCN	4-NCTCGGCGCN	6.295123	-3.086496	0	T:15.0(3.84%),B:1351.1(2.34%),P:1e-1	Tpos:355.4,Tstd:303.2,Bpos:3224.7,Bstd:9826.7,StrandBias:0.0,Multiplicity:1.08
0.219	0.288	0.280	0.212
0.114	0.588	0.165	0.133
0.126	0.197	0.207	0.469
0.120	0.576	0.178	0.126
0.137	0.186	0.531	0.146
0.111	0.191	0.586	0.112
0.149	0.559	0.176	0.116
0.128	0.169	0.561	0.142
0.132	0.574	0.176	0.118
0.210	0.288	0.274	0.228
>CGCCGCGGGA	5-CGCCGCGGGA	8.350283	-3.064017	0	T:29.0(7.42%),B:3064.9(5.31%),P:1e-1	Tpos:466.2,Tstd:272.2,Bpos:3470.7,Bstd:10268.3,StrandBias:-0.1,Multiplicity:1.31
0.100	0.700	0.100	0.100
0.100	0.100	0.700	0.100
0.100	0.700	0.100	0.100
0.100	0.700	0.100	0.100
0.100	0.100	0.700	0.100
0.100	0.700	0.100	0.100
0.100	0.100	0.700	0.100
0.100	0.100	0.700	0.100
0.100	0.100	0.700	0.100
0.700	0.100	0.100	0.100
>GMGCSGCGCK	6-GMGCSGCGCK	9.117598	-3.040865	0	T:16.0(4.09%),B:1477.5(2.56%),P:1e-1	Tpos:314.2,Tstd:255.6,Bpos:1592.9,Bstd:5853.9,StrandBias:0.5,Multiplicity:1.07
0.040	0.266	0.668	0.026
0.445	0.388	0.155	0.011
0.041	0.017	0.916	0.026
0.023	0.946	0.030	0.001
0.053	0.455	0.360	0.132
0.001	0.161	0.814	0.024
0.219	0.593	0.147	0.041
0.039	0.034	0.698	0.229
0.024	0.749	0.226	0.001
0.052	0.181	0.426	0.341
>NGCGCTCCGN	7-NGCGCTCCGN	6.401858	-2.969933	0	T:10.0(2.56%),B:805.2(1.40%),P:1e-1	Tpos:283.6,Tstd:196.2,Bpos:2408.0,Bstd:7614.4,StrandBias:0.0,Multiplicity:1.00
0.228	0.267	0.282	0.223
0.120	0.173	0.587	0.120
0.142	0.558	0.172	0.128
0.141	0.171	0.530	0.158
0.109	0.596	0.159	0.136
0.138	0.203	0.188	0.471
0.100	0.565	0.191	0.144
0.134	0.549	0.169	0.148
0.122	0.174	0.563	0.141
0.217	0.265	0.303	0.215
>CGCGGCGCCC	8-CGCGGCGCCC	8.873136	-2.828113	0	T:45.0(11.51%),B:5223.2(9.06%),P:1e-1	Tpos:213.5,Tstd:234.2,Bpos:2108.1,Bstd:7397.8,StrandBias:0.2,Multiplicity:1.31
0.059	0.833	0.059	0.049
0.035	0.101	0.767	0.097
0.055	0.821	0.103	0.021
0.060	0.073	0.815	0.052
0.041	0.086	0.831	0.042
0.071	0.797	0.073	0.059
0.041	0.131	0.742	0.086
0.047	0.815	0.100	0.038
0.071	0.748	0.109	0.072
0.035	0.833	0.070	0.062
>GGCGGCTCCG	9-GGCGGCTCCG	9.248825	-2.760538	0	T:25.0(6.39%),B:2649.3(4.59%),P:1e-1	Tpos:324.2,Tstd:299.5,Bpos:3636.7,Bstd:10234.8,StrandBias:-0.8,Multiplicity:1.05
0.077	0.090	0.759	0.074
0.024	0.085	0.783	0.108
0.071	0.781	0.069	0.079
0.058	0.074	0.810	0.058
0.052	0.073	0.787	0.088
0.018	0.889	0.041	0.052
0.054	0.062	0.124	0.760
0.001	0.819	0.081	0.099
0.071	0.792	0.065	0.072
0.038	0.089	0.824	0.049
>CCCGGGAATC	10-CCCGGGAATC	8.766828	-2.709610	0	T:4.0(1.02%),B:221.2(0.38%),P:1e-1	Tpos:333.8,Tstd:264.5,Bpos:9496.9,Bstd:14343.1,StrandBias:1.6,Multiplicity:1.00
0.077	0.715	0.128	0.080
0.093	0.741	0.096	0.070
0.084	0.712	0.114	0.090
0.078	0.133	0.693	0.096
0.081	0.074	0.773	0.072
0.100	0.077	0.769	0.054
0.656	0.120	0.137	0.087
0.624	0.128	0.139	0.109
0.114	0.126	0.134	0.626
0.102	0.690	0.111	0.097
>NCCGGCGCGN	11-NCCGGCGCGN	6.501293	-2.643332	0	T:15.0(3.84%),B:1443.8(2.50%),P:1e-1	Tpos:308.3,Tstd:250.5,Bpos:2041.7,Bstd:6954.3,StrandBias:-0.2,Multiplicity:1.00
0.206	0.291	0.288	0.215
0.126	0.529	0.204	0.141
0.137	0.599	0.135	0.129
0.136	0.136	0.585	0.143
0.126	0.219	0.535	0.120
0.151	0.517	0.204	0.128
0.121	0.123	0.614	0.142
0.150	0.583	0.143	0.124
0.133	0.214	0.503	0.150
0.213	0.245	0.320	0.222
>TCCCGCCGGC	12-TCCCGCCGGC	9.445997	-2.427007	0	T:30.0(7.67%),B:3402.1(5.90%),P:1e-1	Tpos:242.7,Tstd:252.0,Bpos:3684.4,Bstd:11006.9,StrandBias:0.4,Multiplicity:1.14
0.078	0.270	0.078	0.574
0.001	0.962	0.036	0.001
0.021	0.912	0.001	0.066
0.088	0.694	0.097	0.121
0.001	0.022	0.928	0.049
0.001	0.818	0.140	0.041
0.168	0.684	0.086	0.062
0.001	0.237	0.701	0.061
0.001	0.150	0.848	0.001
0.031	0.890	0.078	0.001
>CGGAGCCCGG	13-CGGAGCCCGG	9.117126	-2.222882	0	T:29.0(7.42%),B:3347.2(5.80%),P:1e0	Tpos:337.6,Tstd:309.2,Bpos:3514.2,Bstd:9954.7,StrandBias:0.3,Multiplicity:1.04
0.057	0.822	0.063	0.058
0.058	0.085	0.833	0.024
0.049	0.097	0.808	0.046
0.720	0.101	0.087	0.092
0.032	0.111	0.786	0.071
0.033	0.854	0.049	0.064
0.064	0.788	0.066	0.082
0.064	0.809	0.086	0.041
0.071	0.110	0.770	0.049
0.074	0.055	0.815	0.056
>GGGAGCGGCK	14-GGGAGCGGCK	9.235538	-2.172695	0	T:4.0(1.02%),B:269.7(0.47%),P:1e0	Tpos:225.7,Tstd:182.1,Bpos:6496.8,Bstd:13519.1,StrandBias:1.0,Multiplicity:1.00
0.105	0.086	0.711	0.098
0.089	0.139	0.739	0.033
0.168	0.126	0.568	0.138
0.571	0.195	0.180	0.054
0.042	0.215	0.674	0.069
0.135	0.655	0.102	0.108
0.112	0.147	0.615	0.126
0.030	0.107	0.808	0.055
0.100	0.676	0.172	0.052
0.132	0.165	0.316	0.387
>GCBCCGCCGG	15-GCBCCGCCGG	9.286931	-2.059971	0	T:22.0(5.63%),B:2488.5(4.32%),P:1e0	Tpos:234.0,Tstd:163.4,Bpos:3024.8,Bstd:9100.4,StrandBias:-1.3,Multiplicity:1.00
0.001	0.065	0.870	0.064
0.036	0.934	0.015	0.015
0.081	0.297	0.361	0.261
0.001	0.589	0.346	0.064
0.093	0.741	0.128	0.038
0.150	0.238	0.602	0.010
0.098	0.654	0.209	0.039
0.013	0.581	0.362	0.044
0.057	0.059	0.849	0.035
0.016	0.008	0.975	0.001
>TCCGCCGGCG	16-TCCGCCGGCG	8.350283	-1.770644	0	T:22.0(5.63%),B:2596.0(4.50%),P:1e0	Tpos:382.8,Tstd:309.3,Bpos:3431.4,Bstd:10337.9,StrandBias:0.2,Multiplicity:1.20
0.100	0.100	0.100	0.700
0.100	0.700	0.100	0.100
0.100	0.700	0.100	0.100
0.100	0.100	0.700	0.100
0.100	0.700	0.100	0.100
0.100	0.700	0.100	0.100
0.100	0.100	0.700	0.100
0.100	0.100	0.700	0.100
0.100	0.700	0.100	0.100
0.100	0.100	0.700	0.100
>CGCCGCTCCC	17-CGCCGCTCCC	9.615307	-1.509530	0	T:6.0(1.53%),B:595.2(1.03%),P:1e0	Tpos:223.4,Tstd:255.5,Bpos:6121.9,Bstd:13711.5,StrandBias:10.0,Multiplicity:1.00
0.092	0.806	0.078	0.024
0.001	0.260	0.445	0.294
0.001	0.738	0.260	0.001
0.030	0.637	0.217	0.116
0.001	0.200	0.613	0.186
0.143	0.664	0.138	0.055
0.026	0.310	0.057	0.607
0.025	0.738	0.236	0.001
0.033	0.838	0.001	0.128
0.001	0.840	0.105	0.054
>GGGGAGCGCG	18-GGGGAGCGCG	11.634676	-1.321476	0	T:3.0(0.77%),B:264.0(0.46%),P:1e0	Tpos:337.0,Tstd:221.1,Bpos:2730.7,Bstd:9153.9,StrandBias:1.0,Multiplicity:1.00
0.068	0.040	0.826	0.066
0.093	0.091	0.750	0.066
0.096	0.065	0.797	0.042
0.087	0.084	0.782	0.047
0.821	0.053	0.072	0.054
0.057	0.082	0.787	0.074
0.053	0.807	0.097	0.043
0.064	0.090	0.788	0.058
0.039	0.826	0.099	0.036
0.040	0.110	0.822	0.028
>SGGSSGCGSS	19-SGGSSGCGSS	8.678973	-1.064213	0	T:31.0(7.93%),B:4212.9(7.31%),P:1e0	Tpos:344.5,Tstd:300.5,Bpos:1941.3,Bstd:6862.4,StrandBias:-0.2,Multiplicity:1.13
0.001	0.486	0.512	0.001
0.001	0.328	0.547	0.124
0.001	0.001	0.997	0.001
0.108	0.417	0.474	0.001
0.162	0.399	0.320	0.118
0.001	0.001	0.997	0.001
0.221	0.714	0.064	0.001
0.029	0.001	0.745	0.225
0.001	0.480	0.518	0.001
0.001	0.443	0.474	0.082
>CGCCTCCCCC	20-CGCCTCCCCC	11.583989	-1.039699	0	T:4.0(1.02%),B:442.7(0.77%),P:1e0	Tpos:322.5,Tstd:298.1,Bpos:5952.3,Bstd:13476.0,StrandBias:1.6,Multiplicity:1.00
0.001	0.984	0.004	0.011
0.057	0.054	0.714	0.175
0.138	0.860	0.001	0.001
0.192	0.785	0.001	0.022
0.093	0.042	0.123	0.742
0.001	0.931	0.010	0.058
0.001	0.787	0.001	0.211
0.001	0.676	0.082	0.241
0.072	0.755	0.071	0.102
0.001	0.778	0.189	0.032
>GGAGCGGGCG	21-GGAGCGGGCG	10.296193	-0.739548	0	T:3.0(0.77%),B:380.3(0.66%),P:1e0	Tpos:271.0,Tstd:68.0,Bpos:2355.0,Bstd:6707.4,StrandBias:0.0,Multiplicity:1.00
0.100	0.100	0.700	0.100
0.100	0.100	0.700	0.100
0.700	0.100	0.100	0.100
0.100	0.100	0.700	0.100
0.100	0.700	0.100	0.100
0.100	0.100	0.700	0.100
0.100	0.100	0.700	0.100
0.100	0.100	0.700	0.100
0.100	0.700	0.100	0.100
0.100	0.100	0.700	0.100
>CBGGGGCGCG	22-CBGGGGCGCG	8.691001	-0.697374	0	T:11.0(2.81%),B:1569.8(2.72%),P:1e0	Tpos:324.2,Tstd:306.0,Bpos:3343.0,Bstd:9495.0,StrandBias:0.0,Multiplicity:1.14
0.001	0.639	0.343	0.017
0.080	0.338	0.323	0.259
0.001	0.111	0.887	0.001
0.001	0.027	0.971	0.001
0.194	0.129	0.676	0.001
0.111	0.223	0.665	0.001
0.298	0.456	0.140	0.106
0.001	0.214	0.721	0.064
0.126	0.670	0.203	0.001
0.052	0.308	0.563	0.077
>CVGCSGCSGC	23-CVGCSGCSGC	9.697713	-0.672523	0	T:40.0(10.23%),B:5868.2(10.18%),P:1e0	Tpos:322.6,Tstd:289.7,Bpos:2001.7,Bstd:8067.6,StrandBias:0.0,Multiplicity:1.44
0.147	0.787	0.065	0.001
0.352	0.291	0.356	0.001
0.001	0.153	0.845	0.001
0.001	0.997	0.001	0.001
0.001	0.425	0.463	0.111
0.001	0.001	0.997	0.001
0.001	0.997	0.001	0.001
0.001	0.466	0.532	0.001
0.001	0.001	0.997	0.001
0.001	0.588	0.410	0.001
>GGSCGCCCRG	24-GGSCGCCCRG	9.258210	-0.527109	0	T:10.0(2.56%),B:1530.8(2.65%),P:1e0	Tpos:355.2,Tstd:271.2,Bpos:3831.4,Bstd:10644.6,StrandBias:0.7,Multiplicity:1.14
0.001	0.167	0.831	0.001
0.064	0.192	0.743	0.001
0.001	0.512	0.448	0.039
0.326	0.572	0.101	0.001
0.045	0.214	0.740	0.001
0.001	0.628	0.370	0.001
0.001	0.608	0.390	0.001
0.001	0.743	0.255	0.001
0.424	0.170	0.345	0.061
0.001	0.029	0.969	0.001
>GCCGGCCTGC	25-GCCGGCCTGC	9.387225	-0.367023	0	T:3.0(0.77%),B:526.8(0.91%),P:1e0	Tpos:216.7,Tstd:168.4,Bpos:6964.6,Bstd:14553.0,StrandBias:-1.0,Multiplicity:1.00
0.046	0.207	0.675	0.072
0.044	0.701	0.248	0.007
0.042	0.711	0.146	0.101
0.078	0.133	0.633	0.156
0.001	0.188	0.760	0.051
0.035	0.780	0.148	0.037
0.043	0.688	0.168	0.101
0.167	0.132	0.057	0.644
0.073	0.060	0.798	0.069
0.054	0.609	0.255	0.082
