>CCGCGGGA	1-CCGCGGGA	7.248204	-5.918114	0	T:18.0(4.60%),B:1249.9(2.17%),P:1e-2	Tpos:200.5,Tstd:190.0,Bpos:4198.7,Bstd:10709.7,StrandBias:0.0,Multiplicity:1.00
0.071	0.658	0.228	0.043
0.113	0.571	0.180	0.136
0.044	0.189	0.680	0.087
0.075	0.595	0.239	0.091
0.115	0.142	0.654	0.089
0.114	0.059	0.785	0.042
0.123	0.231	0.591	0.055
0.465	0.189	0.199	0.147
>CGCTCCGG	2-CGCTCCGG	7.271367	-4.537318	0	T:15.0(3.84%),B:1117.0(1.94%),P:1e-1	Tpos:319.0,Tstd:262.0,Bpos:3702.1,Bstd:10321.8,StrandBias:0.6,Multiplicity:1.00
0.099	0.631	0.156	0.114
0.080	0.135	0.673	0.112
0.100	0.606	0.173	0.121
0.116	0.207	0.225	0.452
0.072	0.652	0.149	0.127
0.064	0.672	0.164	0.100
0.072	0.168	0.688	0.072
0.119	0.172	0.626	0.083
>CCCGCGGC	3-CCCGCGGC	8.769718	-2.743228	0	T:27.0(6.91%),B:2908.2(5.04%),P:1e-1	Tpos:534.1,Tstd:329.3,Bpos:3252.7,Bstd:9047.2,StrandBias:2.6,Multiplicity:1.00
0.035	0.786	0.062	0.117
0.050	0.735	0.114	0.101
0.034	0.831	0.093	0.042
0.034	0.092	0.806	0.068
0.068	0.761	0.157	0.014
0.129	0.073	0.706	0.092
0.095	0.144	0.641	0.120
0.092	0.737	0.077	0.094
>CGCGGCGC	4-CGCGGCGC	8.776269	-2.243705	0	T:25.0(6.39%),B:2815.0(4.88%),P:1e0	Tpos:264.5,Tstd:273.9,Bpos:1660.5,Bstd:6450.5,StrandBias:-0.8,Multiplicity:1.20
0.090	0.751	0.108	0.051
0.024	0.131	0.737	0.108
0.062	0.785	0.129	0.024
0.085	0.185	0.661	0.069
0.034	0.115	0.811	0.040
0.074	0.772	0.117	0.037
0.049	0.124	0.748	0.079
0.062	0.735	0.159	0.044
>CCGGCGCS	5-CCGGCGCS	8.955384	-2.014822	0	T:18.0(4.60%),B:1984.8(3.44%),P:1e0	Tpos:337.9,Tstd:278.6,Bpos:1966.3,Bstd:6934.0,StrandBias:0.7,Multiplicity:1.00
0.001	0.487	0.311	0.201
0.001	0.997	0.001	0.001
0.001	0.001	0.997	0.001
0.001	0.140	0.858	0.001
0.001	0.997	0.001	0.001
0.001	0.001	0.997	0.001
0.132	0.612	0.255	0.001
0.001	0.446	0.468	0.085
>CGCGGCCG	6-CGCGGCCG	7.336236	-1.558950	0	T:37.0(9.46%),B:4743.8(8.23%),P:1e0	Tpos:248.7,Tstd:220.9,Bpos:2605.3,Bstd:7880.5,StrandBias:-0.2,Multiplicity:1.00
0.146	0.695	0.067	0.092
0.023	0.095	0.791	0.091
0.045	0.828	0.078	0.049
0.114	0.079	0.729	0.078
0.021	0.159	0.763	0.057
0.053	0.759	0.105	0.083
0.064	0.757	0.110	0.069
0.089	0.161	0.681	0.069
>BCCCCGCG	7-BCCCCGCG	8.154746	-1.216665	0	T:15.0(3.84%),B:1877.3(3.26%),P:1e0	Tpos:301.0,Tstd:160.8,Bpos:5529.3,Bstd:14945.9,StrandBias:-2.0,Multiplicity:1.00
0.001	0.356	0.254	0.389
0.001	0.563	0.039	0.397
0.001	0.840	0.001	0.158
0.001	0.787	0.211	0.001
0.001	0.652	0.346	0.001
0.001	0.345	0.653	0.001
0.001	0.864	0.134	0.001
0.001	0.001	0.997	0.001
>CCGAGCGG	8-CCGAGCGG	7.303427	-1.095221	0	T:28.0(7.16%),B:3764.8(6.53%),P:1e0	Tpos:159.2,Tstd:129.0,Bpos:3956.0,Bstd:10784.5,StrandBias:0.4,Multiplicity:1.17
0.078	0.683	0.146	0.093
0.092	0.684	0.158	0.066
0.086	0.096	0.747	0.071
0.760	0.018	0.126	0.096
0.065	0.106	0.799	0.030
0.045	0.827	0.080	0.048
0.058	0.168	0.677	0.097
0.034	0.106	0.827	0.033
>GCGSCGSS	9-GCGSCGSS	6.617393	-1.043828	0	T:112.0(28.64%),B:15957.3(27.67%),P:1e0	Tpos:288.7,Tstd:277.8,Bpos:3229.9,Bstd:10139.2,StrandBias:-0.1,Multiplicity:1.93
0.001	0.351	0.538	0.110
0.001	0.926	0.072	0.001
0.001	0.074	0.924	0.001
0.001	0.457	0.541	0.001
0.165	0.833	0.001	0.001
0.001	0.001	0.906	0.092
0.251	0.426	0.322	0.001
0.001	0.439	0.541	0.019
>CGCCGCSG	10-CGCCGCSG	7.312902	-0.889049	0	T:70.0(17.90%),B:10016.8(17.37%),P:1e0	Tpos:288.7,Tstd:279.6,Bpos:2306.8,Bstd:8240.5,StrandBias:0.7,Multiplicity:1.65
0.122	0.621	0.220	0.037
0.053	0.103	0.793	0.051
0.001	0.866	0.132	0.001
0.196	0.624	0.071	0.109
0.028	0.001	0.933	0.038
0.013	0.940	0.046	0.001
0.001	0.485	0.376	0.138
0.043	0.174	0.736	0.047
>SSCCCGCG	11-SSCCCGCG	7.375611	-0.668670	0	T:23.0(5.88%),B:3362.0(5.83%),P:1e0	Tpos:63.5,Tstd:47.1,Bpos:3835.8,Bstd:11157.4,StrandBias:-1.6,Multiplicity:1.00
0.093	0.446	0.460	0.001
0.215	0.388	0.353	0.044
0.104	0.483	0.303	0.110
0.001	0.814	0.184	0.001
0.001	0.809	0.167	0.023
0.001	0.162	0.836	0.001
0.115	0.582	0.302	0.001
0.001	0.031	0.882	0.086
>CCCGCACG	12-CCCGCACG	6.777525	-0.668162	0	T:59.0(15.09%),B:8678.7(15.05%),P:1e0	Tpos:290.4,Tstd:289.1,Bpos:5580.9,Bstd:12561.4,StrandBias:0.1,Multiplicity:1.22
0.074	0.699	0.105	0.122
0.016	0.858	0.104	0.022
0.025	0.878	0.062	0.035
0.057	0.069	0.868	0.006
0.059	0.659	0.187	0.095
0.496	0.236	0.155	0.113
0.077	0.798	0.112	0.013
0.029	0.134	0.748	0.089
>CGSCCGGN	13-CGSCCGGN	7.080745	-0.659189	0	T:15.0(3.84%),B:2185.5(3.79%),P:1e0	Tpos:155.0,Tstd:185.8,Bpos:4594.7,Bstd:11065.5,StrandBias:1.0,Multiplicity:1.00
0.072	0.768	0.118	0.042
0.090	0.099	0.779	0.032
0.011	0.354	0.477	0.158
0.064	0.628	0.279	0.029
0.027	0.663	0.234	0.076
0.066	0.055	0.776	0.103
0.074	0.230	0.658	0.038
0.254	0.299	0.283	0.164
>GCCGCGTC	14-GCCGCGTC	8.736512	-0.642454	0	T:7.0(1.79%),B:1007.6(1.75%),P:1e0	Tpos:101.3,Tstd:47.8,Bpos:6258.7,Bstd:15783.8,StrandBias:-1.0,Multiplicity:1.00
0.122	0.178	0.635	0.065
0.021	0.772	0.140	0.067
0.035	0.809	0.066	0.090
0.020	0.036	0.899	0.045
0.130	0.758	0.096	0.016
0.028	0.167	0.715	0.090
0.104	0.247	0.039	0.610
0.033	0.806	0.113	0.048
>CGCCGGGG	15-CGCCGGGG	8.785731	-0.573487	0	T:16.0(4.09%),B:2401.4(4.16%),P:1e0	Tpos:106.0,Tstd:17.0,Bpos:3912.5,Bstd:10817.9,StrandBias:0.0,Multiplicity:1.00
0.063	0.763	0.103	0.071
0.050	0.046	0.800	0.104
0.044	0.719	0.143	0.094
0.068	0.738	0.140	0.054
0.058	0.162	0.730	0.050
0.084	0.098	0.736	0.082
0.095	0.058	0.791	0.056
0.099	0.122	0.725	0.054
>SGCCGCGC	16-SGCCGCGC	7.064979	-0.538596	0	T:43.0(11.00%),B:6481.5(11.24%),P:1e0	Tpos:618.5,Tstd:349.5,Bpos:2527.8,Bstd:8008.6,StrandBias:10.0,Multiplicity:1.00
0.028	0.379	0.483	0.110
0.175	0.056	0.741	0.028
0.041	0.542	0.361	0.056
0.173	0.562	0.088	0.177
0.001	0.178	0.820	0.001
0.046	0.738	0.215	0.001
0.044	0.100	0.777	0.079
0.085	0.523	0.305	0.087
>CGCGCTCC	17-CGCGCTCC	7.692149	-0.232890	0	T:27.0(6.91%),B:4557.3(7.90%),P:1e0	Tpos:257.3,Tstd:272.3,Bpos:3301.9,Bstd:9313.1,StrandBias:-0.3,Multiplicity:1.00
0.088	0.722	0.159	0.031
0.015	0.097	0.832	0.056
0.025	0.856	0.069	0.050
0.028	0.145	0.727	0.100
0.062	0.797	0.075	0.066
0.031	0.208	0.159	0.602
0.005	0.708	0.173	0.114
0.119	0.762	0.040	0.079
>VSVSBGCG	18-VSVSBGCG	5.826127	-0.208319	0	T:6.0(1.53%),B:1181.7(2.05%),P:1e0	Tpos:223.8,Tstd:160.8,Bpos:8306.9,Bstd:13842.0,StrandBias:-1.0,Multiplicity:1.00
0.326	0.212	0.321	0.141
0.001	0.523	0.475	0.001
0.302	0.318	0.380	0.001
0.004	0.434	0.561	0.001
0.169	0.268	0.332	0.231
0.001	0.396	0.552	0.051
0.001	0.997	0.001	0.001
0.001	0.219	0.779	0.001
>CCGCGCGC	19-CCGCGCGC	5.842193	-0.202811	0	T:108.0(27.62%),B:17061.6(29.59%),P:1e0	Tpos:256.3,Tstd:252.0,Bpos:4932.7,Bstd:12399.7,StrandBias:0.2,Multiplicity:1.83
0.063	0.785	0.054	0.098
0.088	0.717	0.093	0.102
0.057	0.100	0.760	0.083
0.086	0.687	0.160	0.067
0.079	0.073	0.754	0.094
0.078	0.751	0.131	0.040
0.049	0.123	0.697	0.131
0.061	0.851	0.033	0.055
>CGCCCGGA	20-CGCCCGGA	8.573318	-0.183794	0	T:6.0(1.53%),B:1215.6(2.11%),P:1e0	Tpos:93.0,Tstd:89.0,Bpos:4944.4,Bstd:11763.2,StrandBias:0.0,Multiplicity:1.00
0.001	0.893	0.105	0.001
0.001	0.069	0.792	0.138
0.001	0.692	0.306	0.001
0.001	0.770	0.228	0.001
0.001	0.608	0.390	0.001
0.001	0.106	0.892	0.001
0.079	0.087	0.833	0.001
0.474	0.227	0.081	0.218
>YCSGCGCT	21-YCSGCGCT	5.941945	-0.140262	0	T:118.0(30.18%),B:18868.3(32.72%),P:1e0	Tpos:219.4,Tstd:259.3,Bpos:7454.7,Bstd:14576.1,StrandBias:0.2,Multiplicity:1.38
0.090	0.269	0.243	0.398
0.001	0.739	0.120	0.140
0.001	0.502	0.496	0.001
0.001	0.045	0.953	0.001
0.197	0.740	0.062	0.001
0.001	0.058	0.752	0.189
0.061	0.846	0.092	0.001
0.001	0.381	0.078	0.540
>CCCGGGSN	22-CCCGGGSN	6.973990	-0.123651	0	T:20.0(5.12%),B:3723.7(6.46%),P:1e0	Tpos:200.5,Tstd:239.7,Bpos:7968.2,Bstd:15874.9,StrandBias:-0.7,Multiplicity:1.05
0.001	0.606	0.218	0.175
0.001	0.718	0.001	0.280
0.001	0.884	0.114	0.001
0.001	0.328	0.670	0.001
0.223	0.001	0.775	0.001
0.317	0.001	0.614	0.068
0.001	0.443	0.487	0.069
0.294	0.191	0.243	0.273
>CGGGGCGC	23-CGGGGCGC	8.787859	-0.106466	0	T:14.0(3.58%),B:2773.5(4.81%),P:1e0	Tpos:196.9,Tstd:167.8,Bpos:2688.4,Bstd:8171.5,StrandBias:-0.4,Multiplicity:1.17
0.111	0.706	0.092	0.091
0.066	0.098	0.763	0.073
0.092	0.080	0.774	0.054
0.110	0.090	0.750	0.050
0.095	0.108	0.756	0.041
0.103	0.770	0.064	0.063
0.037	0.071	0.776	0.116
0.103	0.708	0.119	0.070
>GCTCSCCC	24-GCTCSCCC	7.467148	-0.035800	0	T:52.0(13.30%),B:9521.3(16.51%),P:1e0	Tpos:341.6,Tstd:389.8,Bpos:8784.5,Bstd:15396.3,StrandBias:-0.2,Multiplicity:1.20
0.001	0.217	0.684	0.098
0.001	0.683	0.001	0.315
0.001	0.001	0.403	0.595
0.028	0.970	0.001	0.001
0.001	0.458	0.404	0.137
0.001	0.835	0.001	0.163
0.001	0.764	0.085	0.150
0.001	0.833	0.001	0.165
>CCGVCSSG	25-CCGVCSSG	6.240238	-0.010822	0	T:63.0(16.11%),B:11870.2(20.58%),P:1e0	Tpos:284.9,Tstd:291.5,Bpos:3962.3,Bstd:10544.5,StrandBias:-0.1,Multiplicity:1.36
0.001	0.846	0.152	0.001
0.087	0.596	0.274	0.043
0.221	0.001	0.709	0.069
0.316	0.358	0.326	0.001
0.044	0.751	0.204	0.001
0.001	0.520	0.393	0.086
0.001	0.425	0.402	0.172
0.188	0.001	0.584	0.227
