>TGCATAATTTGT	1-TGCATAATTTGT	14.633082	-12.924384	0	T:6.0(1.53%),B:51.7(0.09%),P:1e-5	Tpos:72.3,Tstd:49.5,Bpos:14520.7,Bstd:13583.2,StrandBias:1.0,Multiplicity:1.00
0.001	0.001	0.001	0.997
0.001	0.001	0.997	0.001
0.001	0.821	0.001	0.177
0.997	0.001	0.001	0.001
0.001	0.001	0.001	0.997
0.997	0.001	0.001	0.001
0.997	0.001	0.001	0.001
0.001	0.212	0.001	0.786
0.001	0.001	0.001	0.997
0.001	0.001	0.001	0.997
0.001	0.001	0.997	0.001
0.001	0.001	0.001	0.997
>CTCCCCGGCGCG	2-CTCCCCGGCGCG	11.335931	-7.358533	0	T:8.0(2.05%),B:269.3(0.47%),P:1e-3	Tpos:368.8,Tstd:187.8,Bpos:3316.9,Bstd:11087.9,StrandBias:1.0,Multiplicity:1.00
0.055	0.759	0.109	0.077
0.093	0.110	0.095	0.702
0.030	0.768	0.139	0.063
0.029	0.863	0.044	0.064
0.053	0.758	0.114	0.075
0.030	0.718	0.174	0.078
0.091	0.102	0.764	0.043
0.054	0.147	0.773	0.026
0.082	0.775	0.117	0.026
0.065	0.133	0.715	0.087
0.080	0.749	0.125	0.046
0.143	0.096	0.655	0.106
>CGCGCCCTCTCN	3-CGCGCCCTCTCN	7.713356	-7.134505	0	T:28.0(7.16%),B:2126.0(3.69%),P:1e-3	Tpos:274.6,Tstd:272.6,Bpos:4577.1,Bstd:12009.1,StrandBias:0.0,Multiplicity:1.14
0.194	0.415	0.234	0.156
0.086	0.120	0.683	0.111
0.087	0.703	0.129	0.081
0.074	0.123	0.721	0.082
0.080	0.646	0.182	0.092
0.090	0.661	0.141	0.108
0.079	0.638	0.143	0.140
0.141	0.144	0.185	0.530
0.119	0.572	0.138	0.171
0.108	0.150	0.161	0.581
0.120	0.627	0.108	0.145
0.212	0.226	0.317	0.246
>SCGGRCYGCGTT	4-SCGGRCYGCGTT	10.958926	-6.944122	0	T:6.0(1.53%),B:160.0(0.28%),P:1e-3	Tpos:84.7,Tstd:57.5,Bpos:5011.6,Bstd:12161.5,StrandBias:0.0,Multiplicity:1.00
0.001	0.564	0.434	0.001
0.001	0.577	0.421	0.001
0.001	0.210	0.788	0.001
0.001	0.111	0.887	0.001
0.335	0.229	0.435	0.001
0.001	0.997	0.001	0.001
0.001	0.435	0.229	0.335
0.001	0.111	0.887	0.001
0.001	0.887	0.111	0.001
0.001	0.001	0.997	0.001
0.001	0.099	0.223	0.677
0.323	0.001	0.112	0.564
>NCCCCGGCGCGB	5-NCCCCGGCGCGB	9.988018	-5.475468	0	T:3.0(0.77%),B:45.7(0.08%),P:1e-2	Tpos:432.7,Tstd:349.6,Bpos:2077.3,Bstd:5488.6,StrandBias:1.0,Multiplicity:1.00
0.193	0.330	0.296	0.181
0.098	0.571	0.215	0.116
0.096	0.547	0.196	0.161
0.086	0.589	0.184	0.141
0.095	0.666	0.166	0.073
0.134	0.165	0.605	0.096
0.112	0.140	0.668	0.080
0.091	0.704	0.111	0.094
0.069	0.193	0.654	0.084
0.065	0.765	0.102	0.068
0.081	0.138	0.681	0.100
0.173	0.369	0.234	0.223
>ATGTACAGTATT	6-ATGTACAGTATT	13.288079	-4.737065	0	T:4.0(1.02%),B:115.7(0.20%),P:1e-2	Tpos:238.0,Tstd:157.6,Bpos:14957.6,Bstd:11070.7,StrandBias:0.6,Multiplicity:1.25
0.624	0.001	0.001	0.374
0.001	0.001	0.001	0.997
0.001	0.001	0.626	0.372
0.001	0.001	0.001	0.997
0.997	0.001	0.001	0.001
0.001	0.781	0.217	0.001
0.990	0.001	0.008	0.001
0.001	0.215	0.783	0.001
0.005	0.001	0.001	0.993
0.992	0.001	0.006	0.001
0.001	0.001	0.001	0.997
0.251	0.001	0.198	0.550
>CCGCGCCGACGG	7-CCGCGCCGACGG	11.666452	-3.908637	0	T:1.0(0.26%),B:2.4(0.00%),P:1e-1	Tpos:155.0,Tstd:0.0,Bpos:0.0,Bstd:0.0,StrandBias:-10.0,Multiplicity:1.00
0.219	0.546	0.222	0.013
0.051	0.532	0.326	0.091
0.001	0.142	0.765	0.092
0.090	0.716	0.129	0.065
0.040	0.078	0.819	0.063
0.088	0.731	0.141	0.040
0.103	0.688	0.144	0.065
0.117	0.026	0.856	0.001
0.689	0.235	0.063	0.013
0.297	0.532	0.065	0.106
0.116	0.169	0.546	0.169
0.119	0.222	0.619	0.040
>BBCGSSSGKCGS	8-BBCGSSSGKCGS	8.531655	-3.609773	0	T:12.0(3.07%),B:928.2(1.61%),P:1e-1	Tpos:305.9,Tstd:312.3,Bpos:3983.2,Bstd:11347.1,StrandBias:2.6,Multiplicity:1.00
0.087	0.262	0.345	0.305
0.131	0.279	0.240	0.349
0.001	0.896	0.082	0.021
0.001	0.392	0.606	0.001
0.001	0.410	0.458	0.131
0.044	0.519	0.415	0.022
0.174	0.394	0.431	0.001
0.153	0.087	0.542	0.218
0.131	0.219	0.388	0.262
0.001	0.781	0.001	0.217
0.001	0.001	0.997	0.001
0.001	0.454	0.349	0.196
>TATTTGRTGTAC	9-TATTTGRTGTAC	14.190158	-3.225549	0	T:1.0(0.26%),B:5.3(0.01%),P:1e-1	Tpos:123.0,Tstd:0.0,Bpos:16300.1,Bstd:11075.0,StrandBias:10.0,Multiplicity:1.00
0.001	0.001	0.001	0.997
0.833	0.001	0.165	0.001
0.001	0.001	0.001	0.997
0.001	0.214	0.001	0.784
0.001	0.001	0.001	0.997
0.001	0.156	0.580	0.263
0.495	0.001	0.405	0.099
0.001	0.001	0.189	0.809
0.001	0.001	0.997	0.001
0.141	0.001	0.001	0.857
0.997	0.001	0.001	0.001
0.170	0.677	0.152	0.001
>CSSSCGCSCKTY	10-CSSSCGCSCKTY	8.161836	-3.104969	0	T:2.0(0.51%),B:48.4(0.08%),P:1e-1	Tpos:276.5,Tstd:230.5,Bpos:3451.2,Bstd:9780.6,StrandBias:-10.0,Multiplicity:1.00
0.225	0.538	0.236	0.001
0.001	0.470	0.372	0.157
0.068	0.527	0.394	0.011
0.001	0.394	0.473	0.133
0.180	0.583	0.236	0.001
0.001	0.213	0.775	0.011
0.157	0.529	0.313	0.001
0.001	0.346	0.495	0.157
0.225	0.403	0.236	0.135
0.146	0.144	0.349	0.360
0.202	0.313	0.001	0.484
0.001	0.504	0.001	0.494
>CGMABCGCSGGS	11-CGMABCGCSGGS	8.275936	-2.645111	0	T:29.0(7.42%),B:3196.9(5.54%),P:1e-1	Tpos:347.3,Tstd:325.4,Bpos:3125.3,Bstd:9905.7,StrandBias:1.4,Multiplicity:1.06
0.001	0.807	0.173	0.019
0.075	0.001	0.923	0.001
0.263	0.396	0.245	0.096
0.572	0.132	0.178	0.118
0.057	0.392	0.284	0.267
0.055	0.736	0.171	0.038
0.001	0.199	0.590	0.210
0.001	0.825	0.173	0.001
0.038	0.458	0.449	0.054
0.001	0.285	0.676	0.038
0.191	0.281	0.509	0.019
0.153	0.322	0.448	0.076
>CGCGTTCGCGCG	12-CGCGTTCGCGCG	9.702447	-2.475700	0	T:1.0(0.26%),B:12.9(0.02%),P:1e-1	Tpos:839.0,Tstd:0.0,Bpos:5629.0,Bstd:0.0,StrandBias:10.0,Multiplicity:1.00
0.001	0.452	0.287	0.260
0.137	0.287	0.452	0.123
0.001	0.589	0.178	0.232
0.001	0.109	0.877	0.013
0.137	0.192	0.246	0.425
0.001	0.219	0.219	0.561
0.001	0.740	0.013	0.246
0.001	0.274	0.684	0.041
0.014	0.630	0.274	0.082
0.001	0.232	0.766	0.001
0.109	0.671	0.219	0.001
0.246	0.178	0.411	0.164
>VGGCGCCGCGCS	13-VGGCGCCGCGCS	6.279790	-2.127536	0	T:90.0(23.02%),B:11802.6(20.47%),P:1e0	Tpos:253.7,Tstd:259.9,Bpos:2078.7,Bstd:7365.7,StrandBias:0.2,Multiplicity:1.92
0.185	0.330	0.310	0.175
0.182	0.200	0.530	0.088
0.093	0.150	0.628	0.129
0.103	0.712	0.090	0.095
0.077	0.126	0.704	0.093
0.134	0.608	0.150	0.108
0.108	0.623	0.151	0.118
0.113	0.106	0.688	0.093
0.129	0.694	0.079	0.098
0.154	0.105	0.617	0.124
0.136	0.619	0.127	0.118
0.170	0.267	0.358	0.206
>ACWTTGATATTW	14-ACWTTGATATTW	14.190400	-1.861358	0	T:1.0(0.26%),B:24.7(0.04%),P:1e0	Tpos:275.8,Tstd:123.9,Bpos:12687.7,Bstd:11474.0,StrandBias:10.0,Multiplicity:6.00
0.997	0.001	0.001	0.001
0.001	0.997	0.001	0.001
0.492	0.001	0.001	0.506
0.001	0.001	0.001	0.997
0.001	0.001	0.001	0.997
0.409	0.001	0.589	0.001
0.997	0.001	0.001	0.001
0.001	0.001	0.001	0.997
0.589	0.409	0.001	0.001
0.001	0.001	0.001	0.997
0.001	0.001	0.001	0.997
0.492	0.001	0.001	0.506
>BSCGCGGDMRYV	15-BSCGCGGDMRYV	7.722024	-1.646166	0	T:6.0(1.53%),B:569.0(0.99%),P:1e0	Tpos:264.2,Tstd:318.9,Bpos:2056.7,Bstd:6075.9,StrandBias:-0.6,Multiplicity:1.00
0.131	0.380	0.239	0.251
0.012	0.403	0.370	0.215
0.023	0.917	0.001	0.059
0.012	0.298	0.689	0.001
0.001	0.772	0.226	0.001
0.012	0.236	0.751	0.001
0.179	0.272	0.429	0.119
0.334	0.119	0.332	0.215
0.394	0.320	0.143	0.143
0.370	0.200	0.429	0.001
0.001	0.418	0.262	0.319
0.298	0.322	0.379	0.001
>GCGCCCTCTCCA	16-GCGCCCTCTCCA	9.478950	-1.571136	0	T:7.0(1.79%),B:706.1(1.22%),P:1e0	Tpos:88.0,Tstd:0.0,Bpos:10103.1,Bstd:16721.5,StrandBias:10.0,Multiplicity:1.00
0.088	0.206	0.612	0.094
0.101	0.672	0.120	0.107
0.092	0.144	0.641	0.123
0.074	0.730	0.118	0.078
0.099	0.692	0.098	0.111
0.080	0.717	0.094	0.109
0.093	0.161	0.150	0.596
0.055	0.727	0.120	0.098
0.077	0.199	0.119	0.605
0.047	0.722	0.134	0.097
0.080	0.754	0.091	0.075
0.535	0.170	0.136	0.159
>SGGGGAGGAAAR	17-SGGGGAGGAAAR	10.938751	-1.418602	0	T:1.0(0.26%),B:40.0(0.07%),P:1e0	Tpos:161.0,Tstd:0.0,Bpos:7666.3,Bstd:14146.4,StrandBias:10.0,Multiplicity:1.00
0.048	0.522	0.429	0.001
0.235	0.149	0.574	0.042
0.222	0.062	0.648	0.068
0.055	0.184	0.719	0.042
0.062	0.041	0.896	0.001
0.627	0.083	0.132	0.158
0.134	0.083	0.615	0.168
0.119	0.310	0.570	0.001
0.805	0.001	0.193	0.001
0.684	0.041	0.274	0.001
0.658	0.017	0.283	0.042
0.337	0.199	0.360	0.104
>GGTCCCGCGMGB	18-GGTCCCGCGMGB	9.182917	-1.349030	0	T:13.0(3.32%),B:1552.4(2.69%),P:1e0	Tpos:225.2,Tstd:186.0,Bpos:4036.5,Bstd:11059.1,StrandBias:1.0,Multiplicity:1.29
0.090	0.318	0.475	0.117
0.055	0.165	0.628	0.152
0.110	0.253	0.074	0.563
0.001	0.691	0.143	0.165
0.001	0.944	0.001	0.054
0.001	0.711	0.287	0.001
0.001	0.166	0.804	0.029
0.001	0.859	0.139	0.001
0.001	0.121	0.823	0.055
0.453	0.326	0.166	0.055
0.111	0.055	0.779	0.055
0.141	0.288	0.350	0.221
>CCGSSNANVSVY	19-CCGSSNANVSVY	6.580839	-1.281457	0	T:3.0(0.77%),B:269.4(0.47%),P:1e0	Tpos:502.0,Tstd:291.1,Bpos:5486.6,Bstd:12598.7,StrandBias:1.0,Multiplicity:1.00
0.068	0.457	0.306	0.169
0.001	0.590	0.293	0.116
0.001	0.001	0.997	0.001
0.174	0.305	0.362	0.159
0.169	0.419	0.411	0.001
0.245	0.205	0.350	0.200
0.589	0.001	0.409	0.001
0.294	0.282	0.250	0.174
0.304	0.314	0.381	0.001
0.114	0.293	0.388	0.205
0.250	0.343	0.270	0.137
0.045	0.415	0.046	0.494
>BCSGCSGBYGCB	20-BCSGCSGBYGCB	6.685647	-1.193425	0	T:25.0(6.39%),B:3280.3(5.69%),P:1e0	Tpos:299.7,Tstd:280.0,Bpos:1667.2,Bstd:6532.5,StrandBias:1.7,Multiplicity:1.05
0.016	0.329	0.370	0.285
0.162	0.447	0.286	0.104
0.127	0.373	0.287	0.213
0.001	0.313	0.490	0.196
0.001	0.504	0.320	0.175
0.001	0.299	0.448	0.252
0.223	0.011	0.760	0.006
0.136	0.337	0.219	0.308
0.157	0.481	0.011	0.351
0.001	0.395	0.603	0.001
0.008	0.460	0.306	0.227
0.055	0.346	0.353	0.246
>CCGGCCGGGCGC	21-CCGGCCGGGCGC	11.531724	-0.973224	0	T:4.0(1.02%),B:458.1(0.79%),P:1e0	Tpos:152.2,Tstd:111.7,Bpos:3780.8,Bstd:10221.4,StrandBias:-2.0,Multiplicity:1.25
0.039	0.829	0.099	0.033
0.096	0.698	0.115	0.091
0.082	0.083	0.748	0.087
0.023	0.122	0.808	0.047
0.047	0.809	0.111	0.033
0.072	0.751	0.064	0.113
0.069	0.140	0.708	0.083
0.079	0.106	0.766	0.049
0.081	0.075	0.791	0.053
0.131	0.662	0.130	0.077
0.059	0.136	0.678	0.127
0.065	0.756	0.129	0.050
>CGCKTKCGGCCG	22-CGCKTKCGGCCG	7.690953	-0.618879	0	T:33.0(8.44%),B:4892.9(8.48%),P:1e0	Tpos:165.2,Tstd:144.7,Bpos:3707.2,Bstd:10791.0,StrandBias:1.1,Multiplicity:1.00
0.001	0.731	0.267	0.001
0.001	0.147	0.738	0.114
0.152	0.508	0.025	0.315
0.159	0.184	0.362	0.295
0.138	0.136	0.254	0.472
0.001	0.113	0.440	0.446
0.001	0.708	0.215	0.076
0.177	0.084	0.588	0.151
0.001	0.140	0.745	0.114
0.114	0.675	0.210	0.001
0.066	0.576	0.282	0.076
0.001	0.182	0.816	0.001
>CGCSGCGGCGGN	23-CGCSGCGGCGGN	9.008995	-0.544394	0	T:15.0(3.84%),B:2275.8(3.95%),P:1e0	Tpos:368.4,Tstd:273.1,Bpos:2181.4,Bstd:10290.3,StrandBias:0.4,Multiplicity:1.00
0.218	0.532	0.191	0.059
0.051	0.056	0.853	0.040
0.090	0.657	0.161	0.092
0.031	0.431	0.285	0.253
0.071	0.152	0.665	0.112
0.001	0.935	0.063	0.001
0.147	0.219	0.463	0.171
0.079	0.140	0.641	0.140
0.001	0.880	0.090	0.029
0.001	0.327	0.523	0.149
0.210	0.216	0.535	0.039
0.256	0.309	0.226	0.208
>NCBBYCGCGSBN	24-NCBBYCGCGSBN	7.522347	-0.218465	0	T:7.0(1.79%),B:1340.6(2.32%),P:1e0	Tpos:174.3,Tstd:154.4,Bpos:2184.3,Bstd:7427.4,StrandBias:2.3,Multiplicity:1.00
0.259	0.308	0.198	0.235
0.001	0.494	0.321	0.184
0.012	0.346	0.321	0.321
0.001	0.284	0.383	0.333
0.001	0.407	0.234	0.358
0.012	0.469	0.272	0.247
0.001	0.001	0.997	0.001
0.001	0.974	0.024	0.001
0.001	0.001	0.997	0.001
0.037	0.432	0.358	0.173
0.136	0.297	0.222	0.346
0.185	0.296	0.223	0.296
>CSCGCCBCCCCV	25-CSCGCCBCCCCV	7.839902	-0.147274	0	T:7.0(1.79%),B:1453.3(2.52%),P:1e0	Tpos:187.0,Tstd:69.0,Bpos:4946.7,Bstd:12007.6,StrandBias:0.0,Multiplicity:1.00
0.167	0.414	0.226	0.192
0.111	0.338	0.455	0.096
0.147	0.674	0.124	0.055
0.054	0.204	0.581	0.161
0.156	0.525	0.218	0.101
0.122	0.588	0.114	0.176
0.127	0.223	0.301	0.349
0.064	0.636	0.166	0.134
0.045	0.650	0.139	0.166
0.073	0.593	0.173	0.161
0.060	0.574	0.291	0.075
0.226	0.248	0.348	0.179
