>GGGAAACGCG	1-GGGAAACGCG	8.397720	-4.045555	0	T:11.0(2.81%),B:767.8(1.33%),P:1e-1	Tpos:69.7,Tstd:47.8,Bpos:10023.9,Bstd:17422.6,StrandBias:2.2,Multiplicity:1.00
0.088	0.093	0.708	0.111
0.100	0.102	0.737	0.061
0.099	0.117	0.747	0.037
0.682	0.109	0.135	0.074
0.702	0.098	0.139	0.061
0.626	0.116	0.162	0.096
0.124	0.651	0.131	0.094
0.076	0.130	0.689	0.105
0.067	0.737	0.105	0.091
0.094	0.108	0.719	0.079
>CGAGCCGCGC	2-CGAGCCGCGC	7.380518	-3.406563	0	T:32.0(8.18%),B:3341.3(5.79%),P:1e-1	Tpos:311.3,Tstd:288.9,Bpos:2776.4,Bstd:8480.7,StrandBias:-0.1,Multiplicity:1.15
0.134	0.644	0.144	0.078
0.092	0.140	0.701	0.067
0.623	0.143	0.153	0.081
0.063	0.107	0.739	0.091
0.096	0.730	0.114	0.060
0.102	0.695	0.102	0.101
0.070	0.142	0.719	0.069
0.077	0.714	0.128	0.081
0.083	0.096	0.727	0.094
0.084	0.708	0.128	0.080
>CGCATCTCCG	3-CGCATCTCCG	8.874766	-3.366331	0	T:6.0(1.53%),B:350.8(0.61%),P:1e-1	Tpos:281.3,Tstd:249.5,Bpos:4004.0,Bstd:10376.4,StrandBias:2.3,Multiplicity:1.00
0.093	0.726	0.097	0.084
0.106	0.107	0.702	0.085
0.109	0.706	0.104	0.081
0.565	0.148	0.138	0.149
0.114	0.119	0.122	0.645
0.077	0.741	0.099	0.083
0.053	0.163	0.135	0.649
0.024	0.798	0.108	0.070
0.083	0.730	0.093	0.094
0.057	0.112	0.739	0.092
>NCTCGGCGCN	4-NCTCGGCGCN	6.295123	-3.086496	0	T:15.0(3.84%),B:1351.1(2.34%),P:1e-1	Tpos:355.4,Tstd:303.2,Bpos:3224.7,Bstd:9826.7,StrandBias:0.0,Multiplicity:1.08
0.219	0.288	0.280	0.212
0.114	0.588	0.165	0.133
0.126	0.197	0.207	0.469
0.120	0.576	0.178	0.126
0.137	0.186	0.531	0.146
0.111	0.191	0.586	0.112
0.149	0.559	0.176	0.116
0.128	0.169	0.561	0.142
0.132	0.574	0.176	0.118
0.210	0.288	0.274	0.228
>CGCCGCGGGA	5-CGCCGCGGGA	8.350283	-3.064017	0	T:29.0(7.42%),B:3064.9(5.31%),P:1e-1	Tpos:466.2,Tstd:272.2,Bpos:3470.7,Bstd:10268.3,StrandBias:-0.1,Multiplicity:1.31
0.100	0.700	0.100	0.100
0.100	0.100	0.700	0.100
0.100	0.700	0.100	0.100
0.100	0.700	0.100	0.100
0.100	0.100	0.700	0.100
0.100	0.700	0.100	0.100
0.100	0.100	0.700	0.100
0.100	0.100	0.700	0.100
0.100	0.100	0.700	0.100
0.700	0.100	0.100	0.100
>GMGCSGCGCK	6-GMGCSGCGCK	9.117598	-3.040865	0	T:16.0(4.09%),B:1477.5(2.56%),P:1e-1	Tpos:314.2,Tstd:255.6,Bpos:1592.9,Bstd:5853.9,StrandBias:0.5,Multiplicity:1.07
0.040	0.266	0.668	0.026
0.445	0.388	0.155	0.011
0.041	0.017	0.916	0.026
0.023	0.946	0.030	0.001
0.053	0.455	0.360	0.132
0.001	0.161	0.814	0.024
0.219	0.593	0.147	0.041
0.039	0.034	0.698	0.229
0.024	0.749	0.226	0.001
0.052	0.181	0.426	0.341
>NGCGCTCCGN	7-NGCGCTCCGN	6.401858	-2.969933	0	T:10.0(2.56%),B:805.2(1.40%),P:1e-1	Tpos:283.6,Tstd:196.2,Bpos:2408.0,Bstd:7614.4,StrandBias:0.0,Multiplicity:1.00
0.228	0.267	0.282	0.223
0.120	0.173	0.587	0.120
0.142	0.558	0.172	0.128
0.141	0.171	0.530	0.158
0.109	0.596	0.159	0.136
0.138	0.203	0.188	0.471
0.100	0.565	0.191	0.144
0.134	0.549	0.169	0.148
0.122	0.174	0.563	0.141
0.217	0.265	0.303	0.215
>CGCGGCGCCC	8-CGCGGCGCCC	8.873136	-2.828113	0	T:45.0(11.51%),B:5223.2(9.06%),P:1e-1	Tpos:213.5,Tstd:234.2,Bpos:2108.1,Bstd:7397.8,StrandBias:0.2,Multiplicity:1.31
0.059	0.833	0.059	0.049
0.035	0.101	0.767	0.097
0.055	0.821	0.103	0.021
0.060	0.073	0.815	0.052
0.041	0.086	0.831	0.042
0.071	0.797	0.073	0.059
0.041	0.131	0.742	0.086
0.047	0.815	0.100	0.038
0.071	0.748	0.109	0.072
0.035	0.833	0.070	0.062
>GGCGGCTCCG	9-GGCGGCTCCG	9.248825	-2.760538	0	T:25.0(6.39%),B:2649.3(4.59%),P:1e-1	Tpos:324.2,Tstd:299.5,Bpos:3636.7,Bstd:10234.8,StrandBias:-0.8,Multiplicity:1.05
0.077	0.090	0.759	0.074
0.024	0.085	0.783	0.108
0.071	0.781	0.069	0.079
0.058	0.074	0.810	0.058
0.052	0.073	0.787	0.088
0.018	0.889	0.041	0.052
0.054	0.062	0.124	0.760
0.001	0.819	0.081	0.099
0.071	0.792	0.065	0.072
0.038	0.089	0.824	0.049
>CCCGGGAATC	10-CCCGGGAATC	8.766828	-2.709610	0	T:4.0(1.02%),B:221.2(0.38%),P:1e-1	Tpos:333.8,Tstd:264.5,Bpos:9496.9,Bstd:14343.1,StrandBias:1.6,Multiplicity:1.00
0.077	0.715	0.128	0.080
0.093	0.741	0.096	0.070
0.084	0.712	0.114	0.090
0.078	0.133	0.693	0.096
0.081	0.074	0.773	0.072
0.100	0.077	0.769	0.054
0.656	0.120	0.137	0.087
0.624	0.128	0.139	0.109
0.114	0.126	0.134	0.626
0.102	0.690	0.111	0.097
>NCCGGCGCGN	11-NCCGGCGCGN	6.501293	-2.643332	0	T:15.0(3.84%),B:1443.8(2.50%),P:1e-1	Tpos:308.3,Tstd:250.5,Bpos:2041.7,Bstd:6954.3,StrandBias:-0.2,Multiplicity:1.00
0.206	0.291	0.288	0.215
0.126	0.529	0.204	0.141
0.137	0.599	0.135	0.129
0.136	0.136	0.585	0.143
0.126	0.219	0.535	0.120
0.151	0.517	0.204	0.128
0.121	0.123	0.614	0.142
0.150	0.583	0.143	0.124
0.133	0.214	0.503	0.150
0.213	0.245	0.320	0.222
>TCCCGCCGGC	12-TCCCGCCGGC	9.445997	-2.427007	0	T:30.0(7.67%),B:3402.1(5.90%),P:1e-1	Tpos:242.7,Tstd:252.0,Bpos:3684.4,Bstd:11006.9,StrandBias:0.4,Multiplicity:1.14
0.078	0.270	0.078	0.574
0.001	0.962	0.036	0.001
0.021	0.912	0.001	0.066
0.088	0.694	0.097	0.121
0.001	0.022	0.928	0.049
0.001	0.818	0.140	0.041
0.168	0.684	0.086	0.062
0.001	0.237	0.701	0.061
0.001	0.150	0.848	0.001
0.031	0.890	0.078	0.001
>CGGAGCCCGG	13-CGGAGCCCGG	9.117126	-2.222882	0	T:29.0(7.42%),B:3347.2(5.80%),P:1e0	Tpos:337.6,Tstd:309.2,Bpos:3514.2,Bstd:9954.7,StrandBias:0.3,Multiplicity:1.04
0.057	0.822	0.063	0.058
0.058	0.085	0.833	0.024
0.049	0.097	0.808	0.046
0.720	0.101	0.087	0.092
0.032	0.111	0.786	0.071
0.033	0.854	0.049	0.064
0.064	0.788	0.066	0.082
0.064	0.809	0.086	0.041
0.071	0.110	0.770	0.049
0.074	0.055	0.815	0.056
>GGGAGCGGCK	14-GGGAGCGGCK	9.235538	-2.172695	0	T:4.0(1.02%),B:269.7(0.47%),P:1e0	Tpos:225.7,Tstd:182.1,Bpos:6496.8,Bstd:13519.1,StrandBias:1.0,Multiplicity:1.00
0.105	0.086	0.711	0.098
0.089	0.139	0.739	0.033
0.168	0.126	0.568	0.138
0.571	0.195	0.180	0.054
0.042	0.215	0.674	0.069
0.135	0.655	0.102	0.108
0.112	0.147	0.615	0.126
0.030	0.107	0.808	0.055
0.100	0.676	0.172	0.052
0.132	0.165	0.316	0.387
>GCBCCGCCGG	15-GCBCCGCCGG	9.286931	-2.059971	0	T:22.0(5.63%),B:2488.5(4.32%),P:1e0	Tpos:234.0,Tstd:163.4,Bpos:3024.8,Bstd:9100.4,StrandBias:-1.3,Multiplicity:1.00
0.001	0.065	0.870	0.064
0.036	0.934	0.015	0.015
0.081	0.297	0.361	0.261
0.001	0.589	0.346	0.064
0.093	0.741	0.128	0.038
0.150	0.238	0.602	0.010
0.098	0.654	0.209	0.039
0.013	0.581	0.362	0.044
0.057	0.059	0.849	0.035
0.016	0.008	0.975	0.001
>TCCGCCGGCG	16-TCCGCCGGCG	8.350283	-1.770644	0	T:22.0(5.63%),B:2596.0(4.50%),P:1e0	Tpos:382.8,Tstd:309.3,Bpos:3431.4,Bstd:10337.9,StrandBias:0.2,Multiplicity:1.20
0.100	0.100	0.100	0.700
0.100	0.700	0.100	0.100
0.100	0.700	0.100	0.100
0.100	0.100	0.700	0.100
0.100	0.700	0.100	0.100
0.100	0.700	0.100	0.100
0.100	0.100	0.700	0.100
0.100	0.100	0.700	0.100
0.100	0.700	0.100	0.100
0.100	0.100	0.700	0.100
>CGCCGCTCCC	17-CGCCGCTCCC	9.615307	-1.509530	0	T:6.0(1.53%),B:595.2(1.03%),P:1e0	Tpos:223.4,Tstd:255.5,Bpos:6121.9,Bstd:13711.5,StrandBias:10.0,Multiplicity:1.00
0.092	0.806	0.078	0.024
0.001	0.260	0.445	0.294
0.001	0.738	0.260	0.001
0.030	0.637	0.217	0.116
0.001	0.200	0.613	0.186
0.143	0.664	0.138	0.055
0.026	0.310	0.057	0.607
0.025	0.738	0.236	0.001
0.033	0.838	0.001	0.128
0.001	0.840	0.105	0.054
>GGGGAGCGCG	18-GGGGAGCGCG	11.634676	-1.321476	0	T:3.0(0.77%),B:264.0(0.46%),P:1e0	Tpos:337.0,Tstd:221.1,Bpos:2730.7,Bstd:9153.9,StrandBias:1.0,Multiplicity:1.00
0.068	0.040	0.826	0.066
0.093	0.091	0.750	0.066
0.096	0.065	0.797	0.042
0.087	0.084	0.782	0.047
0.821	0.053	0.072	0.054
0.057	0.082	0.787	0.074
0.053	0.807	0.097	0.043
0.064	0.090	0.788	0.058
0.039	0.826	0.099	0.036
0.040	0.110	0.822	0.028
>SGGSSGCGSS	19-SGGSSGCGSS	8.678973	-1.064213	0	T:31.0(7.93%),B:4212.9(7.31%),P:1e0	Tpos:344.5,Tstd:300.5,Bpos:1941.3,Bstd:6862.4,StrandBias:-0.2,Multiplicity:1.13
0.001	0.486	0.512	0.001
0.001	0.328	0.547	0.124
0.001	0.001	0.997	0.001
0.108	0.417	0.474	0.001
0.162	0.399	0.320	0.118
0.001	0.001	0.997	0.001
0.221	0.714	0.064	0.001
0.029	0.001	0.745	0.225
0.001	0.480	0.518	0.001
0.001	0.443	0.474	0.082
>CGCCTCCCCC	20-CGCCTCCCCC	11.583989	-1.039699	0	T:4.0(1.02%),B:442.7(0.77%),P:1e0	Tpos:322.5,Tstd:298.1,Bpos:5952.3,Bstd:13476.0,StrandBias:1.6,Multiplicity:1.00
0.001	0.984	0.004	0.011
0.057	0.054	0.714	0.175
0.138	0.860	0.001	0.001
0.192	0.785	0.001	0.022
0.093	0.042	0.123	0.742
0.001	0.931	0.010	0.058
0.001	0.787	0.001	0.211
0.001	0.676	0.082	0.241
0.072	0.755	0.071	0.102
0.001	0.778	0.189	0.032
>GGAGCGGGCG	21-GGAGCGGGCG	10.296193	-0.739548	0	T:3.0(0.77%),B:380.3(0.66%),P:1e0	Tpos:271.0,Tstd:68.0,Bpos:2355.0,Bstd:6707.4,StrandBias:0.0,Multiplicity:1.00
0.100	0.100	0.700	0.100
0.100	0.100	0.700	0.100
0.700	0.100	0.100	0.100
0.100	0.100	0.700	0.100
0.100	0.700	0.100	0.100
0.100	0.100	0.700	0.100
0.100	0.100	0.700	0.100
0.100	0.100	0.700	0.100
0.100	0.700	0.100	0.100
0.100	0.100	0.700	0.100
>CBGGGGCGCG	22-CBGGGGCGCG	8.691001	-0.697374	0	T:11.0(2.81%),B:1569.8(2.72%),P:1e0	Tpos:324.2,Tstd:306.0,Bpos:3343.0,Bstd:9495.0,StrandBias:0.0,Multiplicity:1.14
0.001	0.639	0.343	0.017
0.080	0.338	0.323	0.259
0.001	0.111	0.887	0.001
0.001	0.027	0.971	0.001
0.194	0.129	0.676	0.001
0.111	0.223	0.665	0.001
0.298	0.456	0.140	0.106
0.001	0.214	0.721	0.064
0.126	0.670	0.203	0.001
0.052	0.308	0.563	0.077
>CVGCSGCSGC	23-CVGCSGCSGC	9.697713	-0.672523	0	T:40.0(10.23%),B:5868.2(10.18%),P:1e0	Tpos:322.6,Tstd:289.7,Bpos:2001.7,Bstd:8067.6,StrandBias:0.0,Multiplicity:1.44
0.147	0.787	0.065	0.001
0.352	0.291	0.356	0.001
0.001	0.153	0.845	0.001
0.001	0.997	0.001	0.001
0.001	0.425	0.463	0.111
0.001	0.001	0.997	0.001
0.001	0.997	0.001	0.001
0.001	0.466	0.532	0.001
0.001	0.001	0.997	0.001
0.001	0.588	0.410	0.001
>GGSCGCCCRG	24-GGSCGCCCRG	9.258210	-0.527109	0	T:10.0(2.56%),B:1530.8(2.65%),P:1e0	Tpos:355.2,Tstd:271.2,Bpos:3831.4,Bstd:10644.6,StrandBias:0.7,Multiplicity:1.14
0.001	0.167	0.831	0.001
0.064	0.192	0.743	0.001
0.001	0.512	0.448	0.039
0.326	0.572	0.101	0.001
0.045	0.214	0.740	0.001
0.001	0.628	0.370	0.001
0.001	0.608	0.390	0.001
0.001	0.743	0.255	0.001
0.424	0.170	0.345	0.061
0.001	0.029	0.969	0.001
>GCCGGCCTGC	25-GCCGGCCTGC	9.387225	-0.367023	0	T:3.0(0.77%),B:526.8(0.91%),P:1e0	Tpos:216.7,Tstd:168.4,Bpos:6964.6,Bstd:14553.0,StrandBias:-1.0,Multiplicity:1.00
0.046	0.207	0.675	0.072
0.044	0.701	0.248	0.007
0.042	0.711	0.146	0.101
0.078	0.133	0.633	0.156
0.001	0.188	0.760	0.051
0.035	0.780	0.148	0.037
0.043	0.688	0.168	0.101
0.167	0.132	0.057	0.644
0.073	0.060	0.798	0.069
0.054	0.609	0.255	0.082
>TGCATAATTTGT	1-TGCATAATTTGT	14.633082	-12.924384	0	T:6.0(1.53%),B:51.7(0.09%),P:1e-5	Tpos:72.3,Tstd:49.5,Bpos:14520.7,Bstd:13583.2,StrandBias:1.0,Multiplicity:1.00
0.001	0.001	0.001	0.997
0.001	0.001	0.997	0.001
0.001	0.821	0.001	0.177
0.997	0.001	0.001	0.001
0.001	0.001	0.001	0.997
0.997	0.001	0.001	0.001
0.997	0.001	0.001	0.001
0.001	0.212	0.001	0.786
0.001	0.001	0.001	0.997
0.001	0.001	0.001	0.997
0.001	0.001	0.997	0.001
0.001	0.001	0.001	0.997
>CTCCCCGGCGCG	2-CTCCCCGGCGCG	11.335931	-7.358533	0	T:8.0(2.05%),B:269.3(0.47%),P:1e-3	Tpos:368.8,Tstd:187.8,Bpos:3316.9,Bstd:11087.9,StrandBias:1.0,Multiplicity:1.00
0.055	0.759	0.109	0.077
0.093	0.110	0.095	0.702
0.030	0.768	0.139	0.063
0.029	0.863	0.044	0.064
0.053	0.758	0.114	0.075
0.030	0.718	0.174	0.078
0.091	0.102	0.764	0.043
0.054	0.147	0.773	0.026
0.082	0.775	0.117	0.026
0.065	0.133	0.715	0.087
0.080	0.749	0.125	0.046
0.143	0.096	0.655	0.106
>CGCGCCCTCTCN	3-CGCGCCCTCTCN	7.713356	-7.134505	0	T:28.0(7.16%),B:2126.0(3.69%),P:1e-3	Tpos:274.6,Tstd:272.6,Bpos:4577.1,Bstd:12009.1,StrandBias:0.0,Multiplicity:1.14
0.194	0.415	0.234	0.156
0.086	0.120	0.683	0.111
0.087	0.703	0.129	0.081
0.074	0.123	0.721	0.082
0.080	0.646	0.182	0.092
0.090	0.661	0.141	0.108
0.079	0.638	0.143	0.140
0.141	0.144	0.185	0.530
0.119	0.572	0.138	0.171
0.108	0.150	0.161	0.581
0.120	0.627	0.108	0.145
0.212	0.226	0.317	0.246
>SCGGRCYGCGTT	4-SCGGRCYGCGTT	10.958926	-6.944122	0	T:6.0(1.53%),B:160.0(0.28%),P:1e-3	Tpos:84.7,Tstd:57.5,Bpos:5011.6,Bstd:12161.5,StrandBias:0.0,Multiplicity:1.00
0.001	0.564	0.434	0.001
0.001	0.577	0.421	0.001
0.001	0.210	0.788	0.001
0.001	0.111	0.887	0.001
0.335	0.229	0.435	0.001
0.001	0.997	0.001	0.001
0.001	0.435	0.229	0.335
0.001	0.111	0.887	0.001
0.001	0.887	0.111	0.001
0.001	0.001	0.997	0.001
0.001	0.099	0.223	0.677
0.323	0.001	0.112	0.564
>NCCCCGGCGCGB	5-NCCCCGGCGCGB	9.988018	-5.475468	0	T:3.0(0.77%),B:45.7(0.08%),P:1e-2	Tpos:432.7,Tstd:349.6,Bpos:2077.3,Bstd:5488.6,StrandBias:1.0,Multiplicity:1.00
0.193	0.330	0.296	0.181
0.098	0.571	0.215	0.116
0.096	0.547	0.196	0.161
0.086	0.589	0.184	0.141
0.095	0.666	0.166	0.073
0.134	0.165	0.605	0.096
0.112	0.140	0.668	0.080
0.091	0.704	0.111	0.094
0.069	0.193	0.654	0.084
0.065	0.765	0.102	0.068
0.081	0.138	0.681	0.100
0.173	0.369	0.234	0.223
>ATGTACAGTATT	6-ATGTACAGTATT	13.288079	-4.737065	0	T:4.0(1.02%),B:115.7(0.20%),P:1e-2	Tpos:238.0,Tstd:157.6,Bpos:14957.6,Bstd:11070.7,StrandBias:0.6,Multiplicity:1.25
0.624	0.001	0.001	0.374
0.001	0.001	0.001	0.997
0.001	0.001	0.626	0.372
0.001	0.001	0.001	0.997
0.997	0.001	0.001	0.001
0.001	0.781	0.217	0.001
0.990	0.001	0.008	0.001
0.001	0.215	0.783	0.001
0.005	0.001	0.001	0.993
0.992	0.001	0.006	0.001
0.001	0.001	0.001	0.997
0.251	0.001	0.198	0.550
>CCGCGCCGACGG	7-CCGCGCCGACGG	11.666452	-3.908637	0	T:1.0(0.26%),B:2.4(0.00%),P:1e-1	Tpos:155.0,Tstd:0.0,Bpos:0.0,Bstd:0.0,StrandBias:-10.0,Multiplicity:1.00
0.219	0.546	0.222	0.013
0.051	0.532	0.326	0.091
0.001	0.142	0.765	0.092
0.090	0.716	0.129	0.065
0.040	0.078	0.819	0.063
0.088	0.731	0.141	0.040
0.103	0.688	0.144	0.065
0.117	0.026	0.856	0.001
0.689	0.235	0.063	0.013
0.297	0.532	0.065	0.106
0.116	0.169	0.546	0.169
0.119	0.222	0.619	0.040
>BBCGSSSGKCGS	8-BBCGSSSGKCGS	8.531655	-3.609773	0	T:12.0(3.07%),B:928.2(1.61%),P:1e-1	Tpos:305.9,Tstd:312.3,Bpos:3983.2,Bstd:11347.1,StrandBias:2.6,Multiplicity:1.00
0.087	0.262	0.345	0.305
0.131	0.279	0.240	0.349
0.001	0.896	0.082	0.021
0.001	0.392	0.606	0.001
0.001	0.410	0.458	0.131
0.044	0.519	0.415	0.022
0.174	0.394	0.431	0.001
0.153	0.087	0.542	0.218
0.131	0.219	0.388	0.262
0.001	0.781	0.001	0.217
0.001	0.001	0.997	0.001
0.001	0.454	0.349	0.196
>TATTTGRTGTAC	9-TATTTGRTGTAC	14.190158	-3.225549	0	T:1.0(0.26%),B:5.3(0.01%),P:1e-1	Tpos:123.0,Tstd:0.0,Bpos:16300.1,Bstd:11075.0,StrandBias:10.0,Multiplicity:1.00
0.001	0.001	0.001	0.997
0.833	0.001	0.165	0.001
0.001	0.001	0.001	0.997
0.001	0.214	0.001	0.784
0.001	0.001	0.001	0.997
0.001	0.156	0.580	0.263
0.495	0.001	0.405	0.099
0.001	0.001	0.189	0.809
0.001	0.001	0.997	0.001
0.141	0.001	0.001	0.857
0.997	0.001	0.001	0.001
0.170	0.677	0.152	0.001
>CSSSCGCSCKTY	10-CSSSCGCSCKTY	8.161836	-3.104969	0	T:2.0(0.51%),B:48.4(0.08%),P:1e-1	Tpos:276.5,Tstd:230.5,Bpos:3451.2,Bstd:9780.6,StrandBias:-10.0,Multiplicity:1.00
0.225	0.538	0.236	0.001
0.001	0.470	0.372	0.157
0.068	0.527	0.394	0.011
0.001	0.394	0.473	0.133
0.180	0.583	0.236	0.001
0.001	0.213	0.775	0.011
0.157	0.529	0.313	0.001
0.001	0.346	0.495	0.157
0.225	0.403	0.236	0.135
0.146	0.144	0.349	0.360
0.202	0.313	0.001	0.484
0.001	0.504	0.001	0.494
>CGMABCGCSGGS	11-CGMABCGCSGGS	8.275936	-2.645111	0	T:29.0(7.42%),B:3196.9(5.54%),P:1e-1	Tpos:347.3,Tstd:325.4,Bpos:3125.3,Bstd:9905.7,StrandBias:1.4,Multiplicity:1.06
0.001	0.807	0.173	0.019
0.075	0.001	0.923	0.001
0.263	0.396	0.245	0.096
0.572	0.132	0.178	0.118
0.057	0.392	0.284	0.267
0.055	0.736	0.171	0.038
0.001	0.199	0.590	0.210
0.001	0.825	0.173	0.001
0.038	0.458	0.449	0.054
0.001	0.285	0.676	0.038
0.191	0.281	0.509	0.019
0.153	0.322	0.448	0.076
>CGCGTTCGCGCG	12-CGCGTTCGCGCG	9.702447	-2.475700	0	T:1.0(0.26%),B:12.9(0.02%),P:1e-1	Tpos:839.0,Tstd:0.0,Bpos:5629.0,Bstd:0.0,StrandBias:10.0,Multiplicity:1.00
0.001	0.452	0.287	0.260
0.137	0.287	0.452	0.123
0.001	0.589	0.178	0.232
0.001	0.109	0.877	0.013
0.137	0.192	0.246	0.425
0.001	0.219	0.219	0.561
0.001	0.740	0.013	0.246
0.001	0.274	0.684	0.041
0.014	0.630	0.274	0.082
0.001	0.232	0.766	0.001
0.109	0.671	0.219	0.001
0.246	0.178	0.411	0.164
>VGGCGCCGCGCS	13-VGGCGCCGCGCS	6.279790	-2.127536	0	T:90.0(23.02%),B:11802.6(20.47%),P:1e0	Tpos:253.7,Tstd:259.9,Bpos:2078.7,Bstd:7365.7,StrandBias:0.2,Multiplicity:1.92
0.185	0.330	0.310	0.175
0.182	0.200	0.530	0.088
0.093	0.150	0.628	0.129
0.103	0.712	0.090	0.095
0.077	0.126	0.704	0.093
0.134	0.608	0.150	0.108
0.108	0.623	0.151	0.118
0.113	0.106	0.688	0.093
0.129	0.694	0.079	0.098
0.154	0.105	0.617	0.124
0.136	0.619	0.127	0.118
0.170	0.267	0.358	0.206
>ACWTTGATATTW	14-ACWTTGATATTW	14.190400	-1.861358	0	T:1.0(0.26%),B:24.7(0.04%),P:1e0	Tpos:275.8,Tstd:123.9,Bpos:12687.7,Bstd:11474.0,StrandBias:10.0,Multiplicity:6.00
0.997	0.001	0.001	0.001
0.001	0.997	0.001	0.001
0.492	0.001	0.001	0.506
0.001	0.001	0.001	0.997
0.001	0.001	0.001	0.997
0.409	0.001	0.589	0.001
0.997	0.001	0.001	0.001
0.001	0.001	0.001	0.997
0.589	0.409	0.001	0.001
0.001	0.001	0.001	0.997
0.001	0.001	0.001	0.997
0.492	0.001	0.001	0.506
>BSCGCGGDMRYV	15-BSCGCGGDMRYV	7.722024	-1.646166	0	T:6.0(1.53%),B:569.0(0.99%),P:1e0	Tpos:264.2,Tstd:318.9,Bpos:2056.7,Bstd:6075.9,StrandBias:-0.6,Multiplicity:1.00
0.131	0.380	0.239	0.251
0.012	0.403	0.370	0.215
0.023	0.917	0.001	0.059
0.012	0.298	0.689	0.001
0.001	0.772	0.226	0.001
0.012	0.236	0.751	0.001
0.179	0.272	0.429	0.119
0.334	0.119	0.332	0.215
0.394	0.320	0.143	0.143
0.370	0.200	0.429	0.001
0.001	0.418	0.262	0.319
0.298	0.322	0.379	0.001
>GCGCCCTCTCCA	16-GCGCCCTCTCCA	9.478950	-1.571136	0	T:7.0(1.79%),B:706.1(1.22%),P:1e0	Tpos:88.0,Tstd:0.0,Bpos:10103.1,Bstd:16721.5,StrandBias:10.0,Multiplicity:1.00
0.088	0.206	0.612	0.094
0.101	0.672	0.120	0.107
0.092	0.144	0.641	0.123
0.074	0.730	0.118	0.078
0.099	0.692	0.098	0.111
0.080	0.717	0.094	0.109
0.093	0.161	0.150	0.596
0.055	0.727	0.120	0.098
0.077	0.199	0.119	0.605
0.047	0.722	0.134	0.097
0.080	0.754	0.091	0.075
0.535	0.170	0.136	0.159
>SGGGGAGGAAAR	17-SGGGGAGGAAAR	10.938751	-1.418602	0	T:1.0(0.26%),B:40.0(0.07%),P:1e0	Tpos:161.0,Tstd:0.0,Bpos:7666.3,Bstd:14146.4,StrandBias:10.0,Multiplicity:1.00
0.048	0.522	0.429	0.001
0.235	0.149	0.574	0.042
0.222	0.062	0.648	0.068
0.055	0.184	0.719	0.042
0.062	0.041	0.896	0.001
0.627	0.083	0.132	0.158
0.134	0.083	0.615	0.168
0.119	0.310	0.570	0.001
0.805	0.001	0.193	0.001
0.684	0.041	0.274	0.001
0.658	0.017	0.283	0.042
0.337	0.199	0.360	0.104
>GGTCCCGCGMGB	18-GGTCCCGCGMGB	9.182917	-1.349030	0	T:13.0(3.32%),B:1552.4(2.69%),P:1e0	Tpos:225.2,Tstd:186.0,Bpos:4036.5,Bstd:11059.1,StrandBias:1.0,Multiplicity:1.29
0.090	0.318	0.475	0.117
0.055	0.165	0.628	0.152
0.110	0.253	0.074	0.563
0.001	0.691	0.143	0.165
0.001	0.944	0.001	0.054
0.001	0.711	0.287	0.001
0.001	0.166	0.804	0.029
0.001	0.859	0.139	0.001
0.001	0.121	0.823	0.055
0.453	0.326	0.166	0.055
0.111	0.055	0.779	0.055
0.141	0.288	0.350	0.221
>CCGSSNANVSVY	19-CCGSSNANVSVY	6.580839	-1.281457	0	T:3.0(0.77%),B:269.4(0.47%),P:1e0	Tpos:502.0,Tstd:291.1,Bpos:5486.6,Bstd:12598.7,StrandBias:1.0,Multiplicity:1.00
0.068	0.457	0.306	0.169
0.001	0.590	0.293	0.116
0.001	0.001	0.997	0.001
0.174	0.305	0.362	0.159
0.169	0.419	0.411	0.001
0.245	0.205	0.350	0.200
0.589	0.001	0.409	0.001
0.294	0.282	0.250	0.174
0.304	0.314	0.381	0.001
0.114	0.293	0.388	0.205
0.250	0.343	0.270	0.137
0.045	0.415	0.046	0.494
>BCSGCSGBYGCB	20-BCSGCSGBYGCB	6.685647	-1.193425	0	T:25.0(6.39%),B:3280.3(5.69%),P:1e0	Tpos:299.7,Tstd:280.0,Bpos:1667.2,Bstd:6532.5,StrandBias:1.7,Multiplicity:1.05
0.016	0.329	0.370	0.285
0.162	0.447	0.286	0.104
0.127	0.373	0.287	0.213
0.001	0.313	0.490	0.196
0.001	0.504	0.320	0.175
0.001	0.299	0.448	0.252
0.223	0.011	0.760	0.006
0.136	0.337	0.219	0.308
0.157	0.481	0.011	0.351
0.001	0.395	0.603	0.001
0.008	0.460	0.306	0.227
0.055	0.346	0.353	0.246
>CCGGCCGGGCGC	21-CCGGCCGGGCGC	11.531724	-0.973224	0	T:4.0(1.02%),B:458.1(0.79%),P:1e0	Tpos:152.2,Tstd:111.7,Bpos:3780.8,Bstd:10221.4,StrandBias:-2.0,Multiplicity:1.25
0.039	0.829	0.099	0.033
0.096	0.698	0.115	0.091
0.082	0.083	0.748	0.087
0.023	0.122	0.808	0.047
0.047	0.809	0.111	0.033
0.072	0.751	0.064	0.113
0.069	0.140	0.708	0.083
0.079	0.106	0.766	0.049
0.081	0.075	0.791	0.053
0.131	0.662	0.130	0.077
0.059	0.136	0.678	0.127
0.065	0.756	0.129	0.050
>CGCKTKCGGCCG	22-CGCKTKCGGCCG	7.690953	-0.618879	0	T:33.0(8.44%),B:4892.9(8.48%),P:1e0	Tpos:165.2,Tstd:144.7,Bpos:3707.2,Bstd:10791.0,StrandBias:1.1,Multiplicity:1.00
0.001	0.731	0.267	0.001
0.001	0.147	0.738	0.114
0.152	0.508	0.025	0.315
0.159	0.184	0.362	0.295
0.138	0.136	0.254	0.472
0.001	0.113	0.440	0.446
0.001	0.708	0.215	0.076
0.177	0.084	0.588	0.151
0.001	0.140	0.745	0.114
0.114	0.675	0.210	0.001
0.066	0.576	0.282	0.076
0.001	0.182	0.816	0.001
>CGCSGCGGCGGN	23-CGCSGCGGCGGN	9.008995	-0.544394	0	T:15.0(3.84%),B:2275.8(3.95%),P:1e0	Tpos:368.4,Tstd:273.1,Bpos:2181.4,Bstd:10290.3,StrandBias:0.4,Multiplicity:1.00
0.218	0.532	0.191	0.059
0.051	0.056	0.853	0.040
0.090	0.657	0.161	0.092
0.031	0.431	0.285	0.253
0.071	0.152	0.665	0.112
0.001	0.935	0.063	0.001
0.147	0.219	0.463	0.171
0.079	0.140	0.641	0.140
0.001	0.880	0.090	0.029
0.001	0.327	0.523	0.149
0.210	0.216	0.535	0.039
0.256	0.309	0.226	0.208
>NCBBYCGCGSBN	24-NCBBYCGCGSBN	7.522347	-0.218465	0	T:7.0(1.79%),B:1340.6(2.32%),P:1e0	Tpos:174.3,Tstd:154.4,Bpos:2184.3,Bstd:7427.4,StrandBias:2.3,Multiplicity:1.00
0.259	0.308	0.198	0.235
0.001	0.494	0.321	0.184
0.012	0.346	0.321	0.321
0.001	0.284	0.383	0.333
0.001	0.407	0.234	0.358
0.012	0.469	0.272	0.247
0.001	0.001	0.997	0.001
0.001	0.974	0.024	0.001
0.001	0.001	0.997	0.001
0.037	0.432	0.358	0.173
0.136	0.297	0.222	0.346
0.185	0.296	0.223	0.296
>CSCGCCBCCCCV	25-CSCGCCBCCCCV	7.839902	-0.147274	0	T:7.0(1.79%),B:1453.3(2.52%),P:1e0	Tpos:187.0,Tstd:69.0,Bpos:4946.7,Bstd:12007.6,StrandBias:0.0,Multiplicity:1.00
0.167	0.414	0.226	0.192
0.111	0.338	0.455	0.096
0.147	0.674	0.124	0.055
0.054	0.204	0.581	0.161
0.156	0.525	0.218	0.101
0.122	0.588	0.114	0.176
0.127	0.223	0.301	0.349
0.064	0.636	0.166	0.134
0.045	0.650	0.139	0.166
0.073	0.593	0.173	0.161
0.060	0.574	0.291	0.075
0.226	0.248	0.348	0.179
>CCGCGGGA	1-CCGCGGGA	7.248204	-5.918114	0	T:18.0(4.60%),B:1249.9(2.17%),P:1e-2	Tpos:200.5,Tstd:190.0,Bpos:4198.7,Bstd:10709.7,StrandBias:0.0,Multiplicity:1.00
0.071	0.658	0.228	0.043
0.113	0.571	0.180	0.136
0.044	0.189	0.680	0.087
0.075	0.595	0.239	0.091
0.115	0.142	0.654	0.089
0.114	0.059	0.785	0.042
0.123	0.231	0.591	0.055
0.465	0.189	0.199	0.147
>CGCTCCGG	2-CGCTCCGG	7.271367	-4.537318	0	T:15.0(3.84%),B:1117.0(1.94%),P:1e-1	Tpos:319.0,Tstd:262.0,Bpos:3702.1,Bstd:10321.8,StrandBias:0.6,Multiplicity:1.00
0.099	0.631	0.156	0.114
0.080	0.135	0.673	0.112
0.100	0.606	0.173	0.121
0.116	0.207	0.225	0.452
0.072	0.652	0.149	0.127
0.064	0.672	0.164	0.100
0.072	0.168	0.688	0.072
0.119	0.172	0.626	0.083
>CCCGCGGC	3-CCCGCGGC	8.769718	-2.743228	0	T:27.0(6.91%),B:2908.2(5.04%),P:1e-1	Tpos:534.1,Tstd:329.3,Bpos:3252.7,Bstd:9047.2,StrandBias:2.6,Multiplicity:1.00
0.035	0.786	0.062	0.117
0.050	0.735	0.114	0.101
0.034	0.831	0.093	0.042
0.034	0.092	0.806	0.068
0.068	0.761	0.157	0.014
0.129	0.073	0.706	0.092
0.095	0.144	0.641	0.120
0.092	0.737	0.077	0.094
>CGCGGCGC	4-CGCGGCGC	8.776269	-2.243705	0	T:25.0(6.39%),B:2815.0(4.88%),P:1e0	Tpos:264.5,Tstd:273.9,Bpos:1660.5,Bstd:6450.5,StrandBias:-0.8,Multiplicity:1.20
0.090	0.751	0.108	0.051
0.024	0.131	0.737	0.108
0.062	0.785	0.129	0.024
0.085	0.185	0.661	0.069
0.034	0.115	0.811	0.040
0.074	0.772	0.117	0.037
0.049	0.124	0.748	0.079
0.062	0.735	0.159	0.044
>CCGGCGCS	5-CCGGCGCS	8.955384	-2.014822	0	T:18.0(4.60%),B:1984.8(3.44%),P:1e0	Tpos:337.9,Tstd:278.6,Bpos:1966.3,Bstd:6934.0,StrandBias:0.7,Multiplicity:1.00
0.001	0.487	0.311	0.201
0.001	0.997	0.001	0.001
0.001	0.001	0.997	0.001
0.001	0.140	0.858	0.001
0.001	0.997	0.001	0.001
0.001	0.001	0.997	0.001
0.132	0.612	0.255	0.001
0.001	0.446	0.468	0.085
>CGCGGCCG	6-CGCGGCCG	7.336236	-1.558950	0	T:37.0(9.46%),B:4743.8(8.23%),P:1e0	Tpos:248.7,Tstd:220.9,Bpos:2605.3,Bstd:7880.5,StrandBias:-0.2,Multiplicity:1.00
0.146	0.695	0.067	0.092
0.023	0.095	0.791	0.091
0.045	0.828	0.078	0.049
0.114	0.079	0.729	0.078
0.021	0.159	0.763	0.057
0.053	0.759	0.105	0.083
0.064	0.757	0.110	0.069
0.089	0.161	0.681	0.069
>BCCCCGCG	7-BCCCCGCG	8.154746	-1.216665	0	T:15.0(3.84%),B:1877.3(3.26%),P:1e0	Tpos:301.0,Tstd:160.8,Bpos:5529.3,Bstd:14945.9,StrandBias:-2.0,Multiplicity:1.00
0.001	0.356	0.254	0.389
0.001	0.563	0.039	0.397
0.001	0.840	0.001	0.158
0.001	0.787	0.211	0.001
0.001	0.652	0.346	0.001
0.001	0.345	0.653	0.001
0.001	0.864	0.134	0.001
0.001	0.001	0.997	0.001
>CCGAGCGG	8-CCGAGCGG	7.303427	-1.095221	0	T:28.0(7.16%),B:3764.8(6.53%),P:1e0	Tpos:159.2,Tstd:129.0,Bpos:3956.0,Bstd:10784.5,StrandBias:0.4,Multiplicity:1.17
0.078	0.683	0.146	0.093
0.092	0.684	0.158	0.066
0.086	0.096	0.747	0.071
0.760	0.018	0.126	0.096
0.065	0.106	0.799	0.030
0.045	0.827	0.080	0.048
0.058	0.168	0.677	0.097
0.034	0.106	0.827	0.033
>GCGSCGSS	9-GCGSCGSS	6.617393	-1.043828	0	T:112.0(28.64%),B:15957.3(27.67%),P:1e0	Tpos:288.7,Tstd:277.8,Bpos:3229.9,Bstd:10139.2,StrandBias:-0.1,Multiplicity:1.93
0.001	0.351	0.538	0.110
0.001	0.926	0.072	0.001
0.001	0.074	0.924	0.001
0.001	0.457	0.541	0.001
0.165	0.833	0.001	0.001
0.001	0.001	0.906	0.092
0.251	0.426	0.322	0.001
0.001	0.439	0.541	0.019
>CGCCGCSG	10-CGCCGCSG	7.312902	-0.889049	0	T:70.0(17.90%),B:10016.8(17.37%),P:1e0	Tpos:288.7,Tstd:279.6,Bpos:2306.8,Bstd:8240.5,StrandBias:0.7,Multiplicity:1.65
0.122	0.621	0.220	0.037
0.053	0.103	0.793	0.051
0.001	0.866	0.132	0.001
0.196	0.624	0.071	0.109
0.028	0.001	0.933	0.038
0.013	0.940	0.046	0.001
0.001	0.485	0.376	0.138
0.043	0.174	0.736	0.047
>SSCCCGCG	11-SSCCCGCG	7.375611	-0.668670	0	T:23.0(5.88%),B:3362.0(5.83%),P:1e0	Tpos:63.5,Tstd:47.1,Bpos:3835.8,Bstd:11157.4,StrandBias:-1.6,Multiplicity:1.00
0.093	0.446	0.460	0.001
0.215	0.388	0.353	0.044
0.104	0.483	0.303	0.110
0.001	0.814	0.184	0.001
0.001	0.809	0.167	0.023
0.001	0.162	0.836	0.001
0.115	0.582	0.302	0.001
0.001	0.031	0.882	0.086
>CCCGCACG	12-CCCGCACG	6.777525	-0.668162	0	T:59.0(15.09%),B:8678.7(15.05%),P:1e0	Tpos:290.4,Tstd:289.1,Bpos:5580.9,Bstd:12561.4,StrandBias:0.1,Multiplicity:1.22
0.074	0.699	0.105	0.122
0.016	0.858	0.104	0.022
0.025	0.878	0.062	0.035
0.057	0.069	0.868	0.006
0.059	0.659	0.187	0.095
0.496	0.236	0.155	0.113
0.077	0.798	0.112	0.013
0.029	0.134	0.748	0.089
>CGSCCGGN	13-CGSCCGGN	7.080745	-0.659189	0	T:15.0(3.84%),B:2185.5(3.79%),P:1e0	Tpos:155.0,Tstd:185.8,Bpos:4594.7,Bstd:11065.5,StrandBias:1.0,Multiplicity:1.00
0.072	0.768	0.118	0.042
0.090	0.099	0.779	0.032
0.011	0.354	0.477	0.158
0.064	0.628	0.279	0.029
0.027	0.663	0.234	0.076
0.066	0.055	0.776	0.103
0.074	0.230	0.658	0.038
0.254	0.299	0.283	0.164
>GCCGCGTC	14-GCCGCGTC	8.736512	-0.642454	0	T:7.0(1.79%),B:1007.6(1.75%),P:1e0	Tpos:101.3,Tstd:47.8,Bpos:6258.7,Bstd:15783.8,StrandBias:-1.0,Multiplicity:1.00
0.122	0.178	0.635	0.065
0.021	0.772	0.140	0.067
0.035	0.809	0.066	0.090
0.020	0.036	0.899	0.045
0.130	0.758	0.096	0.016
0.028	0.167	0.715	0.090
0.104	0.247	0.039	0.610
0.033	0.806	0.113	0.048
>CGCCGGGG	15-CGCCGGGG	8.785731	-0.573487	0	T:16.0(4.09%),B:2401.4(4.16%),P:1e0	Tpos:106.0,Tstd:17.0,Bpos:3912.5,Bstd:10817.9,StrandBias:0.0,Multiplicity:1.00
0.063	0.763	0.103	0.071
0.050	0.046	0.800	0.104
0.044	0.719	0.143	0.094
0.068	0.738	0.140	0.054
0.058	0.162	0.730	0.050
0.084	0.098	0.736	0.082
0.095	0.058	0.791	0.056
0.099	0.122	0.725	0.054
>SGCCGCGC	16-SGCCGCGC	7.064979	-0.538596	0	T:43.0(11.00%),B:6481.5(11.24%),P:1e0	Tpos:618.5,Tstd:349.5,Bpos:2527.8,Bstd:8008.6,StrandBias:10.0,Multiplicity:1.00
0.028	0.379	0.483	0.110
0.175	0.056	0.741	0.028
0.041	0.542	0.361	0.056
0.173	0.562	0.088	0.177
0.001	0.178	0.820	0.001
0.046	0.738	0.215	0.001
0.044	0.100	0.777	0.079
0.085	0.523	0.305	0.087
>CGCGCTCC	17-CGCGCTCC	7.692149	-0.232890	0	T:27.0(6.91%),B:4557.3(7.90%),P:1e0	Tpos:257.3,Tstd:272.3,Bpos:3301.9,Bstd:9313.1,StrandBias:-0.3,Multiplicity:1.00
0.088	0.722	0.159	0.031
0.015	0.097	0.832	0.056
0.025	0.856	0.069	0.050
0.028	0.145	0.727	0.100
0.062	0.797	0.075	0.066
0.031	0.208	0.159	0.602
0.005	0.708	0.173	0.114
0.119	0.762	0.040	0.079
>VSVSBGCG	18-VSVSBGCG	5.826127	-0.208319	0	T:6.0(1.53%),B:1181.7(2.05%),P:1e0	Tpos:223.8,Tstd:160.8,Bpos:8306.9,Bstd:13842.0,StrandBias:-1.0,Multiplicity:1.00
0.326	0.212	0.321	0.141
0.001	0.523	0.475	0.001
0.302	0.318	0.380	0.001
0.004	0.434	0.561	0.001
0.169	0.268	0.332	0.231
0.001	0.396	0.552	0.051
0.001	0.997	0.001	0.001
0.001	0.219	0.779	0.001
>CCGCGCGC	19-CCGCGCGC	5.842193	-0.202811	0	T:108.0(27.62%),B:17061.6(29.59%),P:1e0	Tpos:256.3,Tstd:252.0,Bpos:4932.7,Bstd:12399.7,StrandBias:0.2,Multiplicity:1.83
0.063	0.785	0.054	0.098
0.088	0.717	0.093	0.102
0.057	0.100	0.760	0.083
0.086	0.687	0.160	0.067
0.079	0.073	0.754	0.094
0.078	0.751	0.131	0.040
0.049	0.123	0.697	0.131
0.061	0.851	0.033	0.055
>CGCCCGGA	20-CGCCCGGA	8.573318	-0.183794	0	T:6.0(1.53%),B:1215.6(2.11%),P:1e0	Tpos:93.0,Tstd:89.0,Bpos:4944.4,Bstd:11763.2,StrandBias:0.0,Multiplicity:1.00
0.001	0.893	0.105	0.001
0.001	0.069	0.792	0.138
0.001	0.692	0.306	0.001
0.001	0.770	0.228	0.001
0.001	0.608	0.390	0.001
0.001	0.106	0.892	0.001
0.079	0.087	0.833	0.001
0.474	0.227	0.081	0.218
>YCSGCGCT	21-YCSGCGCT	5.941945	-0.140262	0	T:118.0(30.18%),B:18868.3(32.72%),P:1e0	Tpos:219.4,Tstd:259.3,Bpos:7454.7,Bstd:14576.1,StrandBias:0.2,Multiplicity:1.38
0.090	0.269	0.243	0.398
0.001	0.739	0.120	0.140
0.001	0.502	0.496	0.001
0.001	0.045	0.953	0.001
0.197	0.740	0.062	0.001
0.001	0.058	0.752	0.189
0.061	0.846	0.092	0.001
0.001	0.381	0.078	0.540
>CCCGGGSN	22-CCCGGGSN	6.973990	-0.123651	0	T:20.0(5.12%),B:3723.7(6.46%),P:1e0	Tpos:200.5,Tstd:239.7,Bpos:7968.2,Bstd:15874.9,StrandBias:-0.7,Multiplicity:1.05
0.001	0.606	0.218	0.175
0.001	0.718	0.001	0.280
0.001	0.884	0.114	0.001
0.001	0.328	0.670	0.001
0.223	0.001	0.775	0.001
0.317	0.001	0.614	0.068
0.001	0.443	0.487	0.069
0.294	0.191	0.243	0.273
>CGGGGCGC	23-CGGGGCGC	8.787859	-0.106466	0	T:14.0(3.58%),B:2773.5(4.81%),P:1e0	Tpos:196.9,Tstd:167.8,Bpos:2688.4,Bstd:8171.5,StrandBias:-0.4,Multiplicity:1.17
0.111	0.706	0.092	0.091
0.066	0.098	0.763	0.073
0.092	0.080	0.774	0.054
0.110	0.090	0.750	0.050
0.095	0.108	0.756	0.041
0.103	0.770	0.064	0.063
0.037	0.071	0.776	0.116
0.103	0.708	0.119	0.070
>GCTCSCCC	24-GCTCSCCC	7.467148	-0.035800	0	T:52.0(13.30%),B:9521.3(16.51%),P:1e0	Tpos:341.6,Tstd:389.8,Bpos:8784.5,Bstd:15396.3,StrandBias:-0.2,Multiplicity:1.20
0.001	0.217	0.684	0.098
0.001	0.683	0.001	0.315
0.001	0.001	0.403	0.595
0.028	0.970	0.001	0.001
0.001	0.458	0.404	0.137
0.001	0.835	0.001	0.163
0.001	0.764	0.085	0.150
0.001	0.833	0.001	0.165
>CCGVCSSG	25-CCGVCSSG	6.240238	-0.010822	0	T:63.0(16.11%),B:11870.2(20.58%),P:1e0	Tpos:284.9,Tstd:291.5,Bpos:3962.3,Bstd:10544.5,StrandBias:-0.1,Multiplicity:1.36
0.001	0.846	0.152	0.001
0.087	0.596	0.274	0.043
0.221	0.001	0.709	0.069
0.316	0.358	0.326	0.001
0.044	0.751	0.204	0.001
0.001	0.520	0.393	0.086
0.001	0.425	0.402	0.172
0.188	0.001	0.584	0.227
