>CCGVMTCCGAWT	16-CCGVMTCCGAWT,BestGuess:TBS1/MA0404.1/Jaspar(0.694)	-2.784058	-33.251196	0	T:664.0(100.00%),B:40543.2(95.08%),P:1e-14
0.289	0.571	0.001	0.139
0.281	0.717	0.001	0.001
0.001	0.151	0.551	0.297
0.296	0.283	0.420	0.001
0.572	0.426	0.001	0.001
0.146	0.282	0.138	0.434
0.007	0.552	0.289	0.152
0.001	0.854	0.137	0.008
0.138	0.138	0.717	0.007
0.688	0.137	0.174	0.001
0.564	0.001	0.001	0.434
0.152	0.275	0.014	0.559
