>TTTTTAAAACCC	23-TTTTTAAAACCC	13.163972	-0.230966	0	T:3.0(0.02%),B:12.9(0.02%),P:1e0
0.103	0.087	0.069	0.741
0.084	0.080	0.069	0.767
0.086	0.074	0.073	0.767
0.086	0.068	0.073	0.773
0.116	0.085	0.075	0.724
0.742	0.084	0.081	0.093
0.805	0.048	0.063	0.084
0.827	0.058	0.049	0.066
0.786	0.064	0.058	0.092
0.117	0.681	0.086	0.116
0.117	0.694	0.068	0.121
0.117	0.694	0.074	0.115
