>CAAAGCYAAAAA	12-TTTTTRGCTTTG	10.534431	-11.203494	0	T:40.0(0.21%),B:43.9(0.08%),P:1e-4
0.067	0.678	0.093	0.162
0.636	0.046	0.202	0.116
0.825	0.031	0.091	0.053
0.586	0.174	0.203	0.037
0.072	0.128	0.733	0.067
0.061	0.821	0.050	0.068
0.036	0.411	0.149	0.405
0.623	0.035	0.031	0.311
0.640	0.042	0.030	0.288
0.652	0.035	0.043	0.270
0.565	0.170	0.205	0.060
0.816	0.035	0.104	0.045
