>RAGAGAGAGAGA	17-RAGAGAGAGAGA	10.689930	-1.816072	0	T:292.0(1.52%),B:769.8(1.42%),P:1e0
0.310	0.103	0.392	0.194
0.598	0.001	0.146	0.255
0.332	0.015	0.600	0.053
0.758	0.001	0.001	0.240
0.146	0.001	0.852	0.001
0.859	0.001	0.001	0.139
0.230	0.001	0.768	0.001
0.783	0.001	0.001	0.215
0.256	0.036	0.692	0.016
0.724	0.001	0.001	0.274
0.238	0.109	0.594	0.059
0.592	0.001	0.203	0.204
