>ACGGCTGAGTTA	4-TAACTCAGCCGT	10.206126	-18.613250	0	T:42.0(0.22%),B:30.3(0.06%),P:1e-8
0.779	0.044	0.096	0.081
0.058	0.768	0.061	0.113
0.082	0.015	0.874	0.029
0.160	0.029	0.724	0.087
0.038	0.909	0.001	0.052
0.009	0.015	0.052	0.924
0.044	0.015	0.882	0.059
0.829	0.052	0.029	0.090
0.044	0.105	0.740	0.111
0.063	0.088	0.015	0.834
0.044	0.015	0.015	0.926
0.820	0.058	0.059	0.063
