>GAGWGARAGWGA	19-GAGWGARAGWGA	11.271165	-1.520066	0	T:203.0(1.05%),B:536.8(0.99%),P:1e0
0.107	0.041	0.584	0.268
0.647	0.013	0.057	0.283
0.258	0.098	0.575	0.069
0.475	0.029	0.040	0.455
0.093	0.017	0.707	0.183
0.820	0.064	0.044	0.072
0.399	0.040	0.417	0.144
0.942	0.001	0.015	0.042
0.047	0.043	0.727	0.183
0.520	0.011	0.009	0.460
0.069	0.033	0.884	0.014
0.735	0.003	0.022	0.240
