>AGAGAGAGAGAG	16-AGAGAGAGAGAG	11.263144	-2.508874	0	T:223.0(1.16%),B:562.8(1.04%),P:1e-1
0.505	0.033	0.163	0.299
0.220	0.150	0.517	0.113
0.741	0.001	0.001	0.257
0.149	0.001	0.843	0.007
0.841	0.001	0.001	0.157
0.111	0.001	0.887	0.001
0.794	0.001	0.001	0.204
0.178	0.032	0.740	0.050
0.762	0.001	0.001	0.236
0.245	0.078	0.586	0.091
0.706	0.004	0.007	0.283
0.287	0.053	0.514	0.146
