>TCTCTCTTTCTC	25-TCTCTCTTTCTC	13.045714	-0.067288	0	T:35.0(0.18%),B:129.6(0.24%),P:1e0
0.098	0.082	0.049	0.771
0.097	0.629	0.115	0.159
0.063	0.053	0.063	0.821
0.067	0.764	0.055	0.114
0.100	0.046	0.019	0.835
0.097	0.697	0.073	0.133
0.076	0.109	0.033	0.782
0.070	0.162	0.080	0.688
0.075	0.075	0.031	0.819
0.096	0.666	0.095	0.143
0.097	0.073	0.037	0.793
0.089	0.670	0.090	0.151
