>GGTTAGTTTTTT	18-AAAAAACTAACC	14.445330	-1.701456	0	T:5.0(0.03%),B:7.5(0.01%),P:1e0
0.069	0.061	0.833	0.037
0.053	0.036	0.853	0.058
0.037	0.048	0.027	0.888
0.067	0.037	0.090	0.806
0.852	0.039	0.075	0.034
0.060	0.063	0.812	0.065
0.085	0.053	0.063	0.799
0.069	0.046	0.047	0.838
0.074	0.035	0.058	0.833
0.059	0.052	0.047	0.842
0.050	0.064	0.052	0.834
0.049	0.080	0.059	0.812
