>HYYTCTCTCTCT	22-HYYTCTCTCTCT	11.464842	-0.441091	0	T:52.0(0.27%),B:154.4(0.28%),P:1e0
0.283	0.295	0.106	0.316
0.162	0.383	0.064	0.391
0.102	0.403	0.057	0.438
0.065	0.123	0.001	0.811
0.040	0.675	0.018	0.267
0.157	0.001	0.001	0.841
0.016	0.644	0.031	0.309
0.011	0.001	0.001	0.987
0.032	0.754	0.004	0.210
0.073	0.001	0.001	0.925
0.028	0.681	0.001	0.290
0.122	0.096	0.011	0.771
