>ACGGACTTTGGC	11-GCCAAAGTCCGT	10.581549	-11.617857	0	T:31.0(0.16%),B:27.8(0.05%),P:1e-5
0.845	0.043	0.035	0.077
0.099	0.660	0.051	0.190
0.108	0.022	0.779	0.091
0.128	0.021	0.830	0.021
0.837	0.056	0.043	0.064
0.099	0.747	0.064	0.090
0.001	0.065	0.042	0.892
0.021	0.001	0.042	0.936
0.001	0.065	0.064	0.870
0.064	0.021	0.893	0.022
0.042	0.001	0.915	0.042
0.077	0.816	0.035	0.072
