>TTTTTAAAACCC	21-TTTTTAAAACCC,BestGuess:Unknown6/Drosophila-Promoters/Homer(0.776)	13.158265	-0.013880	0	T:1.0(0.01%),B:13.5(0.03%),P:1e0
0.111	0.074	0.064	0.751
0.093	0.075	0.067	0.765
0.082	0.070	0.078	0.770
0.086	0.058	0.061	0.795
0.105	0.089	0.079	0.727
0.730	0.093	0.080	0.097
0.824	0.047	0.056	0.073
0.838	0.048	0.049	0.065
0.783	0.065	0.057	0.095
0.122	0.684	0.075	0.119
0.125	0.673	0.064	0.138
0.140	0.665	0.073	0.122
