>TGTGWGAGWGAG	6-TGTGWGAGWGAG,BestGuess:GAGA-repeat/Arabidopsis-Promoters/Homer(0.786)	11.686874	-5.523347	0	T:8.0(0.04%),B:4.0(0.01%),P:1e-2
0.320	0.040	0.045	0.595
0.094	0.041	0.774	0.091
0.367	0.056	0.030	0.547
0.077	0.053	0.828	0.042
0.450	0.028	0.049	0.473
0.063	0.054	0.830	0.053
0.590	0.022	0.024	0.364
0.062	0.049	0.836	0.053
0.435	0.037	0.021	0.507
0.086	0.050	0.820	0.044
0.707	0.019	0.051	0.223
0.255	0.061	0.628	0.056
