>NTGACTAAGTCD	8-NTGACTAAGTCD,BestGuess:CG2931(RRM)/Drosophila_melanogaster-RNCMPT00147-PBM/HughesRNA(0.755)	9.735805	-2.666659	0	T:2.0(0.01%),B:0.9(0.00%),P:1e-1
0.316	0.192	0.210	0.283
0.136	0.115	0.098	0.651
0.134	0.125	0.608	0.133
0.680	0.087	0.101	0.132
0.120	0.628	0.112	0.140
0.141	0.117	0.117	0.625
0.623	0.115	0.120	0.142
0.664	0.104	0.112	0.120
0.133	0.112	0.616	0.139
0.147	0.096	0.094	0.663
0.153	0.587	0.132	0.128
0.340	0.182	0.221	0.256
