>CTTATCTG	1-CTTATCTG	4.064327	-2090.705000	0	T:14180.0(75.58%),B:41438.0(50.22%),P:1e-907	Tpos:50.7,Tstd:24.8,Bpos:15115.0,Bstd:19006.0,StrandBias:0.0,Multiplicity:1.51
0.022	0.873	0.049	0.056
0.011	0.012	0.001	0.976
0.009	0.001	0.001	0.989
0.997	0.001	0.001	0.001
0.001	0.001	0.001	0.997
0.001	0.997	0.001	0.001
0.155	0.001	0.008	0.836
0.107	0.195	0.518	0.180
>RMNHTATC	2-RMNHTATC	4.744696	-390.791685	0	T:13962.0(74.42%),B:52772.3(63.95%),P:1e-169	Tpos:49.7,Tstd:28.2,Bpos:15806.6,Bstd:19290.4,StrandBias:-0.0,Multiplicity:1.11
0.435	0.169	0.307	0.089
0.385	0.238	0.224	0.153
0.321	0.260	0.211	0.208
0.403	0.308	0.001	0.288
0.001	0.001	0.001	0.997
0.997	0.001	0.001	0.001
0.001	0.001	0.001	0.997
0.001	0.997	0.001	0.001
>ATCTKWTW	3-ATCTKWTW	5.586398	-0.000000	0	T:5034.0(26.83%),B:42875.9(51.96%),P:1e0	Tpos:49.3,Tstd:28.0,Bpos:15073.5,Bstd:18899.8,StrandBias:0.1,Multiplicity:1.06
0.910	0.033	0.022	0.035
0.020	0.013	0.023	0.944
0.051	0.836	0.050	0.063
0.259	0.017	0.023	0.701
0.170	0.173	0.350	0.306
0.304	0.183	0.132	0.381
0.183	0.198	0.181	0.438
0.439	0.117	0.115	0.329
>TCWDWWAT	4-TCWDWWAT	5.934930	-0.000000	0	T:2249.0(11.99%),B:37080.7(44.94%),P:1e0	Tpos:51.6,Tstd:28.9,Bpos:14998.7,Bstd:18881.4,StrandBias:-0.2,Multiplicity:1.03
0.079	0.001	0.001	0.919
0.075	0.697	0.068	0.160
0.451	0.001	0.001	0.547
0.247	0.066	0.379	0.308
0.424	0.064	0.099	0.413
0.368	0.184	0.158	0.290
0.794	0.001	0.001	0.204
0.171	0.001	0.164	0.664
>TTTTTTTT	5-TTTTTTTT	4.611630	-0.000000	0	T:7173.0(38.23%),B:53314.7(64.61%),P:1e0	Tpos:50.7,Tstd:29.3,Bpos:15156.2,Bstd:18640.0,StrandBias:-0.0,Multiplicity:1.09
0.246	0.153	0.040	0.561
0.215	0.135	0.130	0.520
0.160	0.149	0.114	0.577
0.162	0.178	0.053	0.607
0.156	0.147	0.001	0.696
0.107	0.116	0.053	0.724
0.280	0.122	0.061	0.537
0.242	0.061	0.017	0.680
>TATCTNTH	6-TATCTNTH	6.036136	-0.000000	0	T:6447.0(34.36%),B:35394.8(42.89%),P:1e0	Tpos:50.6,Tstd:27.6,Bpos:15329.7,Bstd:19318.5,StrandBias:-0.1,Multiplicity:1.42
0.001	0.001	0.001	0.997
0.997	0.001	0.001	0.001
0.001	0.001	0.001	0.997
0.001	0.997	0.001	0.001
0.001	0.001	0.001	0.997
0.244	0.322	0.200	0.235
0.051	0.059	0.057	0.833
0.290	0.280	0.076	0.353
>WTMWAATC	7-WTMWAATC	6.296253	-0.000000	0	T:3220.0(17.16%),B:37518.6(45.47%),P:1e0	Tpos:49.3,Tstd:28.8,Bpos:15093.9,Bstd:18840.4,StrandBias:0.0,Multiplicity:1.04
0.449	0.070	0.048	0.433
0.244	0.155	0.191	0.410
0.378	0.362	0.086	0.174
0.347	0.185	0.001	0.467
0.607	0.332	0.001	0.060
0.997	0.001	0.001	0.001
0.001	0.001	0.001	0.997
0.001	0.997	0.001	0.001
>ATCATCWK	8-ATCATCWK	5.015597	-0.000000	0	T:4232.0(22.56%),B:47582.6(57.66%),P:1e0	Tpos:50.3,Tstd:28.3,Bpos:15297.1,Bstd:18677.5,StrandBias:0.0,Multiplicity:1.04
0.640	0.083	0.116	0.161
0.076	0.101	0.132	0.691
0.327	0.584	0.088	0.001
0.645	0.110	0.053	0.192
0.135	0.078	0.077	0.710
0.053	0.675	0.155	0.117
0.440	0.081	0.001	0.478
0.053	0.162	0.448	0.337
>WWAAAAAA	9-WWAAAAAA	6.664204	-0.000000	0	T:2148.0(11.45%),B:37633.4(45.60%),P:1e0	Tpos:49.3,Tstd:29.7,Bpos:14509.7,Bstd:17420.4,StrandBias:0.0,Multiplicity:1.07
0.460	0.001	0.166	0.373
0.461	0.001	0.152	0.385
0.547	0.001	0.117	0.335
0.754	0.001	0.001	0.244
0.772	0.001	0.001	0.226
0.850	0.001	0.001	0.148
0.997	0.001	0.001	0.001
0.504	0.001	0.216	0.279
>AAAAAAAA	10-AAAAAAAA	6.870173	-0.000000	0	T:1035.0(5.52%),B:32326.5(39.17%),P:1e0	Tpos:52.2,Tstd:31.3,Bpos:14938.4,Bstd:18664.6,StrandBias:1.2,Multiplicity:1.00
0.780	0.026	0.043	0.151
0.601	0.049	0.061	0.289
0.754	0.051	0.123	0.072
0.722	0.041	0.068	0.169
0.612	0.080	0.149	0.159
0.680	0.086	0.064	0.170
0.567	0.088	0.149	0.196
0.706	0.025	0.080	0.189
>TTTTTTTW	11-TTTTTTTW	3.565387	-0.000000	0	T:10855.0(57.86%),B:61988.2(75.12%),P:1e0	Tpos:48.7,Tstd:29.0,Bpos:15366.0,Bstd:18913.7,StrandBias:0.1,Multiplicity:1.10
0.313	0.120	0.069	0.498
0.291	0.121	0.047	0.541
0.199	0.126	0.121	0.554
0.149	0.132	0.106	0.613
0.137	0.227	0.117	0.519
0.197	0.134	0.124	0.545
0.206	0.198	0.170	0.426
0.352	0.107	0.087	0.455
>AAAAAAWA	12-AAAAAAWA	3.264556	-0.000000	0	T:12227.0(65.17%),B:66182.4(80.20%),P:1e0	Tpos:49.6,Tstd:29.0,Bpos:15669.5,Bstd:18953.8,StrandBias:-0.1,Multiplicity:1.08
0.520	0.059	0.154	0.267
0.418	0.165	0.160	0.257
0.533	0.143	0.169	0.155
0.551	0.149	0.173	0.127
0.549	0.164	0.170	0.117
0.546	0.047	0.188	0.219
0.436	0.109	0.161	0.294
0.485	0.085	0.121	0.309
>TATCAKTC	13-TATCAKTC	5.623065	-0.000000	0	T:7266.0(38.73%),B:39283.5(47.60%),P:1e0	Tpos:50.4,Tstd:26.5,Bpos:15468.0,Bstd:19487.6,StrandBias:0.0,Multiplicity:1.09
0.001	0.001	0.001	0.997
0.997	0.001	0.001	0.001
0.001	0.001	0.001	0.997
0.001	0.997	0.001	0.001
0.914	0.001	0.001	0.084
0.001	0.001	0.510	0.488
0.085	0.211	0.215	0.489
0.189	0.464	0.047	0.300
>HTNAWGAT	14-HTNAWGAT	5.716935	-0.000000	0	T:3082.0(16.43%),B:40998.3(49.68%),P:1e0	Tpos:52.2,Tstd:28.3,Bpos:15554.1,Bstd:19016.6,StrandBias:-0.0,Multiplicity:1.04
0.216	0.336	0.109	0.339
0.224	0.196	0.165	0.416
0.299	0.164	0.275	0.262
0.539	0.179	0.009	0.273
0.434	0.001	0.001	0.564
0.001	0.063	0.908	0.028
0.900	0.054	0.045	0.001
0.039	0.001	0.001	0.959
>WTBWBTDW	15-WTBWBTDW	3.557452	-0.000000	0	T:7515.0(40.05%),B:55446.5(67.19%),P:1e0	Tpos:50.0,Tstd:28.9,Bpos:15260.8,Bstd:18987.5,StrandBias:0.0,Multiplicity:1.03
0.372	0.132	0.034	0.462
0.262	0.117	0.141	0.480
0.090	0.300	0.244	0.366
0.325	0.146	0.064	0.465
0.161	0.332	0.229	0.278
0.396	0.041	0.001	0.562
0.252	0.169	0.248	0.330
0.432	0.084	0.082	0.402
>BDCTATCT	16-BDCTATCT	6.117621	-0.000000	0	T:3877.0(20.66%),B:36916.0(44.74%),P:1e0	Tpos:50.2,Tstd:26.3,Bpos:15579.1,Bstd:19506.3,StrandBias:0.0,Multiplicity:1.08
0.071	0.306	0.263	0.360
0.388	0.001	0.275	0.335
0.284	0.644	0.071	0.001
0.001	0.001	0.001	0.997
0.997	0.001	0.001	0.001
0.001	0.001	0.001	0.997
0.001	0.997	0.001	0.001
0.001	0.001	0.001	0.997
>TTTTTTTT	17-TTTTTTTT	3.821680	-0.000000	0	T:9120.0(48.61%),B:58447.5(70.83%),P:1e0	Tpos:50.3,Tstd:29.7,Bpos:15274.0,Bstd:19112.6,StrandBias:-0.0,Multiplicity:1.10
0.242	0.124	0.045	0.589
0.187	0.232	0.098	0.484
0.273	0.111	0.062	0.554
0.234	0.172	0.116	0.479
0.270	0.131	0.055	0.544
0.202	0.152	0.141	0.505
0.303	0.124	0.062	0.511
0.251	0.097	0.102	0.550
>WWAWMAGA	18-WWAWMAGA	4.744468	-0.000000	0	T:5714.0(30.46%),B:47384.1(57.42%),P:1e0	Tpos:49.0,Tstd:28.6,Bpos:15214.3,Bstd:18719.1,StrandBias:-0.1,Multiplicity:1.02
0.391	0.219	0.085	0.305
0.373	0.052	0.148	0.427
0.416	0.173	0.147	0.265
0.411	0.120	0.169	0.300
0.394	0.348	0.109	0.149
0.640	0.001	0.007	0.352
0.281	0.055	0.616	0.048
0.962	0.001	0.001	0.036
>HDWAATCW	19-HDWAATCW	5.779379	-0.000000	0	T:4117.0(21.94%),B:46385.4(56.21%),P:1e0	Tpos:50.8,Tstd:28.0,Bpos:15375.7,Bstd:18851.6,StrandBias:-0.0,Multiplicity:1.07
0.333	0.186	0.171	0.309
0.267	0.142	0.262	0.329
0.380	0.181	0.114	0.325
0.599	0.399	0.001	0.001
0.997	0.001	0.001	0.001
0.001	0.001	0.001	0.997
0.001	0.827	0.171	0.001
0.558	0.001	0.001	0.440
>TTTTTTTT	20-TTTTTTTT	3.832203	-0.000000	0	T:6002.0(31.99%),B:51546.3(62.47%),P:1e0	Tpos:49.0,Tstd:29.5,Bpos:15025.7,Bstd:18582.8,StrandBias:-0.1,Multiplicity:1.00
0.296	0.130	0.104	0.470
0.242	0.182	0.075	0.501
0.242	0.113	0.090	0.555
0.137	0.154	0.147	0.562
0.145	0.185	0.134	0.536
0.211	0.152	0.121	0.516
0.268	0.146	0.149	0.437
0.267	0.140	0.126	0.468
>AWAAAAAA	21-AWAAAAAA	5.334853	-0.000000	0	T:4422.0(23.57%),B:45193.5(54.77%),P:1e0	Tpos:48.1,Tstd:29.3,Bpos:15308.3,Bstd:18461.6,StrandBias:0.1,Multiplicity:1.10
0.557	0.081	0.103	0.259
0.426	0.123	0.166	0.285
0.631	0.073	0.124	0.172
0.560	0.087	0.086	0.267
0.645	0.053	0.096	0.206
0.775	0.047	0.023	0.155
0.766	0.053	0.105	0.076
0.642	0.011	0.124	0.223
>TCTGATTW	22-TCTGATTW	5.355737	-0.000000	0	T:2006.0(10.69%),B:33712.2(40.85%),P:1e0	Tpos:48.8,Tstd:30.3,Bpos:15692.5,Bstd:18955.1,StrandBias:0.0,Multiplicity:1.00
0.001	0.001	0.001	0.997
0.001	0.997	0.001	0.001
0.042	0.001	0.001	0.956
0.001	0.001	0.997	0.001
0.997	0.001	0.001	0.001
0.001	0.001	0.001	0.997
0.019	0.168	0.217	0.596
0.528	0.001	0.006	0.465
>ATCAGATT	23-ATCAGATT	2.659494	-0.000000	0	T:5568.0(29.68%),B:47893.7(58.04%),P:1e0	Tpos:49.7,Tstd:27.2,Bpos:15497.9,Bstd:18728.4,StrandBias:-0.0,Multiplicity:1.09
0.997	0.001	0.001	0.001
0.001	0.001	0.001	0.997
0.001	0.997	0.001	0.001
0.997	0.001	0.001	0.001
0.001	0.001	0.997	0.001
0.997	0.001	0.001	0.001
0.001	0.001	0.001	0.997
0.099	0.259	0.222	0.420
>HWWWMAGA	24-HWWWMAGA	5.725062	-0.000000	0	T:4001.0(21.33%),B:42628.4(51.66%),P:1e0	Tpos:48.9,Tstd:28.5,Bpos:15547.0,Bstd:18705.6,StrandBias:0.1,Multiplicity:1.07
0.283	0.339	0.001	0.377
0.382	0.200	0.001	0.417
0.417	0.125	0.140	0.318
0.473	0.001	0.178	0.348
0.456	0.342	0.106	0.097
0.635	0.001	0.053	0.311
0.001	0.001	0.997	0.001
0.997	0.001	0.001	0.001
>ATCTKYDW	25-ATCTKYDW	5.706861	-0.000000	0	T:5748.0(30.64%),B:46169.4(55.95%),P:1e0	Tpos:50.3,Tstd:28.3,Bpos:15317.9,Bstd:18894.4,StrandBias:0.2,Multiplicity:1.05
0.997	0.001	0.001	0.001
0.001	0.001	0.001	0.997
0.001	0.997	0.001	0.001
0.320	0.001	0.001	0.678
0.177	0.147	0.294	0.382
0.156	0.281	0.195	0.369
0.346	0.110	0.219	0.326
0.260	0.181	0.184	0.375
