>YYCTTATCTBHN	1-YYCTTATCTBHN	3.696484	-1257.843309	0	T:12071.0(64.34%),B:36464.2(44.19%),P:1e-546	Tpos:50.6,Tstd:23.6,Bpos:15103.8,Bstd:19002.9,StrandBias:0.0,Multiplicity:1.32
0.212	0.263	0.159	0.366
0.054	0.352	0.184	0.411
0.001	0.882	0.091	0.026
0.001	0.001	0.001	0.997
0.001	0.001	0.001	0.997
0.997	0.001	0.001	0.001
0.001	0.001	0.001	0.997
0.001	0.997	0.001	0.001
0.323	0.001	0.001	0.675
0.141	0.283	0.345	0.230
0.228	0.265	0.162	0.345
0.266	0.246	0.226	0.262
>AGATTAGATTAG	2-AGATTAGATTAG	12.408061	-0.681215	0	T:27.0(0.14%),B:117.2(0.14%),P:1e0	Tpos:47.4,Tstd:20.7,Bpos:16098.0,Bstd:19684.5,StrandBias:-0.7,Multiplicity:1.00
0.624	0.001	0.054	0.321
0.078	0.027	0.810	0.085
0.791	0.013	0.156	0.040
0.174	0.004	0.174	0.648
0.047	0.233	0.187	0.533
0.967	0.001	0.002	0.030
0.006	0.018	0.972	0.004
0.887	0.055	0.049	0.009
0.108	0.030	0.031	0.831
0.131	0.071	0.121	0.677
0.681	0.001	0.197	0.121
0.146	0.088	0.643	0.123
>NDGNNNNWGATA	3-NDGNNNNWGATA	8.205625	-0.000099	0	T:1.0(0.01%),B:44.9(0.05%),P:1e0	Tpos:62.0,Tstd:0.0,Bpos:18728.3,Bstd:23469.7,StrandBias:10.0,Multiplicity:1.00
0.247	0.273	0.227	0.252
0.319	0.062	0.276	0.342
0.206	0.001	0.581	0.212
0.246	0.272	0.220	0.262
0.228	0.297	0.199	0.276
0.313	0.203	0.243	0.241
0.268	0.317	0.236	0.179
0.490	0.001	0.001	0.508
0.001	0.001	0.997	0.001
0.997	0.001	0.001	0.001
0.001	0.001	0.001	0.997
0.997	0.001	0.001	0.001
>NNNNNNNWGATA	4-NNNNNNNWGATA	7.514357	-0.000000	0	T:6.0(0.03%),B:145.9(0.18%),P:1e0	Tpos:30.0,Tstd:0.0,Bpos:12597.0,Bstd:16030.3,StrandBias:-10.0,Multiplicity:1.00
0.264	0.217	0.252	0.267
0.254	0.214	0.218	0.314
0.252	0.224	0.245	0.279
0.263	0.272	0.169	0.296
0.251	0.192	0.234	0.322
0.279	0.220	0.245	0.256
0.238	0.327	0.192	0.243
0.454	0.001	0.001	0.544
0.001	0.001	0.997	0.001
0.997	0.001	0.001	0.001
0.001	0.001	0.001	0.997
0.997	0.001	0.001	0.001
>NNWAACCACANN	5-NNWAACCACANN	9.497812	-0.000000	0	T:2.0(0.01%),B:104.4(0.13%),P:1e0	Tpos:13.0,Tstd:1.0,Bpos:17584.7,Bstd:18498.6,StrandBias:0.0,Multiplicity:1.00
0.224	0.258	0.229	0.289
0.280	0.296	0.206	0.218
0.381	0.209	0.079	0.331
0.629	0.001	0.240	0.130
0.541	0.198	0.260	0.001
0.001	0.997	0.001	0.001
0.019	0.979	0.001	0.001
0.997	0.001	0.001	0.001
0.001	0.940	0.001	0.058
0.802	0.014	0.001	0.183
0.314	0.165	0.304	0.216
0.311	0.256	0.170	0.263
>HWVCCACANNNH	6-HWVCCACANNNH	7.967506	-0.000000	0	T:1.0(0.01%),B:90.2(0.11%),P:1e0	Tpos:26.0,Tstd:0.0,Bpos:17764.0,Bstd:21362.0,StrandBias:-10.0,Multiplicity:1.00
0.349	0.351	0.006	0.295
0.535	0.023	0.029	0.413
0.350	0.280	0.360	0.010
0.099	0.732	0.071	0.098
0.066	0.859	0.017	0.058
0.832	0.074	0.026	0.068
0.082	0.810	0.041	0.067
0.834	0.060	0.025	0.081
0.298	0.151	0.267	0.284
0.271	0.245	0.233	0.251
0.283	0.267	0.193	0.256
0.303	0.251	0.132	0.315
>NNNHNMTATCTN	7-NNNHNMTATCTN	8.196506	-0.000000	0	T:1.0(0.01%),B:93.2(0.11%),P:1e0	Tpos:85.0,Tstd:0.0,Bpos:15694.3,Bstd:20431.5,StrandBias:-10.0,Multiplicity:1.00
0.248	0.243	0.245	0.263
0.263	0.246	0.238	0.254
0.258	0.260	0.230	0.252
0.334	0.283	0.019	0.364
0.215	0.285	0.254	0.245
0.376	0.429	0.021	0.175
0.001	0.001	0.001	0.997
0.997	0.001	0.001	0.001
0.001	0.001	0.001	0.997
0.001	0.997	0.001	0.001
0.001	0.001	0.001	0.997
0.212	0.239	0.283	0.266
>TTATCWNNVHNN	8-TTATCWNNVHNN	8.843089	-0.000000	0	T:3.0(0.02%),B:130.0(0.16%),P:1e0	Tpos:49.0,Tstd:0.0,Bpos:13067.9,Bstd:17103.6,StrandBias:10.0,Multiplicity:1.00
0.001	0.001	0.001	0.997
0.001	0.001	0.001	0.997
0.997	0.001	0.001	0.001
0.001	0.001	0.001	0.997
0.001	0.997	0.001	0.001
0.522	0.001	0.001	0.476
0.256	0.285	0.262	0.197
0.288	0.183	0.260	0.270
0.206	0.268	0.346	0.179
0.355	0.279	0.001	0.365
0.272	0.268	0.263	0.196
0.289	0.226	0.227	0.257
>HWHTMATCTCTW	9-HWHTMATCTCTW	7.175645	-0.000000	0	T:2219.0(11.83%),B:36478.1(44.20%),P:1e0	Tpos:50.8,Tstd:26.4,Bpos:15236.9,Bstd:18842.7,StrandBias:0.0,Multiplicity:1.04
0.225	0.287	0.149	0.339
0.310	0.192	0.085	0.413
0.400	0.344	0.001	0.255
0.385	0.074	0.001	0.540
0.438	0.305	0.249	0.007
0.997	0.001	0.001	0.001
0.001	0.001	0.001	0.997
0.047	0.951	0.001	0.001
0.001	0.001	0.001	0.997
0.241	0.463	0.155	0.141
0.404	0.001	0.001	0.594
0.260	0.104	0.242	0.394
>ATCTATCTATCT	10-ATCTATCTATCT	10.992047	-0.000000	0	T:150.0(0.80%),B:2306.0(2.79%),P:1e0	Tpos:50.8,Tstd:27.8,Bpos:16087.2,Bstd:20670.8,StrandBias:-0.3,Multiplicity:1.45
0.736	0.108	0.092	0.064
0.091	0.106	0.119	0.684
0.092	0.785	0.060	0.063
0.075	0.064	0.050	0.811
0.733	0.100	0.106	0.061
0.068	0.085	0.098	0.749
0.065	0.803	0.049	0.083
0.086	0.068	0.035	0.811
0.719	0.106	0.097	0.078
0.085	0.087	0.100	0.728
0.092	0.742	0.075	0.091
0.115	0.131	0.053	0.701
>GTCTGTCTGTCT	11-GTCTGTCTGTCT	6.845614	-0.000000	0	T:1824.0(9.72%),B:34528.3(41.84%),P:1e0	Tpos:49.7,Tstd:28.1,Bpos:16016.8,Bstd:18244.1,StrandBias:0.0,Multiplicity:1.04
0.129	0.125	0.641	0.105
0.091	0.089	0.103	0.717
0.073	0.699	0.137	0.091
0.098	0.028	0.035	0.839
0.047	0.105	0.745	0.103
0.079	0.091	0.066	0.764
0.075	0.728	0.110	0.087
0.080	0.031	0.023	0.866
0.076	0.122	0.707	0.095
0.070	0.094	0.076	0.760
0.087	0.715	0.102	0.096
0.081	0.075	0.026	0.818
>TATCTBYHNNHN	12-TATCTBYHNNHN	7.120162	-0.000000	0	T:4947.0(26.37%),B:33407.8(40.48%),P:1e0	Tpos:50.9,Tstd:26.5,Bpos:15177.3,Bstd:19171.6,StrandBias:-0.0,Multiplicity:1.09
0.001	0.001	0.001	0.997
0.997	0.001	0.001	0.001
0.001	0.001	0.001	0.997
0.001	0.997	0.001	0.001
0.276	0.001	0.001	0.722
0.172	0.257	0.327	0.243
0.220	0.273	0.106	0.401
0.258	0.286	0.142	0.313
0.260	0.222	0.192	0.326
0.243	0.288	0.165	0.304
0.271	0.267	0.134	0.328
0.259	0.244	0.195	0.301
>ATCWDNNMHNNN	13-ATCWDNNMHNNN	5.937950	-0.000000	0	T:3584.0(19.10%),B:38535.5(46.70%),P:1e0	Tpos:49.9,Tstd:26.3,Bpos:15056.5,Bstd:18959.9,StrandBias:-0.1,Multiplicity:1.04
0.997	0.001	0.001	0.001
0.001	0.001	0.001	0.997
0.258	0.740	0.001	0.001
0.444	0.001	0.001	0.554
0.294	0.001	0.381	0.324
0.328	0.206	0.224	0.242
0.282	0.215	0.208	0.296
0.400	0.369	0.230	0.001
0.349	0.269	0.042	0.340
0.296	0.263	0.186	0.255
0.304	0.231	0.158	0.307
0.300	0.228	0.212	0.259
>ATCTNTWNDTDN	14-ATCTNTWNDTDN	6.677718	-0.000000	0	T:4288.0(22.85%),B:40862.8(49.52%),P:1e0	Tpos:49.0,Tstd:26.8,Bpos:15188.6,Bstd:18733.9,StrandBias:0.1,Multiplicity:1.06
0.997	0.001	0.001	0.001
0.001	0.001	0.001	0.997
0.001	0.997	0.001	0.001
0.001	0.001	0.001	0.997
0.174	0.267	0.259	0.300
0.299	0.240	0.001	0.459
0.312	0.080	0.227	0.382
0.237	0.224	0.270	0.270
0.291	0.177	0.198	0.335
0.225	0.018	0.300	0.457
0.295	0.101	0.314	0.290
0.298	0.231	0.233	0.238
>NNNNNMTATCTN	15-NNNNNMTATCTN	7.829504	-0.000000	0	T:211.0(1.12%),B:10678.3(12.94%),P:1e0	Tpos:48.7,Tstd:24.4,Bpos:16756.8,Bstd:19213.6,StrandBias:-0.0,Multiplicity:1.00
0.247	0.258	0.251	0.243
0.250	0.247	0.243	0.260
0.223	0.256	0.253	0.268
0.300	0.238	0.237	0.226
0.342	0.251	0.209	0.198
0.352	0.402	0.011	0.235
0.001	0.001	0.001	0.997
0.997	0.001	0.001	0.001
0.001	0.001	0.001	0.997
0.001	0.997	0.001	0.001
0.001	0.001	0.001	0.997
0.188	0.267	0.251	0.293
>NNNNNWGATADY	16-NNNNNWGATADY	6.942697	-0.000000	0	T:3402.0(18.13%),B:33333.0(40.39%),P:1e0	Tpos:51.3,Tstd:25.2,Bpos:15376.5,Bstd:19253.7,StrandBias:-0.0,Multiplicity:1.05
0.250	0.241	0.239	0.270
0.250	0.221	0.250	0.279
0.254	0.233	0.235	0.278
0.280	0.164	0.266	0.291
0.237	0.260	0.275	0.228
0.547	0.001	0.001	0.451
0.001	0.001	0.997	0.001
0.997	0.001	0.001	0.001
0.001	0.001	0.001	0.997
0.997	0.001	0.001	0.001
0.326	0.001	0.346	0.328
0.142	0.246	0.217	0.395
>GAGTGAGTGAGT	17-GAGTGAGTGAGT	-0.067133	-0.000000	0	T:1334.0(7.11%),B:32320.9(39.17%),P:1e0	Tpos:48.9,Tstd:27.4,Bpos:15783.4,Bstd:18463.3,StrandBias:0.1,Multiplicity:1.07
0.001	0.001	0.966	0.032
0.903	0.027	0.001	0.069
0.001	0.001	0.997	0.001
0.063	0.024	0.010	0.903
0.001	0.001	0.997	0.001
0.844	0.057	0.001	0.098
0.001	0.001	0.997	0.001
0.080	0.001	0.001	0.918
0.001	0.001	0.997	0.001
0.872	0.047	0.001	0.080
0.001	0.001	0.997	0.001
0.039	0.011	0.017	0.933
>NNNNHWVCCAGA	18-NNNNHWVCCAGA	5.835547	-0.000000	0	T:3242.0(17.28%),B:39008.6(47.27%),P:1e0	Tpos:49.8,Tstd:26.8,Bpos:15622.2,Bstd:18494.4,StrandBias:0.0,Multiplicity:1.05
0.292	0.208	0.207	0.292
0.303	0.204	0.197	0.296
0.305	0.203	0.211	0.281
0.268	0.261	0.207	0.264
0.330	0.293	0.029	0.347
0.325	0.019	0.185	0.471
0.353	0.272	0.324	0.051
0.196	0.590	0.049	0.165
0.086	0.853	0.018	0.043
0.859	0.042	0.028	0.071
0.041	0.277	0.663	0.019
0.832	0.059	0.041	0.068
>NNHWHHHTATCT	19-NNHWHHHTATCT	7.212630	-0.000000	0	T:5490.0(29.26%),B:35730.3(43.30%),P:1e0	Tpos:50.2,Tstd:26.8,Bpos:15193.1,Bstd:19552.1,StrandBias:0.1,Multiplicity:1.07
0.322	0.179	0.192	0.307
0.260	0.190	0.216	0.335
0.302	0.201	0.152	0.345
0.233	0.203	0.195	0.368
0.272	0.306	0.136	0.285
0.266	0.231	0.131	0.372
0.314	0.314	0.144	0.228
0.001	0.001	0.001	0.997
0.997	0.001	0.001	0.001
0.001	0.001	0.001	0.997
0.001	0.997	0.001	0.001
0.001	0.001	0.001	0.997
>NNNNNATTATCA	20-NNNNNATTATCA	9.810376	-0.000000	0	T:7.0(0.04%),B:437.3(0.53%),P:1e0	Tpos:79.5,Tstd:8.5,Bpos:13756.2,Bstd:15853.4,StrandBias:0.0,Multiplicity:1.00
0.296	0.205	0.203	0.296
0.278	0.239	0.197	0.286
0.304	0.201	0.237	0.258
0.260	0.184	0.251	0.304
0.256	0.310	0.175	0.260
0.997	0.001	0.001	0.001
0.200	0.156	0.001	0.643
0.001	0.001	0.001	0.997
0.997	0.001	0.001	0.001
0.001	0.001	0.001	0.997
0.001	0.997	0.001	0.001
0.707	0.001	0.001	0.291
>VCCAGAVDVHNN	21-VCCAGAVDVHNN	8.397004	-0.000000	0	T:2.0(0.01%),B:221.6(0.27%),P:1e0	Tpos:56.0,Tstd:7.0,Bpos:18991.4,Bstd:21201.2,StrandBias:10.0,Multiplicity:1.00
0.411	0.323	0.265	0.001
0.001	0.700	0.001	0.298
0.001	0.997	0.001	0.001
0.997	0.001	0.001	0.001
0.001	0.374	0.624	0.001
0.997	0.001	0.001	0.001
0.380	0.241	0.378	0.001
0.397	0.001	0.276	0.326
0.318	0.311	0.370	0.001
0.322	0.263	0.096	0.319
0.284	0.219	0.223	0.274
0.291	0.208	0.211	0.290
>NNNNWGATADNN	22-NNNNWGATADNN	6.732303	-0.000000	0	T:451.0(2.40%),B:6978.6(8.46%),P:1e0	Tpos:46.0,Tstd:0.0,Bpos:18298.9,Bstd:22408.1,StrandBias:-10.0,Multiplicity:1.00
0.262	0.235	0.232	0.270
0.263	0.224	0.253	0.260
0.288	0.217	0.273	0.223
0.226	0.291	0.252	0.232
0.549	0.001	0.001	0.449
0.001	0.001	0.997	0.001
0.997	0.001	0.001	0.001
0.001	0.001	0.001	0.997
0.646	0.001	0.016	0.337
0.401	0.001	0.296	0.301
0.250	0.255	0.260	0.235
0.234	0.242	0.231	0.293
>HWARCCACAWDN	23-HWARCCACAWDN	10.264392	-0.000000	0	T:27.0(0.14%),B:1315.0(1.59%),P:1e0	Tpos:51.9,Tstd:27.5,Bpos:15861.2,Bstd:18324.5,StrandBias:0.4,Multiplicity:1.00
0.342	0.297	0.156	0.205
0.436	0.232	0.001	0.331
0.904	0.001	0.001	0.094
0.333	0.226	0.439	0.001
0.001	0.997	0.001	0.001
0.001	0.997	0.001	0.001
0.997	0.001	0.001	0.001
0.001	0.997	0.001	0.001
0.997	0.001	0.001	0.001
0.378	0.157	0.216	0.249
0.329	0.172	0.230	0.269
0.311	0.277	0.165	0.247
>NNHNAWTATCTB	24-NNHNAWTATCTB	8.997309	-0.000000	0	T:10.0(0.05%),B:261.7(0.32%),P:1e0	Tpos:57.2,Tstd:18.8,Bpos:14578.4,Bstd:18645.5,StrandBias:2.0,Multiplicity:1.00
0.282	0.205	0.209	0.304
0.259	0.210	0.226	0.305
0.257	0.206	0.185	0.352
0.234	0.293	0.192	0.281
0.450	0.170	0.161	0.219
0.284	0.203	0.156	0.358
0.001	0.001	0.001	0.997
0.997	0.001	0.001	0.001
0.001	0.001	0.001	0.997
0.001	0.997	0.001	0.001
0.006	0.001	0.001	0.992
0.123	0.271	0.288	0.319
>NNNNNNNNNNNN	25-NNNNNNNNNNNN	-nan	0.000000	0	T:0.0(0.00%),B:0.0(0.00%),P:1e0	Tpos:0.0,Tstd:0.0,Bpos:0.0,Bstd:0.0,StrandBias:0.0,Multiplicity:1.00
-nan	-nan	-nan	-nan
-nan	-nan	-nan	-nan
-nan	-nan	-nan	-nan
-nan	-nan	-nan	-nan
-nan	-nan	-nan	-nan
-nan	-nan	-nan	-nan
-nan	-nan	-nan	-nan
-nan	-nan	-nan	-nan
-nan	-nan	-nan	-nan
-nan	-nan	-nan	-nan
-nan	-nan	-nan	-nan
-nan	-nan	-nan	-nan
