>NBNSTTATCT	1-NBNSTTATCT	5.489906	-1908.737364	0	T:13945.0(74.33%),B:41269.0(50.01%),P:1e-828	Tpos:50.5,Tstd:24.4,Bpos:15094.1,Bstd:18983.7,StrandBias:0.1,Multiplicity:1.48
0.204	0.269	0.262	0.265
0.173	0.257	0.323	0.247
0.174	0.320	0.278	0.228
0.139	0.370	0.271	0.220
0.045	0.133	0.001	0.821
0.047	0.064	0.037	0.852
0.944	0.045	0.010	0.001
0.027	0.037	0.007	0.929
0.001	0.991	0.007	0.001
0.356	0.042	0.067	0.535
>GATANDRWND	2-GATANDRWND	5.328304	-31.669676	0	T:11658.0(62.14%),B:48798.8(59.14%),P:1e-13	Tpos:50.9,Tstd:27.6,Bpos:15807.9,Bstd:19438.1,StrandBias:-0.0,Multiplicity:1.08
0.001	0.001	0.997	0.001
0.997	0.001	0.001	0.001
0.001	0.001	0.001	0.997
0.997	0.001	0.001	0.001
0.204	0.216	0.288	0.292
0.323	0.163	0.240	0.274
0.442	0.045	0.401	0.112
0.382	0.202	0.107	0.309
0.298	0.185	0.198	0.319
0.305	0.120	0.260	0.315
>TCTGWTHWWN	3-TCTGWTHWWN	6.098365	-0.000000	0	T:1890.0(10.07%),B:35953.5(43.57%),P:1e0	Tpos:50.1,Tstd:28.2,Bpos:15481.4,Bstd:18576.8,StrandBias:-0.0,Multiplicity:1.04
0.049	0.001	0.013	0.937
0.031	0.921	0.034	0.014
0.234	0.001	0.001	0.764
0.001	0.244	0.455	0.300
0.392	0.143	0.004	0.460
0.235	0.162	0.129	0.474
0.319	0.217	0.112	0.353
0.366	0.107	0.135	0.393
0.353	0.117	0.153	0.377
0.263	0.198	0.249	0.290
>DAGATHWGAT	4-DAGATHWGAT	9.071575	-0.000000	0	T:600.0(3.20%),B:9288.5(11.26%),P:1e0	Tpos:47.0,Tstd:24.3,Bpos:16281.1,Bstd:19130.2,StrandBias:-0.3,Multiplicity:1.15
0.274	0.138	0.289	0.299
0.887	0.001	0.001	0.111
0.145	0.059	0.769	0.027
0.933	0.001	0.001	0.065
0.078	0.001	0.168	0.753
0.320	0.235	0.161	0.284
0.436	0.001	0.001	0.562
0.115	0.001	0.793	0.091
0.942	0.001	0.038	0.019
0.073	0.001	0.100	0.826
>HWNNWVAGAT	5-HWNNWVAGAT	5.944556	-0.000000	0	T:5869.0(31.28%),B:44926.4(54.44%),P:1e0	Tpos:48.4,Tstd:27.6,Bpos:14885.6,Bstd:18545.3,StrandBias:-0.0,Multiplicity:1.04
0.325	0.225	0.136	0.314
0.355	0.177	0.132	0.336
0.332	0.189	0.228	0.252
0.328	0.186	0.196	0.290
0.381	0.041	0.222	0.355
0.304	0.369	0.241	0.085
0.616	0.001	0.001	0.382
0.001	0.001	0.997	0.001
0.997	0.001	0.001	0.001
0.001	0.001	0.001	0.997
>NTVHTAATCT	6-NTVHTAATCT	9.140426	-0.000000	0	T:298.0(1.59%),B:10337.3(12.53%),P:1e0	Tpos:48.7,Tstd:26.0,Bpos:15047.4,Bstd:19203.3,StrandBias:-0.1,Multiplicity:1.01
0.299	0.181	0.296	0.224
0.249	0.133	0.210	0.407
0.203	0.351	0.268	0.178
0.301	0.283	0.001	0.415
0.001	0.001	0.001	0.997
0.997	0.001	0.001	0.001
0.997	0.001	0.001	0.001
0.001	0.001	0.001	0.997
0.001	0.997	0.001	0.001
0.001	0.001	0.001	0.997
>NDNMNTGATA	7-NDNMNTGATA	6.649679	-0.000000	0	T:4802.0(25.59%),B:35086.3(42.52%),P:1e0	Tpos:50.2,Tstd:27.5,Bpos:15312.0,Bstd:19136.2,StrandBias:0.0,Multiplicity:1.05
0.296	0.186	0.259	0.259
0.281	0.157	0.312	0.249
0.236	0.225	0.309	0.230
0.365	0.261	0.181	0.193
0.220	0.269	0.276	0.235
0.176	0.003	0.006	0.815
0.001	0.004	0.994	0.001
0.995	0.003	0.001	0.001
0.012	0.009	0.012	0.967
0.983	0.003	0.013	0.001
>AAAAAAAAAA	8-AAAAAAAAAA	4.765449	-0.000000	0	T:6087.0(32.44%),B:52151.1(63.20%),P:1e0	Tpos:49.6,Tstd:29.5,Bpos:14972.8,Bstd:18596.7,StrandBias:0.0,Multiplicity:1.03
0.618	0.090	0.148	0.144
0.565	0.089	0.161	0.185
0.669	0.101	0.172	0.058
0.657	0.086	0.169	0.088
0.639	0.087	0.171	0.103
0.581	0.099	0.198	0.122
0.558	0.122	0.191	0.129
0.523	0.115	0.184	0.178
0.493	0.119	0.212	0.176
0.507	0.100	0.210	0.183
>NHNATATCTB	9-NHNATATCTB	7.587099	-0.000000	0	T:78.0(0.42%),B:5905.3(7.16%),P:1e0	Tpos:49.3,Tstd:27.0,Bpos:15782.9,Bstd:19611.8,StrandBias:-0.8,Multiplicity:1.00
0.306	0.214	0.214	0.266
0.286	0.220	0.128	0.366
0.297	0.199	0.208	0.296
0.511	0.301	0.187	0.001
0.056	0.189	0.054	0.701
0.847	0.124	0.004	0.025
0.001	0.002	0.002	0.995
0.023	0.925	0.023	0.029
0.271	0.001	0.002	0.726
0.203	0.232	0.357	0.208
>AAAAWAVARA	10-AAAAWAVARA	4.310388	-0.000000	0	T:9541.0(50.85%),B:59928.0(72.62%),P:1e0	Tpos:50.2,Tstd:28.6,Bpos:15418.5,Bstd:19001.7,StrandBias:0.1,Multiplicity:1.08
0.520	0.061	0.068	0.351
0.625	0.002	0.158	0.215
0.558	0.078	0.132	0.232
0.446	0.141	0.171	0.243
0.363	0.195	0.193	0.248
0.433	0.129	0.167	0.270
0.309	0.315	0.229	0.146
0.751	0.001	0.001	0.247
0.396	0.156	0.277	0.172
0.551	0.002	0.071	0.376
>WHWHWMATCT	11-WHWHWMATCT	6.425813	-0.000000	0	T:5205.0(27.74%),B:43556.2(52.78%),P:1e0	Tpos:51.2,Tstd:27.7,Bpos:15103.1,Bstd:18938.5,StrandBias:0.1,Multiplicity:1.06
0.324	0.148	0.172	0.356
0.343	0.218	0.107	0.332
0.308	0.155	0.138	0.398
0.310	0.306	0.117	0.266
0.370	0.186	0.051	0.393
0.392	0.342	0.104	0.162
0.997	0.001	0.001	0.001
0.001	0.001	0.001	0.997
0.001	0.997	0.001	0.001
0.001	0.001	0.001	0.997
>WAAAAAAAAA	12-WAAAAAAAAA	4.760301	-0.000000	0	T:6310.0(33.63%),B:52163.4(63.21%),P:1e0	Tpos:49.6,Tstd:29.7,Bpos:14999.2,Bstd:18842.3,StrandBias:-0.1,Multiplicity:1.04
0.422	0.129	0.145	0.304
0.437	0.110	0.167	0.285
0.440	0.138	0.190	0.233
0.466	0.124	0.176	0.234
0.474	0.131	0.188	0.207
0.559	0.088	0.169	0.184
0.570	0.114	0.189	0.127
0.844	0.006	0.030	0.120
0.584	0.082	0.265	0.069
0.664	0.004	0.172	0.160
>AAAAAAAAAW	13-AAAAAAAAAW	4.432914	-0.000000	0	T:7797.0(41.56%),B:56332.0(68.26%),P:1e0	Tpos:49.8,Tstd:29.1,Bpos:15114.8,Bstd:18959.0,StrandBias:0.1,Multiplicity:1.06
0.685	0.014	0.138	0.163
0.708	0.034	0.154	0.104
0.728	0.052	0.141	0.079
0.632	0.087	0.151	0.130
0.571	0.112	0.158	0.159
0.470	0.142	0.181	0.207
0.422	0.158	0.192	0.229
0.419	0.155	0.179	0.248
0.421	0.145	0.188	0.246
0.408	0.101	0.189	0.301
>TTTTTTTTTT	14-TTTTTTTTTT	5.208316	-0.000000	0	T:5285.0(28.17%),B:50961.7(61.76%),P:1e0	Tpos:48.7,Tstd:28.6,Bpos:15457.1,Bstd:18514.3,StrandBias:0.0,Multiplicity:1.06
0.105	0.163	0.064	0.668
0.074	0.211	0.099	0.616
0.067	0.145	0.066	0.722
0.062	0.183	0.082	0.673
0.059	0.186	0.041	0.714
0.054	0.172	0.081	0.693
0.081	0.156	0.081	0.682
0.094	0.191	0.093	0.622
0.175	0.187	0.099	0.539
0.174	0.151	0.113	0.562
>GATATDNDNN	15-GATATDNDNN	7.470866	-0.000000	0	T:22.0(0.12%),B:1587.8(1.92%),P:1e0	Tpos:51.6,Tstd:30.5,Bpos:17143.5,Bstd:20850.4,StrandBias:-0.7,Multiplicity:1.00
0.001	0.001	0.997	0.001
0.997	0.001	0.001	0.001
0.001	0.001	0.001	0.997
0.989	0.001	0.005	0.005
0.306	0.001	0.226	0.467
0.230	0.079	0.379	0.312
0.224	0.201	0.310	0.264
0.361	0.014	0.263	0.362
0.273	0.226	0.236	0.265
0.316	0.191	0.228	0.266
>ATCTKTYTTT	16-ATCTKTYTTT	6.924304	-0.000000	0	T:3746.0(19.97%),B:37977.6(46.02%),P:1e0	Tpos:48.7,Tstd:27.1,Bpos:15197.7,Bstd:18932.1,StrandBias:0.1,Multiplicity:1.06
0.997	0.001	0.001	0.001
0.001	0.001	0.001	0.997
0.001	0.997	0.001	0.001
0.092	0.001	0.001	0.906
0.192	0.191	0.234	0.383
0.047	0.024	0.001	0.928
0.109	0.451	0.001	0.439
0.284	0.174	0.001	0.541
0.270	0.227	0.078	0.425
0.224	0.150	0.110	0.516
>ASAGATTWTW	17-ASAGATTWTW	9.927553	-0.000000	0	T:99.0(0.53%),B:10546.1(12.78%),P:1e0	Tpos:54.4,Tstd:27.1,Bpos:14707.4,Bstd:18710.3,StrandBias:0.4,Multiplicity:1.00
0.997	0.001	0.001	0.001
0.094	0.341	0.438	0.127
0.997	0.001	0.001	0.001
0.001	0.001	0.997	0.001
0.997	0.001	0.001	0.001
0.001	0.001	0.001	0.997
0.001	0.001	0.104	0.894
0.402	0.001	0.077	0.520
0.215	0.075	0.050	0.660
0.386	0.072	0.033	0.509
>TTTNMAADAW	18-TTTNMAADAW	4.772020	-0.000000	0	T:6394.0(34.08%),B:52928.8(64.14%),P:1e0	Tpos:49.3,Tstd:28.3,Bpos:15547.0,Bstd:18911.3,StrandBias:0.1,Multiplicity:1.07
0.263	0.077	0.023	0.637
0.111	0.149	0.068	0.672
0.094	0.045	0.098	0.763
0.171	0.298	0.261	0.270
0.367	0.426	0.068	0.139
0.632	0.264	0.005	0.099
0.610	0.029	0.120	0.241
0.335	0.155	0.307	0.203
0.579	0.104	0.117	0.200
0.482	0.056	0.113	0.349
>AAAAAAAARA	19-AAAAAAAARA	6.566283	-0.000000	0	T:3269.0(17.42%),B:43773.8(53.05%),P:1e0	Tpos:49.2,Tstd:28.9,Bpos:15171.9,Bstd:17762.5,StrandBias:0.0,Multiplicity:1.11
0.613	0.118	0.197	0.072
0.794	0.032	0.074	0.100
0.704	0.091	0.147	0.058
0.798	0.012	0.181	0.009
0.660	0.044	0.256	0.040
0.896	0.001	0.077	0.026
0.842	0.098	0.059	0.001
0.866	0.001	0.001	0.132
0.491	0.046	0.398	0.065
0.868	0.021	0.067	0.044
>GATANNNWNN	20-GATANNNWNN	6.690016	-0.000000	0	T:198.0(1.06%),B:12547.4(15.21%),P:1e0	Tpos:48.0,Tstd:28.1,Bpos:15616.1,Bstd:19306.9,StrandBias:0.4,Multiplicity:1.00
0.001	0.001	0.997	0.001
0.997	0.001	0.001	0.001
0.001	0.001	0.001	0.997
0.997	0.001	0.001	0.001
0.210	0.195	0.250	0.345
0.266	0.174	0.275	0.285
0.305	0.199	0.295	0.202
0.364	0.176	0.177	0.283
0.300	0.204	0.205	0.291
0.254	0.208	0.286	0.251
>TATCTNTHHN	21-TATCTNTHHN	6.743013	-0.000000	0	T:7946.0(42.35%),B:38570.6(46.74%),P:1e0	Tpos:50.5,Tstd:28.1,Bpos:15341.0,Bstd:19590.2,StrandBias:-0.0,Multiplicity:1.17
0.001	0.001	0.001	0.997
0.997	0.001	0.001	0.001
0.001	0.001	0.001	0.997
0.001	0.997	0.001	0.001
0.248	0.001	0.001	0.750
0.246	0.243	0.264	0.248
0.238	0.248	0.074	0.440
0.250	0.318	0.146	0.286
0.257	0.214	0.166	0.363
0.319	0.233	0.178	0.271
>NNWBHTGATA	22-NNWBHTGATA	6.831022	-0.000000	0	T:4478.0(23.87%),B:34281.0(41.54%),P:1e0	Tpos:50.9,Tstd:27.4,Bpos:15127.5,Bstd:19125.9,StrandBias:0.0,Multiplicity:1.06
0.300	0.167	0.285	0.248
0.252	0.320	0.257	0.171
0.322	0.172	0.147	0.359
0.100	0.235	0.302	0.362
0.311	0.331	0.130	0.228
0.418	0.004	0.001	0.577
0.004	0.001	0.994	0.001
0.994	0.004	0.001	0.001
0.001	0.001	0.001	0.997
0.991	0.001	0.001	0.007
>NNHVATCTNT	23-NNHVATCTNT	7.255343	-0.000000	0	T:1512.0(8.06%),B:35152.6(42.60%),P:1e0	Tpos:50.3,Tstd:27.8,Bpos:15225.5,Bstd:18845.6,StrandBias:0.1,Multiplicity:1.03
0.298	0.211	0.183	0.308
0.314	0.225	0.231	0.230
0.340	0.256	0.167	0.237
0.231	0.334	0.312	0.123
0.997	0.001	0.001	0.001
0.001	0.001	0.001	0.997
0.001	0.997	0.001	0.001
0.001	0.001	0.001	0.997
0.195	0.231	0.291	0.283
0.001	0.001	0.001	0.997
>AAAAAAAAAA	24-AAAAAAAAAA	4.688764	-0.000000	0	T:7240.0(38.59%),B:55015.1(66.67%),P:1e0	Tpos:50.2,Tstd:28.6,Bpos:15338.8,Bstd:19039.9,StrandBias:0.1,Multiplicity:1.03
0.684	0.038	0.131	0.147
0.616	0.049	0.164	0.171
0.657	0.085	0.144	0.114
0.656	0.074	0.164	0.106
0.608	0.111	0.156	0.125
0.598	0.108	0.147	0.147
0.573	0.120	0.168	0.139
0.565	0.117	0.142	0.176
0.531	0.130	0.175	0.164
0.542	0.095	0.170	0.193
>WWWWWAAAAA	25-WWWWWAAAAA	4.333090	-0.000000	0	T:7949.0(42.37%),B:56545.6(68.52%),P:1e0	Tpos:50.4,Tstd:29.4,Bpos:15008.5,Bstd:18829.0,StrandBias:0.0,Multiplicity:1.06
0.380	0.152	0.115	0.354
0.397	0.144	0.147	0.312
0.399	0.177	0.170	0.254
0.391	0.162	0.182	0.265
0.397	0.163	0.184	0.255
0.476	0.135	0.190	0.199
0.598	0.121	0.174	0.107
0.843	0.094	0.062	0.001
0.800	0.048	0.053	0.099
0.545	0.056	0.194	0.205
>YYCTTATCTBHN	1-YYCTTATCTBHN	3.696484	-1257.843309	0	T:12071.0(64.34%),B:36464.2(44.19%),P:1e-546	Tpos:50.6,Tstd:23.6,Bpos:15103.8,Bstd:19002.9,StrandBias:0.0,Multiplicity:1.32
0.212	0.263	0.159	0.366
0.054	0.352	0.184	0.411
0.001	0.882	0.091	0.026
0.001	0.001	0.001	0.997
0.001	0.001	0.001	0.997
0.997	0.001	0.001	0.001
0.001	0.001	0.001	0.997
0.001	0.997	0.001	0.001
0.323	0.001	0.001	0.675
0.141	0.283	0.345	0.230
0.228	0.265	0.162	0.345
0.266	0.246	0.226	0.262
>AGATTAGATTAG	2-AGATTAGATTAG	12.408061	-0.681215	0	T:27.0(0.14%),B:117.2(0.14%),P:1e0	Tpos:47.4,Tstd:20.7,Bpos:16098.0,Bstd:19684.5,StrandBias:-0.7,Multiplicity:1.00
0.624	0.001	0.054	0.321
0.078	0.027	0.810	0.085
0.791	0.013	0.156	0.040
0.174	0.004	0.174	0.648
0.047	0.233	0.187	0.533
0.967	0.001	0.002	0.030
0.006	0.018	0.972	0.004
0.887	0.055	0.049	0.009
0.108	0.030	0.031	0.831
0.131	0.071	0.121	0.677
0.681	0.001	0.197	0.121
0.146	0.088	0.643	0.123
>NDGNNNNWGATA	3-NDGNNNNWGATA	8.205625	-0.000099	0	T:1.0(0.01%),B:44.9(0.05%),P:1e0	Tpos:62.0,Tstd:0.0,Bpos:18728.3,Bstd:23469.7,StrandBias:10.0,Multiplicity:1.00
0.247	0.273	0.227	0.252
0.319	0.062	0.276	0.342
0.206	0.001	0.581	0.212
0.246	0.272	0.220	0.262
0.228	0.297	0.199	0.276
0.313	0.203	0.243	0.241
0.268	0.317	0.236	0.179
0.490	0.001	0.001	0.508
0.001	0.001	0.997	0.001
0.997	0.001	0.001	0.001
0.001	0.001	0.001	0.997
0.997	0.001	0.001	0.001
>NNNNNNNWGATA	4-NNNNNNNWGATA	7.514357	-0.000000	0	T:6.0(0.03%),B:145.9(0.18%),P:1e0	Tpos:30.0,Tstd:0.0,Bpos:12597.0,Bstd:16030.3,StrandBias:-10.0,Multiplicity:1.00
0.264	0.217	0.252	0.267
0.254	0.214	0.218	0.314
0.252	0.224	0.245	0.279
0.263	0.272	0.169	0.296
0.251	0.192	0.234	0.322
0.279	0.220	0.245	0.256
0.238	0.327	0.192	0.243
0.454	0.001	0.001	0.544
0.001	0.001	0.997	0.001
0.997	0.001	0.001	0.001
0.001	0.001	0.001	0.997
0.997	0.001	0.001	0.001
>NNWAACCACANN	5-NNWAACCACANN	9.497812	-0.000000	0	T:2.0(0.01%),B:104.4(0.13%),P:1e0	Tpos:13.0,Tstd:1.0,Bpos:17584.7,Bstd:18498.6,StrandBias:0.0,Multiplicity:1.00
0.224	0.258	0.229	0.289
0.280	0.296	0.206	0.218
0.381	0.209	0.079	0.331
0.629	0.001	0.240	0.130
0.541	0.198	0.260	0.001
0.001	0.997	0.001	0.001
0.019	0.979	0.001	0.001
0.997	0.001	0.001	0.001
0.001	0.940	0.001	0.058
0.802	0.014	0.001	0.183
0.314	0.165	0.304	0.216
0.311	0.256	0.170	0.263
>HWVCCACANNNH	6-HWVCCACANNNH	7.967506	-0.000000	0	T:1.0(0.01%),B:90.2(0.11%),P:1e0	Tpos:26.0,Tstd:0.0,Bpos:17764.0,Bstd:21362.0,StrandBias:-10.0,Multiplicity:1.00
0.349	0.351	0.006	0.295
0.535	0.023	0.029	0.413
0.350	0.280	0.360	0.010
0.099	0.732	0.071	0.098
0.066	0.859	0.017	0.058
0.832	0.074	0.026	0.068
0.082	0.810	0.041	0.067
0.834	0.060	0.025	0.081
0.298	0.151	0.267	0.284
0.271	0.245	0.233	0.251
0.283	0.267	0.193	0.256
0.303	0.251	0.132	0.315
>NNNHNMTATCTN	7-NNNHNMTATCTN	8.196506	-0.000000	0	T:1.0(0.01%),B:93.2(0.11%),P:1e0	Tpos:85.0,Tstd:0.0,Bpos:15694.3,Bstd:20431.5,StrandBias:-10.0,Multiplicity:1.00
0.248	0.243	0.245	0.263
0.263	0.246	0.238	0.254
0.258	0.260	0.230	0.252
0.334	0.283	0.019	0.364
0.215	0.285	0.254	0.245
0.376	0.429	0.021	0.175
0.001	0.001	0.001	0.997
0.997	0.001	0.001	0.001
0.001	0.001	0.001	0.997
0.001	0.997	0.001	0.001
0.001	0.001	0.001	0.997
0.212	0.239	0.283	0.266
>TTATCWNNVHNN	8-TTATCWNNVHNN	8.843089	-0.000000	0	T:3.0(0.02%),B:130.0(0.16%),P:1e0	Tpos:49.0,Tstd:0.0,Bpos:13067.9,Bstd:17103.6,StrandBias:10.0,Multiplicity:1.00
0.001	0.001	0.001	0.997
0.001	0.001	0.001	0.997
0.997	0.001	0.001	0.001
0.001	0.001	0.001	0.997
0.001	0.997	0.001	0.001
0.522	0.001	0.001	0.476
0.256	0.285	0.262	0.197
0.288	0.183	0.260	0.270
0.206	0.268	0.346	0.179
0.355	0.279	0.001	0.365
0.272	0.268	0.263	0.196
0.289	0.226	0.227	0.257
>HWHTMATCTCTW	9-HWHTMATCTCTW	7.175645	-0.000000	0	T:2219.0(11.83%),B:36478.1(44.20%),P:1e0	Tpos:50.8,Tstd:26.4,Bpos:15236.9,Bstd:18842.7,StrandBias:0.0,Multiplicity:1.04
0.225	0.287	0.149	0.339
0.310	0.192	0.085	0.413
0.400	0.344	0.001	0.255
0.385	0.074	0.001	0.540
0.438	0.305	0.249	0.007
0.997	0.001	0.001	0.001
0.001	0.001	0.001	0.997
0.047	0.951	0.001	0.001
0.001	0.001	0.001	0.997
0.241	0.463	0.155	0.141
0.404	0.001	0.001	0.594
0.260	0.104	0.242	0.394
>ATCTATCTATCT	10-ATCTATCTATCT	10.992047	-0.000000	0	T:150.0(0.80%),B:2306.0(2.79%),P:1e0	Tpos:50.8,Tstd:27.8,Bpos:16087.2,Bstd:20670.8,StrandBias:-0.3,Multiplicity:1.45
0.736	0.108	0.092	0.064
0.091	0.106	0.119	0.684
0.092	0.785	0.060	0.063
0.075	0.064	0.050	0.811
0.733	0.100	0.106	0.061
0.068	0.085	0.098	0.749
0.065	0.803	0.049	0.083
0.086	0.068	0.035	0.811
0.719	0.106	0.097	0.078
0.085	0.087	0.100	0.728
0.092	0.742	0.075	0.091
0.115	0.131	0.053	0.701
>GTCTGTCTGTCT	11-GTCTGTCTGTCT	6.845614	-0.000000	0	T:1824.0(9.72%),B:34528.3(41.84%),P:1e0	Tpos:49.7,Tstd:28.1,Bpos:16016.8,Bstd:18244.1,StrandBias:0.0,Multiplicity:1.04
0.129	0.125	0.641	0.105
0.091	0.089	0.103	0.717
0.073	0.699	0.137	0.091
0.098	0.028	0.035	0.839
0.047	0.105	0.745	0.103
0.079	0.091	0.066	0.764
0.075	0.728	0.110	0.087
0.080	0.031	0.023	0.866
0.076	0.122	0.707	0.095
0.070	0.094	0.076	0.760
0.087	0.715	0.102	0.096
0.081	0.075	0.026	0.818
>TATCTBYHNNHN	12-TATCTBYHNNHN	7.120162	-0.000000	0	T:4947.0(26.37%),B:33407.8(40.48%),P:1e0	Tpos:50.9,Tstd:26.5,Bpos:15177.3,Bstd:19171.6,StrandBias:-0.0,Multiplicity:1.09
0.001	0.001	0.001	0.997
0.997	0.001	0.001	0.001
0.001	0.001	0.001	0.997
0.001	0.997	0.001	0.001
0.276	0.001	0.001	0.722
0.172	0.257	0.327	0.243
0.220	0.273	0.106	0.401
0.258	0.286	0.142	0.313
0.260	0.222	0.192	0.326
0.243	0.288	0.165	0.304
0.271	0.267	0.134	0.328
0.259	0.244	0.195	0.301
>ATCWDNNMHNNN	13-ATCWDNNMHNNN	5.937950	-0.000000	0	T:3584.0(19.10%),B:38535.5(46.70%),P:1e0	Tpos:49.9,Tstd:26.3,Bpos:15056.5,Bstd:18959.9,StrandBias:-0.1,Multiplicity:1.04
0.997	0.001	0.001	0.001
0.001	0.001	0.001	0.997
0.258	0.740	0.001	0.001
0.444	0.001	0.001	0.554
0.294	0.001	0.381	0.324
0.328	0.206	0.224	0.242
0.282	0.215	0.208	0.296
0.400	0.369	0.230	0.001
0.349	0.269	0.042	0.340
0.296	0.263	0.186	0.255
0.304	0.231	0.158	0.307
0.300	0.228	0.212	0.259
>ATCTNTWNDTDN	14-ATCTNTWNDTDN	6.677718	-0.000000	0	T:4288.0(22.85%),B:40862.8(49.52%),P:1e0	Tpos:49.0,Tstd:26.8,Bpos:15188.6,Bstd:18733.9,StrandBias:0.1,Multiplicity:1.06
0.997	0.001	0.001	0.001
0.001	0.001	0.001	0.997
0.001	0.997	0.001	0.001
0.001	0.001	0.001	0.997
0.174	0.267	0.259	0.300
0.299	0.240	0.001	0.459
0.312	0.080	0.227	0.382
0.237	0.224	0.270	0.270
0.291	0.177	0.198	0.335
0.225	0.018	0.300	0.457
0.295	0.101	0.314	0.290
0.298	0.231	0.233	0.238
>NNNNNMTATCTN	15-NNNNNMTATCTN	7.829504	-0.000000	0	T:211.0(1.12%),B:10678.3(12.94%),P:1e0	Tpos:48.7,Tstd:24.4,Bpos:16756.8,Bstd:19213.6,StrandBias:-0.0,Multiplicity:1.00
0.247	0.258	0.251	0.243
0.250	0.247	0.243	0.260
0.223	0.256	0.253	0.268
0.300	0.238	0.237	0.226
0.342	0.251	0.209	0.198
0.352	0.402	0.011	0.235
0.001	0.001	0.001	0.997
0.997	0.001	0.001	0.001
0.001	0.001	0.001	0.997
0.001	0.997	0.001	0.001
0.001	0.001	0.001	0.997
0.188	0.267	0.251	0.293
>NNNNNWGATADY	16-NNNNNWGATADY	6.942697	-0.000000	0	T:3402.0(18.13%),B:33333.0(40.39%),P:1e0	Tpos:51.3,Tstd:25.2,Bpos:15376.5,Bstd:19253.7,StrandBias:-0.0,Multiplicity:1.05
0.250	0.241	0.239	0.270
0.250	0.221	0.250	0.279
0.254	0.233	0.235	0.278
0.280	0.164	0.266	0.291
0.237	0.260	0.275	0.228
0.547	0.001	0.001	0.451
0.001	0.001	0.997	0.001
0.997	0.001	0.001	0.001
0.001	0.001	0.001	0.997
0.997	0.001	0.001	0.001
0.326	0.001	0.346	0.328
0.142	0.246	0.217	0.395
>GAGTGAGTGAGT	17-GAGTGAGTGAGT	-0.067133	-0.000000	0	T:1334.0(7.11%),B:32320.9(39.17%),P:1e0	Tpos:48.9,Tstd:27.4,Bpos:15783.4,Bstd:18463.3,StrandBias:0.1,Multiplicity:1.07
0.001	0.001	0.966	0.032
0.903	0.027	0.001	0.069
0.001	0.001	0.997	0.001
0.063	0.024	0.010	0.903
0.001	0.001	0.997	0.001
0.844	0.057	0.001	0.098
0.001	0.001	0.997	0.001
0.080	0.001	0.001	0.918
0.001	0.001	0.997	0.001
0.872	0.047	0.001	0.080
0.001	0.001	0.997	0.001
0.039	0.011	0.017	0.933
>NNNNHWVCCAGA	18-NNNNHWVCCAGA	5.835547	-0.000000	0	T:3242.0(17.28%),B:39008.6(47.27%),P:1e0	Tpos:49.8,Tstd:26.8,Bpos:15622.2,Bstd:18494.4,StrandBias:0.0,Multiplicity:1.05
0.292	0.208	0.207	0.292
0.303	0.204	0.197	0.296
0.305	0.203	0.211	0.281
0.268	0.261	0.207	0.264
0.330	0.293	0.029	0.347
0.325	0.019	0.185	0.471
0.353	0.272	0.324	0.051
0.196	0.590	0.049	0.165
0.086	0.853	0.018	0.043
0.859	0.042	0.028	0.071
0.041	0.277	0.663	0.019
0.832	0.059	0.041	0.068
>NNHWHHHTATCT	19-NNHWHHHTATCT	7.212630	-0.000000	0	T:5490.0(29.26%),B:35730.3(43.30%),P:1e0	Tpos:50.2,Tstd:26.8,Bpos:15193.1,Bstd:19552.1,StrandBias:0.1,Multiplicity:1.07
0.322	0.179	0.192	0.307
0.260	0.190	0.216	0.335
0.302	0.201	0.152	0.345
0.233	0.203	0.195	0.368
0.272	0.306	0.136	0.285
0.266	0.231	0.131	0.372
0.314	0.314	0.144	0.228
0.001	0.001	0.001	0.997
0.997	0.001	0.001	0.001
0.001	0.001	0.001	0.997
0.001	0.997	0.001	0.001
0.001	0.001	0.001	0.997
>NNNNNATTATCA	20-NNNNNATTATCA	9.810376	-0.000000	0	T:7.0(0.04%),B:437.3(0.53%),P:1e0	Tpos:79.5,Tstd:8.5,Bpos:13756.2,Bstd:15853.4,StrandBias:0.0,Multiplicity:1.00
0.296	0.205	0.203	0.296
0.278	0.239	0.197	0.286
0.304	0.201	0.237	0.258
0.260	0.184	0.251	0.304
0.256	0.310	0.175	0.260
0.997	0.001	0.001	0.001
0.200	0.156	0.001	0.643
0.001	0.001	0.001	0.997
0.997	0.001	0.001	0.001
0.001	0.001	0.001	0.997
0.001	0.997	0.001	0.001
0.707	0.001	0.001	0.291
>VCCAGAVDVHNN	21-VCCAGAVDVHNN	8.397004	-0.000000	0	T:2.0(0.01%),B:221.6(0.27%),P:1e0	Tpos:56.0,Tstd:7.0,Bpos:18991.4,Bstd:21201.2,StrandBias:10.0,Multiplicity:1.00
0.411	0.323	0.265	0.001
0.001	0.700	0.001	0.298
0.001	0.997	0.001	0.001
0.997	0.001	0.001	0.001
0.001	0.374	0.624	0.001
0.997	0.001	0.001	0.001
0.380	0.241	0.378	0.001
0.397	0.001	0.276	0.326
0.318	0.311	0.370	0.001
0.322	0.263	0.096	0.319
0.284	0.219	0.223	0.274
0.291	0.208	0.211	0.290
>NNNNWGATADNN	22-NNNNWGATADNN	6.732303	-0.000000	0	T:451.0(2.40%),B:6978.6(8.46%),P:1e0	Tpos:46.0,Tstd:0.0,Bpos:18298.9,Bstd:22408.1,StrandBias:-10.0,Multiplicity:1.00
0.262	0.235	0.232	0.270
0.263	0.224	0.253	0.260
0.288	0.217	0.273	0.223
0.226	0.291	0.252	0.232
0.549	0.001	0.001	0.449
0.001	0.001	0.997	0.001
0.997	0.001	0.001	0.001
0.001	0.001	0.001	0.997
0.646	0.001	0.016	0.337
0.401	0.001	0.296	0.301
0.250	0.255	0.260	0.235
0.234	0.242	0.231	0.293
>HWARCCACAWDN	23-HWARCCACAWDN	10.264392	-0.000000	0	T:27.0(0.14%),B:1315.0(1.59%),P:1e0	Tpos:51.9,Tstd:27.5,Bpos:15861.2,Bstd:18324.5,StrandBias:0.4,Multiplicity:1.00
0.342	0.297	0.156	0.205
0.436	0.232	0.001	0.331
0.904	0.001	0.001	0.094
0.333	0.226	0.439	0.001
0.001	0.997	0.001	0.001
0.001	0.997	0.001	0.001
0.997	0.001	0.001	0.001
0.001	0.997	0.001	0.001
0.997	0.001	0.001	0.001
0.378	0.157	0.216	0.249
0.329	0.172	0.230	0.269
0.311	0.277	0.165	0.247
>NNHNAWTATCTB	24-NNHNAWTATCTB	8.997309	-0.000000	0	T:10.0(0.05%),B:261.7(0.32%),P:1e0	Tpos:57.2,Tstd:18.8,Bpos:14578.4,Bstd:18645.5,StrandBias:2.0,Multiplicity:1.00
0.282	0.205	0.209	0.304
0.259	0.210	0.226	0.305
0.257	0.206	0.185	0.352
0.234	0.293	0.192	0.281
0.450	0.170	0.161	0.219
0.284	0.203	0.156	0.358
0.001	0.001	0.001	0.997
0.997	0.001	0.001	0.001
0.001	0.001	0.001	0.997
0.001	0.997	0.001	0.001
0.006	0.001	0.001	0.992
0.123	0.271	0.288	0.319
>NNNNNNNNNNNN	25-NNNNNNNNNNNN	-nan	0.000000	0	T:0.0(0.00%),B:0.0(0.00%),P:1e0	Tpos:0.0,Tstd:0.0,Bpos:0.0,Bstd:0.0,StrandBias:0.0,Multiplicity:1.00
-nan	-nan	-nan	-nan
-nan	-nan	-nan	-nan
-nan	-nan	-nan	-nan
-nan	-nan	-nan	-nan
-nan	-nan	-nan	-nan
-nan	-nan	-nan	-nan
-nan	-nan	-nan	-nan
-nan	-nan	-nan	-nan
-nan	-nan	-nan	-nan
-nan	-nan	-nan	-nan
-nan	-nan	-nan	-nan
-nan	-nan	-nan	-nan
>CTTATCTG	1-CTTATCTG	4.064327	-2090.705000	0	T:14180.0(75.58%),B:41438.0(50.22%),P:1e-907	Tpos:50.7,Tstd:24.8,Bpos:15115.0,Bstd:19006.0,StrandBias:0.0,Multiplicity:1.51
0.022	0.873	0.049	0.056
0.011	0.012	0.001	0.976
0.009	0.001	0.001	0.989
0.997	0.001	0.001	0.001
0.001	0.001	0.001	0.997
0.001	0.997	0.001	0.001
0.155	0.001	0.008	0.836
0.107	0.195	0.518	0.180
>RMNHTATC	2-RMNHTATC	4.744696	-390.791685	0	T:13962.0(74.42%),B:52772.3(63.95%),P:1e-169	Tpos:49.7,Tstd:28.2,Bpos:15806.6,Bstd:19290.4,StrandBias:-0.0,Multiplicity:1.11
0.435	0.169	0.307	0.089
0.385	0.238	0.224	0.153
0.321	0.260	0.211	0.208
0.403	0.308	0.001	0.288
0.001	0.001	0.001	0.997
0.997	0.001	0.001	0.001
0.001	0.001	0.001	0.997
0.001	0.997	0.001	0.001
>ATCTKWTW	3-ATCTKWTW	5.586398	-0.000000	0	T:5034.0(26.83%),B:42875.9(51.96%),P:1e0	Tpos:49.3,Tstd:28.0,Bpos:15073.5,Bstd:18899.8,StrandBias:0.1,Multiplicity:1.06
0.910	0.033	0.022	0.035
0.020	0.013	0.023	0.944
0.051	0.836	0.050	0.063
0.259	0.017	0.023	0.701
0.170	0.173	0.350	0.306
0.304	0.183	0.132	0.381
0.183	0.198	0.181	0.438
0.439	0.117	0.115	0.329
>TCWDWWAT	4-TCWDWWAT	5.934930	-0.000000	0	T:2249.0(11.99%),B:37080.7(44.94%),P:1e0	Tpos:51.6,Tstd:28.9,Bpos:14998.7,Bstd:18881.4,StrandBias:-0.2,Multiplicity:1.03
0.079	0.001	0.001	0.919
0.075	0.697	0.068	0.160
0.451	0.001	0.001	0.547
0.247	0.066	0.379	0.308
0.424	0.064	0.099	0.413
0.368	0.184	0.158	0.290
0.794	0.001	0.001	0.204
0.171	0.001	0.164	0.664
>TTTTTTTT	5-TTTTTTTT	4.611630	-0.000000	0	T:7173.0(38.23%),B:53314.7(64.61%),P:1e0	Tpos:50.7,Tstd:29.3,Bpos:15156.2,Bstd:18640.0,StrandBias:-0.0,Multiplicity:1.09
0.246	0.153	0.040	0.561
0.215	0.135	0.130	0.520
0.160	0.149	0.114	0.577
0.162	0.178	0.053	0.607
0.156	0.147	0.001	0.696
0.107	0.116	0.053	0.724
0.280	0.122	0.061	0.537
0.242	0.061	0.017	0.680
>TATCTNTH	6-TATCTNTH	6.036136	-0.000000	0	T:6447.0(34.36%),B:35394.8(42.89%),P:1e0	Tpos:50.6,Tstd:27.6,Bpos:15329.7,Bstd:19318.5,StrandBias:-0.1,Multiplicity:1.42
0.001	0.001	0.001	0.997
0.997	0.001	0.001	0.001
0.001	0.001	0.001	0.997
0.001	0.997	0.001	0.001
0.001	0.001	0.001	0.997
0.244	0.322	0.200	0.235
0.051	0.059	0.057	0.833
0.290	0.280	0.076	0.353
>WTMWAATC	7-WTMWAATC	6.296253	-0.000000	0	T:3220.0(17.16%),B:37518.6(45.47%),P:1e0	Tpos:49.3,Tstd:28.8,Bpos:15093.9,Bstd:18840.4,StrandBias:0.0,Multiplicity:1.04
0.449	0.070	0.048	0.433
0.244	0.155	0.191	0.410
0.378	0.362	0.086	0.174
0.347	0.185	0.001	0.467
0.607	0.332	0.001	0.060
0.997	0.001	0.001	0.001
0.001	0.001	0.001	0.997
0.001	0.997	0.001	0.001
>ATCATCWK	8-ATCATCWK	5.015597	-0.000000	0	T:4232.0(22.56%),B:47582.6(57.66%),P:1e0	Tpos:50.3,Tstd:28.3,Bpos:15297.1,Bstd:18677.5,StrandBias:0.0,Multiplicity:1.04
0.640	0.083	0.116	0.161
0.076	0.101	0.132	0.691
0.327	0.584	0.088	0.001
0.645	0.110	0.053	0.192
0.135	0.078	0.077	0.710
0.053	0.675	0.155	0.117
0.440	0.081	0.001	0.478
0.053	0.162	0.448	0.337
>WWAAAAAA	9-WWAAAAAA	6.664204	-0.000000	0	T:2148.0(11.45%),B:37633.4(45.60%),P:1e0	Tpos:49.3,Tstd:29.7,Bpos:14509.7,Bstd:17420.4,StrandBias:0.0,Multiplicity:1.07
0.460	0.001	0.166	0.373
0.461	0.001	0.152	0.385
0.547	0.001	0.117	0.335
0.754	0.001	0.001	0.244
0.772	0.001	0.001	0.226
0.850	0.001	0.001	0.148
0.997	0.001	0.001	0.001
0.504	0.001	0.216	0.279
>AAAAAAAA	10-AAAAAAAA	6.870173	-0.000000	0	T:1035.0(5.52%),B:32326.5(39.17%),P:1e0	Tpos:52.2,Tstd:31.3,Bpos:14938.4,Bstd:18664.6,StrandBias:1.2,Multiplicity:1.00
0.780	0.026	0.043	0.151
0.601	0.049	0.061	0.289
0.754	0.051	0.123	0.072
0.722	0.041	0.068	0.169
0.612	0.080	0.149	0.159
0.680	0.086	0.064	0.170
0.567	0.088	0.149	0.196
0.706	0.025	0.080	0.189
>TTTTTTTW	11-TTTTTTTW	3.565387	-0.000000	0	T:10855.0(57.86%),B:61988.2(75.12%),P:1e0	Tpos:48.7,Tstd:29.0,Bpos:15366.0,Bstd:18913.7,StrandBias:0.1,Multiplicity:1.10
0.313	0.120	0.069	0.498
0.291	0.121	0.047	0.541
0.199	0.126	0.121	0.554
0.149	0.132	0.106	0.613
0.137	0.227	0.117	0.519
0.197	0.134	0.124	0.545
0.206	0.198	0.170	0.426
0.352	0.107	0.087	0.455
>AAAAAAWA	12-AAAAAAWA	3.264556	-0.000000	0	T:12227.0(65.17%),B:66182.4(80.20%),P:1e0	Tpos:49.6,Tstd:29.0,Bpos:15669.5,Bstd:18953.8,StrandBias:-0.1,Multiplicity:1.08
0.520	0.059	0.154	0.267
0.418	0.165	0.160	0.257
0.533	0.143	0.169	0.155
0.551	0.149	0.173	0.127
0.549	0.164	0.170	0.117
0.546	0.047	0.188	0.219
0.436	0.109	0.161	0.294
0.485	0.085	0.121	0.309
>TATCAKTC	13-TATCAKTC	5.623065	-0.000000	0	T:7266.0(38.73%),B:39283.5(47.60%),P:1e0	Tpos:50.4,Tstd:26.5,Bpos:15468.0,Bstd:19487.6,StrandBias:0.0,Multiplicity:1.09
0.001	0.001	0.001	0.997
0.997	0.001	0.001	0.001
0.001	0.001	0.001	0.997
0.001	0.997	0.001	0.001
0.914	0.001	0.001	0.084
0.001	0.001	0.510	0.488
0.085	0.211	0.215	0.489
0.189	0.464	0.047	0.300
>HTNAWGAT	14-HTNAWGAT	5.716935	-0.000000	0	T:3082.0(16.43%),B:40998.3(49.68%),P:1e0	Tpos:52.2,Tstd:28.3,Bpos:15554.1,Bstd:19016.6,StrandBias:-0.0,Multiplicity:1.04
0.216	0.336	0.109	0.339
0.224	0.196	0.165	0.416
0.299	0.164	0.275	0.262
0.539	0.179	0.009	0.273
0.434	0.001	0.001	0.564
0.001	0.063	0.908	0.028
0.900	0.054	0.045	0.001
0.039	0.001	0.001	0.959
>WTBWBTDW	15-WTBWBTDW	3.557452	-0.000000	0	T:7515.0(40.05%),B:55446.5(67.19%),P:1e0	Tpos:50.0,Tstd:28.9,Bpos:15260.8,Bstd:18987.5,StrandBias:0.0,Multiplicity:1.03
0.372	0.132	0.034	0.462
0.262	0.117	0.141	0.480
0.090	0.300	0.244	0.366
0.325	0.146	0.064	0.465
0.161	0.332	0.229	0.278
0.396	0.041	0.001	0.562
0.252	0.169	0.248	0.330
0.432	0.084	0.082	0.402
>BDCTATCT	16-BDCTATCT	6.117621	-0.000000	0	T:3877.0(20.66%),B:36916.0(44.74%),P:1e0	Tpos:50.2,Tstd:26.3,Bpos:15579.1,Bstd:19506.3,StrandBias:0.0,Multiplicity:1.08
0.071	0.306	0.263	0.360
0.388	0.001	0.275	0.335
0.284	0.644	0.071	0.001
0.001	0.001	0.001	0.997
0.997	0.001	0.001	0.001
0.001	0.001	0.001	0.997
0.001	0.997	0.001	0.001
0.001	0.001	0.001	0.997
>TTTTTTTT	17-TTTTTTTT	3.821680	-0.000000	0	T:9120.0(48.61%),B:58447.5(70.83%),P:1e0	Tpos:50.3,Tstd:29.7,Bpos:15274.0,Bstd:19112.6,StrandBias:-0.0,Multiplicity:1.10
0.242	0.124	0.045	0.589
0.187	0.232	0.098	0.484
0.273	0.111	0.062	0.554
0.234	0.172	0.116	0.479
0.270	0.131	0.055	0.544
0.202	0.152	0.141	0.505
0.303	0.124	0.062	0.511
0.251	0.097	0.102	0.550
>WWAWMAGA	18-WWAWMAGA	4.744468	-0.000000	0	T:5714.0(30.46%),B:47384.1(57.42%),P:1e0	Tpos:49.0,Tstd:28.6,Bpos:15214.3,Bstd:18719.1,StrandBias:-0.1,Multiplicity:1.02
0.391	0.219	0.085	0.305
0.373	0.052	0.148	0.427
0.416	0.173	0.147	0.265
0.411	0.120	0.169	0.300
0.394	0.348	0.109	0.149
0.640	0.001	0.007	0.352
0.281	0.055	0.616	0.048
0.962	0.001	0.001	0.036
>HDWAATCW	19-HDWAATCW	5.779379	-0.000000	0	T:4117.0(21.94%),B:46385.4(56.21%),P:1e0	Tpos:50.8,Tstd:28.0,Bpos:15375.7,Bstd:18851.6,StrandBias:-0.0,Multiplicity:1.07
0.333	0.186	0.171	0.309
0.267	0.142	0.262	0.329
0.380	0.181	0.114	0.325
0.599	0.399	0.001	0.001
0.997	0.001	0.001	0.001
0.001	0.001	0.001	0.997
0.001	0.827	0.171	0.001
0.558	0.001	0.001	0.440
>TTTTTTTT	20-TTTTTTTT	3.832203	-0.000000	0	T:6002.0(31.99%),B:51546.3(62.47%),P:1e0	Tpos:49.0,Tstd:29.5,Bpos:15025.7,Bstd:18582.8,StrandBias:-0.1,Multiplicity:1.00
0.296	0.130	0.104	0.470
0.242	0.182	0.075	0.501
0.242	0.113	0.090	0.555
0.137	0.154	0.147	0.562
0.145	0.185	0.134	0.536
0.211	0.152	0.121	0.516
0.268	0.146	0.149	0.437
0.267	0.140	0.126	0.468
>AWAAAAAA	21-AWAAAAAA	5.334853	-0.000000	0	T:4422.0(23.57%),B:45193.5(54.77%),P:1e0	Tpos:48.1,Tstd:29.3,Bpos:15308.3,Bstd:18461.6,StrandBias:0.1,Multiplicity:1.10
0.557	0.081	0.103	0.259
0.426	0.123	0.166	0.285
0.631	0.073	0.124	0.172
0.560	0.087	0.086	0.267
0.645	0.053	0.096	0.206
0.775	0.047	0.023	0.155
0.766	0.053	0.105	0.076
0.642	0.011	0.124	0.223
>TCTGATTW	22-TCTGATTW	5.355737	-0.000000	0	T:2006.0(10.69%),B:33712.2(40.85%),P:1e0	Tpos:48.8,Tstd:30.3,Bpos:15692.5,Bstd:18955.1,StrandBias:0.0,Multiplicity:1.00
0.001	0.001	0.001	0.997
0.001	0.997	0.001	0.001
0.042	0.001	0.001	0.956
0.001	0.001	0.997	0.001
0.997	0.001	0.001	0.001
0.001	0.001	0.001	0.997
0.019	0.168	0.217	0.596
0.528	0.001	0.006	0.465
>ATCAGATT	23-ATCAGATT	2.659494	-0.000000	0	T:5568.0(29.68%),B:47893.7(58.04%),P:1e0	Tpos:49.7,Tstd:27.2,Bpos:15497.9,Bstd:18728.4,StrandBias:-0.0,Multiplicity:1.09
0.997	0.001	0.001	0.001
0.001	0.001	0.001	0.997
0.001	0.997	0.001	0.001
0.997	0.001	0.001	0.001
0.001	0.001	0.997	0.001
0.997	0.001	0.001	0.001
0.001	0.001	0.001	0.997
0.099	0.259	0.222	0.420
>HWWWMAGA	24-HWWWMAGA	5.725062	-0.000000	0	T:4001.0(21.33%),B:42628.4(51.66%),P:1e0	Tpos:48.9,Tstd:28.5,Bpos:15547.0,Bstd:18705.6,StrandBias:0.1,Multiplicity:1.07
0.283	0.339	0.001	0.377
0.382	0.200	0.001	0.417
0.417	0.125	0.140	0.318
0.473	0.001	0.178	0.348
0.456	0.342	0.106	0.097
0.635	0.001	0.053	0.311
0.001	0.001	0.997	0.001
0.997	0.001	0.001	0.001
>ATCTKYDW	25-ATCTKYDW	5.706861	-0.000000	0	T:5748.0(30.64%),B:46169.4(55.95%),P:1e0	Tpos:50.3,Tstd:28.3,Bpos:15317.9,Bstd:18894.4,StrandBias:0.2,Multiplicity:1.05
0.997	0.001	0.001	0.001
0.001	0.001	0.001	0.997
0.001	0.997	0.001	0.001
0.320	0.001	0.001	0.678
0.177	0.147	0.294	0.382
0.156	0.281	0.195	0.369
0.346	0.110	0.219	0.326
0.260	0.181	0.184	0.375
