>NBNSTTATCT	1-NBNSTTATCT	5.489906	-1908.737364	0	T:13945.0(74.33%),B:41269.0(50.01%),P:1e-828	Tpos:50.5,Tstd:24.4,Bpos:15094.1,Bstd:18983.7,StrandBias:0.1,Multiplicity:1.48
0.204	0.269	0.262	0.265
0.173	0.257	0.323	0.247
0.174	0.320	0.278	0.228
0.139	0.370	0.271	0.220
0.045	0.133	0.001	0.821
0.047	0.064	0.037	0.852
0.944	0.045	0.010	0.001
0.027	0.037	0.007	0.929
0.001	0.991	0.007	0.001
0.356	0.042	0.067	0.535
>GATANDRWND	2-GATANDRWND	5.328304	-31.669676	0	T:11658.0(62.14%),B:48798.8(59.14%),P:1e-13	Tpos:50.9,Tstd:27.6,Bpos:15807.9,Bstd:19438.1,StrandBias:-0.0,Multiplicity:1.08
0.001	0.001	0.997	0.001
0.997	0.001	0.001	0.001
0.001	0.001	0.001	0.997
0.997	0.001	0.001	0.001
0.204	0.216	0.288	0.292
0.323	0.163	0.240	0.274
0.442	0.045	0.401	0.112
0.382	0.202	0.107	0.309
0.298	0.185	0.198	0.319
0.305	0.120	0.260	0.315
>TCTGWTHWWN	3-TCTGWTHWWN	6.098365	-0.000000	0	T:1890.0(10.07%),B:35953.5(43.57%),P:1e0	Tpos:50.1,Tstd:28.2,Bpos:15481.4,Bstd:18576.8,StrandBias:-0.0,Multiplicity:1.04
0.049	0.001	0.013	0.937
0.031	0.921	0.034	0.014
0.234	0.001	0.001	0.764
0.001	0.244	0.455	0.300
0.392	0.143	0.004	0.460
0.235	0.162	0.129	0.474
0.319	0.217	0.112	0.353
0.366	0.107	0.135	0.393
0.353	0.117	0.153	0.377
0.263	0.198	0.249	0.290
>DAGATHWGAT	4-DAGATHWGAT	9.071575	-0.000000	0	T:600.0(3.20%),B:9288.5(11.26%),P:1e0	Tpos:47.0,Tstd:24.3,Bpos:16281.1,Bstd:19130.2,StrandBias:-0.3,Multiplicity:1.15
0.274	0.138	0.289	0.299
0.887	0.001	0.001	0.111
0.145	0.059	0.769	0.027
0.933	0.001	0.001	0.065
0.078	0.001	0.168	0.753
0.320	0.235	0.161	0.284
0.436	0.001	0.001	0.562
0.115	0.001	0.793	0.091
0.942	0.001	0.038	0.019
0.073	0.001	0.100	0.826
>HWNNWVAGAT	5-HWNNWVAGAT	5.944556	-0.000000	0	T:5869.0(31.28%),B:44926.4(54.44%),P:1e0	Tpos:48.4,Tstd:27.6,Bpos:14885.6,Bstd:18545.3,StrandBias:-0.0,Multiplicity:1.04
0.325	0.225	0.136	0.314
0.355	0.177	0.132	0.336
0.332	0.189	0.228	0.252
0.328	0.186	0.196	0.290
0.381	0.041	0.222	0.355
0.304	0.369	0.241	0.085
0.616	0.001	0.001	0.382
0.001	0.001	0.997	0.001
0.997	0.001	0.001	0.001
0.001	0.001	0.001	0.997
>NTVHTAATCT	6-NTVHTAATCT	9.140426	-0.000000	0	T:298.0(1.59%),B:10337.3(12.53%),P:1e0	Tpos:48.7,Tstd:26.0,Bpos:15047.4,Bstd:19203.3,StrandBias:-0.1,Multiplicity:1.01
0.299	0.181	0.296	0.224
0.249	0.133	0.210	0.407
0.203	0.351	0.268	0.178
0.301	0.283	0.001	0.415
0.001	0.001	0.001	0.997
0.997	0.001	0.001	0.001
0.997	0.001	0.001	0.001
0.001	0.001	0.001	0.997
0.001	0.997	0.001	0.001
0.001	0.001	0.001	0.997
>NDNMNTGATA	7-NDNMNTGATA	6.649679	-0.000000	0	T:4802.0(25.59%),B:35086.3(42.52%),P:1e0	Tpos:50.2,Tstd:27.5,Bpos:15312.0,Bstd:19136.2,StrandBias:0.0,Multiplicity:1.05
0.296	0.186	0.259	0.259
0.281	0.157	0.312	0.249
0.236	0.225	0.309	0.230
0.365	0.261	0.181	0.193
0.220	0.269	0.276	0.235
0.176	0.003	0.006	0.815
0.001	0.004	0.994	0.001
0.995	0.003	0.001	0.001
0.012	0.009	0.012	0.967
0.983	0.003	0.013	0.001
>AAAAAAAAAA	8-AAAAAAAAAA	4.765449	-0.000000	0	T:6087.0(32.44%),B:52151.1(63.20%),P:1e0	Tpos:49.6,Tstd:29.5,Bpos:14972.8,Bstd:18596.7,StrandBias:0.0,Multiplicity:1.03
0.618	0.090	0.148	0.144
0.565	0.089	0.161	0.185
0.669	0.101	0.172	0.058
0.657	0.086	0.169	0.088
0.639	0.087	0.171	0.103
0.581	0.099	0.198	0.122
0.558	0.122	0.191	0.129
0.523	0.115	0.184	0.178
0.493	0.119	0.212	0.176
0.507	0.100	0.210	0.183
>NHNATATCTB	9-NHNATATCTB	7.587099	-0.000000	0	T:78.0(0.42%),B:5905.3(7.16%),P:1e0	Tpos:49.3,Tstd:27.0,Bpos:15782.9,Bstd:19611.8,StrandBias:-0.8,Multiplicity:1.00
0.306	0.214	0.214	0.266
0.286	0.220	0.128	0.366
0.297	0.199	0.208	0.296
0.511	0.301	0.187	0.001
0.056	0.189	0.054	0.701
0.847	0.124	0.004	0.025
0.001	0.002	0.002	0.995
0.023	0.925	0.023	0.029
0.271	0.001	0.002	0.726
0.203	0.232	0.357	0.208
>AAAAWAVARA	10-AAAAWAVARA	4.310388	-0.000000	0	T:9541.0(50.85%),B:59928.0(72.62%),P:1e0	Tpos:50.2,Tstd:28.6,Bpos:15418.5,Bstd:19001.7,StrandBias:0.1,Multiplicity:1.08
0.520	0.061	0.068	0.351
0.625	0.002	0.158	0.215
0.558	0.078	0.132	0.232
0.446	0.141	0.171	0.243
0.363	0.195	0.193	0.248
0.433	0.129	0.167	0.270
0.309	0.315	0.229	0.146
0.751	0.001	0.001	0.247
0.396	0.156	0.277	0.172
0.551	0.002	0.071	0.376
>WHWHWMATCT	11-WHWHWMATCT	6.425813	-0.000000	0	T:5205.0(27.74%),B:43556.2(52.78%),P:1e0	Tpos:51.2,Tstd:27.7,Bpos:15103.1,Bstd:18938.5,StrandBias:0.1,Multiplicity:1.06
0.324	0.148	0.172	0.356
0.343	0.218	0.107	0.332
0.308	0.155	0.138	0.398
0.310	0.306	0.117	0.266
0.370	0.186	0.051	0.393
0.392	0.342	0.104	0.162
0.997	0.001	0.001	0.001
0.001	0.001	0.001	0.997
0.001	0.997	0.001	0.001
0.001	0.001	0.001	0.997
>WAAAAAAAAA	12-WAAAAAAAAA	4.760301	-0.000000	0	T:6310.0(33.63%),B:52163.4(63.21%),P:1e0	Tpos:49.6,Tstd:29.7,Bpos:14999.2,Bstd:18842.3,StrandBias:-0.1,Multiplicity:1.04
0.422	0.129	0.145	0.304
0.437	0.110	0.167	0.285
0.440	0.138	0.190	0.233
0.466	0.124	0.176	0.234
0.474	0.131	0.188	0.207
0.559	0.088	0.169	0.184
0.570	0.114	0.189	0.127
0.844	0.006	0.030	0.120
0.584	0.082	0.265	0.069
0.664	0.004	0.172	0.160
>AAAAAAAAAW	13-AAAAAAAAAW	4.432914	-0.000000	0	T:7797.0(41.56%),B:56332.0(68.26%),P:1e0	Tpos:49.8,Tstd:29.1,Bpos:15114.8,Bstd:18959.0,StrandBias:0.1,Multiplicity:1.06
0.685	0.014	0.138	0.163
0.708	0.034	0.154	0.104
0.728	0.052	0.141	0.079
0.632	0.087	0.151	0.130
0.571	0.112	0.158	0.159
0.470	0.142	0.181	0.207
0.422	0.158	0.192	0.229
0.419	0.155	0.179	0.248
0.421	0.145	0.188	0.246
0.408	0.101	0.189	0.301
>TTTTTTTTTT	14-TTTTTTTTTT	5.208316	-0.000000	0	T:5285.0(28.17%),B:50961.7(61.76%),P:1e0	Tpos:48.7,Tstd:28.6,Bpos:15457.1,Bstd:18514.3,StrandBias:0.0,Multiplicity:1.06
0.105	0.163	0.064	0.668
0.074	0.211	0.099	0.616
0.067	0.145	0.066	0.722
0.062	0.183	0.082	0.673
0.059	0.186	0.041	0.714
0.054	0.172	0.081	0.693
0.081	0.156	0.081	0.682
0.094	0.191	0.093	0.622
0.175	0.187	0.099	0.539
0.174	0.151	0.113	0.562
>GATATDNDNN	15-GATATDNDNN	7.470866	-0.000000	0	T:22.0(0.12%),B:1587.8(1.92%),P:1e0	Tpos:51.6,Tstd:30.5,Bpos:17143.5,Bstd:20850.4,StrandBias:-0.7,Multiplicity:1.00
0.001	0.001	0.997	0.001
0.997	0.001	0.001	0.001
0.001	0.001	0.001	0.997
0.989	0.001	0.005	0.005
0.306	0.001	0.226	0.467
0.230	0.079	0.379	0.312
0.224	0.201	0.310	0.264
0.361	0.014	0.263	0.362
0.273	0.226	0.236	0.265
0.316	0.191	0.228	0.266
>ATCTKTYTTT	16-ATCTKTYTTT	6.924304	-0.000000	0	T:3746.0(19.97%),B:37977.6(46.02%),P:1e0	Tpos:48.7,Tstd:27.1,Bpos:15197.7,Bstd:18932.1,StrandBias:0.1,Multiplicity:1.06
0.997	0.001	0.001	0.001
0.001	0.001	0.001	0.997
0.001	0.997	0.001	0.001
0.092	0.001	0.001	0.906
0.192	0.191	0.234	0.383
0.047	0.024	0.001	0.928
0.109	0.451	0.001	0.439
0.284	0.174	0.001	0.541
0.270	0.227	0.078	0.425
0.224	0.150	0.110	0.516
>ASAGATTWTW	17-ASAGATTWTW	9.927553	-0.000000	0	T:99.0(0.53%),B:10546.1(12.78%),P:1e0	Tpos:54.4,Tstd:27.1,Bpos:14707.4,Bstd:18710.3,StrandBias:0.4,Multiplicity:1.00
0.997	0.001	0.001	0.001
0.094	0.341	0.438	0.127
0.997	0.001	0.001	0.001
0.001	0.001	0.997	0.001
0.997	0.001	0.001	0.001
0.001	0.001	0.001	0.997
0.001	0.001	0.104	0.894
0.402	0.001	0.077	0.520
0.215	0.075	0.050	0.660
0.386	0.072	0.033	0.509
>TTTNMAADAW	18-TTTNMAADAW	4.772020	-0.000000	0	T:6394.0(34.08%),B:52928.8(64.14%),P:1e0	Tpos:49.3,Tstd:28.3,Bpos:15547.0,Bstd:18911.3,StrandBias:0.1,Multiplicity:1.07
0.263	0.077	0.023	0.637
0.111	0.149	0.068	0.672
0.094	0.045	0.098	0.763
0.171	0.298	0.261	0.270
0.367	0.426	0.068	0.139
0.632	0.264	0.005	0.099
0.610	0.029	0.120	0.241
0.335	0.155	0.307	0.203
0.579	0.104	0.117	0.200
0.482	0.056	0.113	0.349
>AAAAAAAARA	19-AAAAAAAARA	6.566283	-0.000000	0	T:3269.0(17.42%),B:43773.8(53.05%),P:1e0	Tpos:49.2,Tstd:28.9,Bpos:15171.9,Bstd:17762.5,StrandBias:0.0,Multiplicity:1.11
0.613	0.118	0.197	0.072
0.794	0.032	0.074	0.100
0.704	0.091	0.147	0.058
0.798	0.012	0.181	0.009
0.660	0.044	0.256	0.040
0.896	0.001	0.077	0.026
0.842	0.098	0.059	0.001
0.866	0.001	0.001	0.132
0.491	0.046	0.398	0.065
0.868	0.021	0.067	0.044
>GATANNNWNN	20-GATANNNWNN	6.690016	-0.000000	0	T:198.0(1.06%),B:12547.4(15.21%),P:1e0	Tpos:48.0,Tstd:28.1,Bpos:15616.1,Bstd:19306.9,StrandBias:0.4,Multiplicity:1.00
0.001	0.001	0.997	0.001
0.997	0.001	0.001	0.001
0.001	0.001	0.001	0.997
0.997	0.001	0.001	0.001
0.210	0.195	0.250	0.345
0.266	0.174	0.275	0.285
0.305	0.199	0.295	0.202
0.364	0.176	0.177	0.283
0.300	0.204	0.205	0.291
0.254	0.208	0.286	0.251
>TATCTNTHHN	21-TATCTNTHHN	6.743013	-0.000000	0	T:7946.0(42.35%),B:38570.6(46.74%),P:1e0	Tpos:50.5,Tstd:28.1,Bpos:15341.0,Bstd:19590.2,StrandBias:-0.0,Multiplicity:1.17
0.001	0.001	0.001	0.997
0.997	0.001	0.001	0.001
0.001	0.001	0.001	0.997
0.001	0.997	0.001	0.001
0.248	0.001	0.001	0.750
0.246	0.243	0.264	0.248
0.238	0.248	0.074	0.440
0.250	0.318	0.146	0.286
0.257	0.214	0.166	0.363
0.319	0.233	0.178	0.271
>NNWBHTGATA	22-NNWBHTGATA	6.831022	-0.000000	0	T:4478.0(23.87%),B:34281.0(41.54%),P:1e0	Tpos:50.9,Tstd:27.4,Bpos:15127.5,Bstd:19125.9,StrandBias:0.0,Multiplicity:1.06
0.300	0.167	0.285	0.248
0.252	0.320	0.257	0.171
0.322	0.172	0.147	0.359
0.100	0.235	0.302	0.362
0.311	0.331	0.130	0.228
0.418	0.004	0.001	0.577
0.004	0.001	0.994	0.001
0.994	0.004	0.001	0.001
0.001	0.001	0.001	0.997
0.991	0.001	0.001	0.007
>NNHVATCTNT	23-NNHVATCTNT	7.255343	-0.000000	0	T:1512.0(8.06%),B:35152.6(42.60%),P:1e0	Tpos:50.3,Tstd:27.8,Bpos:15225.5,Bstd:18845.6,StrandBias:0.1,Multiplicity:1.03
0.298	0.211	0.183	0.308
0.314	0.225	0.231	0.230
0.340	0.256	0.167	0.237
0.231	0.334	0.312	0.123
0.997	0.001	0.001	0.001
0.001	0.001	0.001	0.997
0.001	0.997	0.001	0.001
0.001	0.001	0.001	0.997
0.195	0.231	0.291	0.283
0.001	0.001	0.001	0.997
>AAAAAAAAAA	24-AAAAAAAAAA	4.688764	-0.000000	0	T:7240.0(38.59%),B:55015.1(66.67%),P:1e0	Tpos:50.2,Tstd:28.6,Bpos:15338.8,Bstd:19039.9,StrandBias:0.1,Multiplicity:1.03
0.684	0.038	0.131	0.147
0.616	0.049	0.164	0.171
0.657	0.085	0.144	0.114
0.656	0.074	0.164	0.106
0.608	0.111	0.156	0.125
0.598	0.108	0.147	0.147
0.573	0.120	0.168	0.139
0.565	0.117	0.142	0.176
0.531	0.130	0.175	0.164
0.542	0.095	0.170	0.193
>WWWWWAAAAA	25-WWWWWAAAAA	4.333090	-0.000000	0	T:7949.0(42.37%),B:56545.6(68.52%),P:1e0	Tpos:50.4,Tstd:29.4,Bpos:15008.5,Bstd:18829.0,StrandBias:0.0,Multiplicity:1.06
0.380	0.152	0.115	0.354
0.397	0.144	0.147	0.312
0.399	0.177	0.170	0.254
0.391	0.162	0.182	0.265
0.397	0.163	0.184	0.255
0.476	0.135	0.190	0.199
0.598	0.121	0.174	0.107
0.843	0.094	0.062	0.001
0.800	0.048	0.053	0.099
0.545	0.056	0.194	0.205
