>AAAAAAAAAAAA	9-AAAAAAAAAAAA	6.458343	-0.000000	0	T:5692.0(26.41%),B:47269.5(54.39%),P:1e0
0.663	0.034	0.185	0.118
0.656	0.001	0.212	0.131
0.674	0.044	0.219	0.063
0.762	0.001	0.181	0.056
0.678	0.025	0.225	0.072
0.708	0.026	0.177	0.089
0.621	0.051	0.192	0.136
0.590	0.055	0.190	0.165
0.542	0.080	0.192	0.186
0.550	0.082	0.168	0.200
0.540	0.093	0.181	0.186
0.532	0.072	0.199	0.197
