>AAAAAAAAAAAA	20-AAAAAAAAAAAA	6.200152	-0.000000	0	T:4973.0(23.08%),B:45276.2(52.10%),P:1e0
0.669	0.018	0.092	0.221
0.564	0.074	0.156	0.206
0.690	0.049	0.102	0.159
0.597	0.077	0.167	0.159
0.611	0.076	0.134	0.179
0.549	0.096	0.160	0.195
0.545	0.098	0.135	0.222
0.516	0.110	0.146	0.228
0.504	0.107	0.142	0.247
0.483	0.144	0.142	0.231
0.593	0.127	0.001	0.279
0.487	0.063	0.170	0.279
