>TTTTTTTTTTTT	16-TTTTTTTTTTTT	6.990346	-0.000000	0	T:2118.0(9.83%),B:37475.2(43.12%),P:1e0
0.232	0.226	0.080	0.462
0.198	0.140	0.082	0.580
0.208	0.183	0.081	0.528
0.200	0.145	0.059	0.596
0.182	0.180	0.063	0.575
0.175	0.160	0.058	0.607
0.162	0.179	0.071	0.588
0.158	0.164	0.070	0.608
0.161	0.179	0.076	0.584
0.179	0.166	0.074	0.581
0.216	0.174	0.070	0.540
0.249	0.176	0.082	0.493
