>NHNNBCTAATCW	4-NHNNBCTAATCW	8.981352	-0.001622	0	T:1.0(0.00%),B:29.0(0.03%),P:1e0
0.243	0.248	0.284	0.225
0.347	0.313	0.088	0.253
0.261	0.245	0.239	0.255
0.239	0.252	0.267	0.242
0.027	0.357	0.321	0.295
0.041	0.835	0.058	0.066
0.053	0.064	0.009	0.874
0.872	0.059	0.067	0.002
0.826	0.060	0.064	0.050
0.056	0.068	0.061	0.815
0.046	0.863	0.070	0.021
0.523	0.028	0.034	0.415
