>TATCTGTGBCTG	3-TATCTGTGBCTG	11.519439	-0.059781	0	T:39.0(0.18%),B:204.0(0.23%),P:1e0
0.120	0.097	0.120	0.663
0.518	0.220	0.152	0.110
0.108	0.040	0.103	0.749
0.054	0.752	0.123	0.071
0.300	0.006	0.013	0.681
0.023	0.203	0.675	0.099
0.079	0.014	0.124	0.783
0.097	0.126	0.624	0.153
0.097	0.328	0.257	0.318
0.042	0.821	0.013	0.124
0.177	0.014	0.016	0.793
0.073	0.140	0.667	0.120
