>TTTTTTTTTTTT	19-TTTTTTTTTTTT	7.306253	-0.000000	0	T:4072.0(18.89%),B:43550.5(50.11%),P:1e0
0.078	0.175	0.027	0.720
0.056	0.033	0.001	0.910
0.070	0.068	0.018	0.844
0.049	0.064	0.001	0.886
0.021	0.167	0.001	0.811
0.041	0.054	0.001	0.904
0.022	0.241	0.012	0.725
0.001	0.059	0.001	0.939
0.001	0.265	0.016	0.718
0.001	0.128	0.001	0.870
0.121	0.315	0.022	0.542
0.184	0.142	0.001	0.673
