>TTTTTTTTTTTT	13-TTTTTTTTTTTT	5.558905	-0.000000	0	T:8339.0(38.69%),B:52571.3(60.49%),P:1e0
0.266	0.184	0.085	0.465
0.261	0.051	0.133	0.555
0.237	0.170	0.127	0.466
0.239	0.155	0.100	0.506
0.215	0.154	0.100	0.531
0.203	0.149	0.081	0.567
0.169	0.160	0.075	0.596
0.137	0.150	0.070	0.643
0.121	0.165	0.060	0.654
0.103	0.161	0.048	0.688
0.169	0.164	0.039	0.628
0.158	0.114	0.041	0.687
