>NNTGTGGBTDNN	12-NNHAVCCACANN	7.949660	-0.000000	0	T:105.0(0.49%),B:4644.0(5.34%),P:1e0
0.248	0.203	0.260	0.289
0.251	0.297	0.189	0.263
0.063	0.038	0.048	0.851
0.065	0.084	0.778	0.073
0.071	0.028	0.064	0.837
0.052	0.013	0.873	0.062
0.075	0.056	0.805	0.064
0.023	0.282	0.370	0.325
0.054	0.269	0.039	0.638
0.299	0.025	0.315	0.361
0.252	0.199	0.281	0.268
0.249	0.237	0.246	0.268
