>TCTTTTCTAATC	23-TCTTTTCTAATC	13.169341	-0.000000	0	T:5.0(0.02%),B:151.4(0.17%),P:1e0
0.080	0.071	0.064	0.785
0.059	0.773	0.074	0.094
0.083	0.075	0.041	0.801
0.077	0.092	0.107	0.724
0.061	0.089	0.076	0.774
0.073	0.089	0.092	0.746
0.095	0.681	0.086	0.138
0.118	0.087	0.032	0.763
0.691	0.101	0.094	0.114
0.783	0.078	0.064	0.075
0.084	0.074	0.074	0.768
0.110	0.712	0.079	0.099
