>AAAAAAAAAAAA	15-AAAAAAAAAAAA	5.744038	-0.000000	0	T:7712.0(35.78%),B:51400.4(59.14%),P:1e0
0.694	0.015	0.155	0.136
0.611	0.042	0.190	0.157
0.719	0.037	0.171	0.073
0.669	0.046	0.202	0.083
0.666	0.047	0.173	0.114
0.607	0.057	0.194	0.142
0.596	0.075	0.165	0.164
0.542	0.084	0.188	0.186
0.538	0.083	0.168	0.211
0.483	0.106	0.190	0.221
0.502	0.111	0.175	0.212
0.475	0.102	0.193	0.229
