>NHCACGTCANNN	11-NHCACGTCANNN	8.264867	-5.477223	0	T:167.0(0.79%),B:321.4(0.61%),P:1e-2
0.234	0.222	0.274	0.270
0.299	0.263	0.125	0.313
0.071	0.811	0.061	0.057
0.791	0.020	0.143	0.046
0.094	0.795	0.035	0.076
0.067	0.043	0.805	0.085
0.032	0.241	0.020	0.707
0.062	0.819	0.060	0.059
0.775	0.024	0.163	0.038
0.247	0.268	0.184	0.301
0.237	0.299	0.190	0.274
0.302	0.193	0.196	0.309
