>AAAAAAAAAAAA	23-AAAAAAAAAAAA	10.065212	-0.000000	0	T:858.0(4.04%),B:4058.6(7.69%),P:1e0
0.602	0.091	0.152	0.155
0.629	0.082	0.148	0.141
0.634	0.069	0.152	0.145
0.683	0.060	0.134	0.123
0.691	0.028	0.157	0.124
0.766	0.032	0.170	0.032
0.788	0.029	0.158	0.025
0.751	0.043	0.163	0.043
0.754	0.031	0.176	0.039
0.678	0.057	0.148	0.117
0.654	0.045	0.169	0.132
0.626	0.085	0.140	0.149
