>AAAAAAAAAAAA	19-AAAAAAAAAAAA	9.410444	-0.000000	0	T:852.0(4.02%),B:4039.7(7.65%),P:1e0
0.552	0.067	0.177	0.204
0.598	0.057	0.187	0.158
0.646	0.053	0.186	0.115
0.703	0.048	0.161	0.088
0.719	0.017	0.176	0.088
0.782	0.015	0.174	0.029
0.743	0.030	0.174	0.053
0.696	0.044	0.188	0.072
0.660	0.060	0.186	0.094
0.631	0.065	0.176	0.128
0.588	0.070	0.196	0.146
0.562	0.071	0.185	0.182
