>AARAGAGAGAGA	12-AARAGAGAGAGA	11.976467	-5.253843	0	T:154.0(0.73%),B:295.4(0.56%),P:1e-2
0.627	0.026	0.236	0.111
0.478	0.097	0.307	0.119
0.440	0.105	0.328	0.126
0.711	0.001	0.147	0.141
0.332	0.047	0.614	0.007
0.903	0.001	0.042	0.054
0.287	0.021	0.676	0.016
0.965	0.007	0.001	0.027
0.276	0.009	0.702	0.013
0.866	0.001	0.021	0.112
0.046	0.018	0.921	0.015
0.777	0.004	0.085	0.134
