>WGAGAGAGAGAG	7-WGAGAGAGAGAG	10.581497	-14.562771	0	T:497.0(2.34%),B:940.1(1.78%),P:1e-6
0.492	0.050	0.092	0.365
0.167	0.074	0.622	0.137
0.776	0.024	0.076	0.124
0.163	0.068	0.700	0.069
0.795	0.030	0.049	0.126
0.148	0.061	0.742	0.049
0.859	0.013	0.028	0.100
0.144	0.059	0.735	0.062
0.837	0.013	0.021	0.129
0.146	0.076	0.680	0.098
0.748	0.021	0.100	0.131
0.184	0.082	0.613	0.121
