>TTTTTTTTTTTT	15-TTTTTTTTTTTT	9.530501	-0.000000	0	T:785.0(3.70%),B:3749.3(7.10%),P:1e0
0.178	0.167	0.069	0.586
0.120	0.205	0.065	0.610
0.104	0.162	0.063	0.671
0.078	0.176	0.063	0.683
0.067	0.164	0.049	0.720
0.055	0.160	0.044	0.741
0.061	0.165	0.024	0.750
0.102	0.198	0.038	0.662
0.136	0.144	0.048	0.672
0.151	0.184	0.074	0.591
0.177	0.195	0.062	0.566
0.198	0.181	0.078	0.543
