>TTTTCTCTCTCT	10-TTTTCTCTCTCT	11.399282	-7.580435	0	T:157.0(0.74%),B:279.1(0.53%),P:1e-3
0.104	0.119	0.076	0.701
0.085	0.104	0.059	0.752
0.086	0.130	0.087	0.697
0.071	0.077	0.064	0.788
0.076	0.710	0.093	0.121
0.082	0.067	0.049	0.802
0.073	0.743	0.072	0.112
0.084	0.068	0.047	0.801
0.078	0.725	0.080	0.117
0.088	0.066	0.054	0.792
0.082	0.731	0.076	0.111
0.097	0.077	0.068	0.758
