>GAGAGAGAGAGA	5-GAGAGAGAGAGA	10.783621	-17.786905	0	T:512.0(2.41%),B:939.6(1.78%),P:1e-7
0.203	0.067	0.586	0.144
0.714	0.048	0.122	0.116
0.141	0.041	0.707	0.111
0.855	0.014	0.036	0.095
0.131	0.046	0.769	0.054
0.893	0.005	0.019	0.083
0.134	0.035	0.774	0.057
0.836	0.003	0.050	0.111
0.152	0.056	0.711	0.081
0.799	0.011	0.053	0.137
0.187	0.058	0.664	0.091
0.695	0.029	0.135	0.141
