>AAGTCAAAGTCA	9-AAGTCAAAGTCA	12.132305	-8.245253	0	T:22.0(0.10%),B:17.9(0.03%),P:1e-3
0.801	0.061	0.067	0.071
0.812	0.063	0.020	0.105
0.050	0.034	0.844	0.072
0.054	0.059	0.020	0.867
0.054	0.816	0.078	0.052
0.816	0.057	0.057	0.070
0.878	0.033	0.045	0.044
0.806	0.084	0.030	0.080
0.068	0.054	0.790	0.088
0.057	0.026	0.050	0.867
0.044	0.831	0.055	0.070
0.874	0.020	0.040	0.066
