>TTTTTTTTTTTT	21-TTTTTTTTTTTT	10.292964	-0.000000	0	T:927.0(4.37%),B:4381.8(8.30%),P:1e0
0.203	0.129	0.073	0.595
0.154	0.180	0.087	0.579
0.130	0.121	0.061	0.688
0.093	0.190	0.059	0.658
0.087	0.105	0.058	0.750
0.053	0.103	0.041	0.803
0.032	0.136	0.011	0.821
0.058	0.115	0.013	0.814
0.070	0.078	0.019	0.833
0.079	0.133	0.066	0.722
0.092	0.113	0.058	0.737
0.116	0.118	0.069	0.697
