>AGAGAGAGAGAG	6-AGAGAGAGAGAG	11.670117	-17.389004	0	T:320.0(1.51%),B:539.1(1.02%),P:1e-7
0.687	0.068	0.132	0.113
0.193	0.076	0.639	0.092
0.813	0.007	0.066	0.114
0.187	0.065	0.707	0.041
0.841	0.005	0.040	0.114
0.126	0.030	0.829	0.015
0.852	0.005	0.037	0.106
0.169	0.032	0.741	0.058
0.778	0.009	0.072	0.141
0.178	0.058	0.663	0.101
0.735	0.018	0.124	0.123
0.181	0.088	0.617	0.114
