>TTTTTTTTTTTT	13-TTTTTTTTTTTT	9.899238	-0.000000	0	T:921.0(4.34%),B:4257.1(8.06%),P:1e0
0.161	0.133	0.048	0.658
0.118	0.163	0.043	0.676
0.091	0.119	0.041	0.749
0.043	0.176	0.048	0.733
0.039	0.151	0.041	0.769
0.044	0.140	0.045	0.771
0.035	0.159	0.002	0.804
0.065	0.166	0.019	0.750
0.101	0.122	0.030	0.747
0.127	0.159	0.050	0.664
0.154	0.161	0.033	0.652
0.166	0.142	0.050	0.642
