>TTTTTTTTTTTT	18-TTTTTTTTTTTT	9.329464	-0.000000	0	T:889.0(4.19%),B:4213.8(7.98%),P:1e0
0.191	0.147	0.081	0.581
0.146	0.212	0.072	0.570
0.126	0.119	0.068	0.687
0.089	0.194	0.057	0.660
0.088	0.165	0.051	0.696
0.055	0.139	0.061	0.745
0.061	0.160	0.032	0.747
0.099	0.202	0.037	0.662
0.100	0.112	0.054	0.734
0.139	0.187	0.071	0.603
0.161	0.179	0.081	0.579
0.207	0.154	0.101	0.538
