>TTTTTTTTTTTT	22-TTTTTTTTTTTT	9.754364	-0.000000	0	T:943.0(4.44%),B:4398.1(8.33%),P:1e0
0.140	0.102	0.059	0.699
0.107	0.171	0.060	0.662
0.098	0.114	0.042	0.746
0.056	0.152	0.055	0.737
0.081	0.115	0.032	0.772
0.082	0.134	0.047	0.737
0.116	0.126	0.041	0.717
0.133	0.145	0.043	0.679
0.145	0.113	0.062	0.680
0.177	0.158	0.075	0.590
0.181	0.150	0.085	0.584
0.194	0.147	0.100	0.559
