>TTTTTTTTTTTT	24-TTTTTTTTTTTT	9.813013	-0.000000	0	T:816.0(3.85%),B:3939.4(7.46%),P:1e0
0.177	0.175	0.082	0.566
0.162	0.185	0.080	0.573
0.129	0.161	0.067	0.643
0.098	0.179	0.066	0.657
0.088	0.179	0.053	0.680
0.050	0.151	0.033	0.766
0.051	0.165	0.019	0.765
0.087	0.147	0.015	0.751
0.090	0.120	0.037	0.753
0.107	0.163	0.059	0.671
0.136	0.166	0.062	0.636
0.180	0.164	0.064	0.592
