>TTTTTTTTTTTT	17-TTTTTTTTTTTT	10.274639	-0.000000	0	T:557.0(2.63%),B:2885.1(5.46%),P:1e0
0.184	0.163	0.064	0.589
0.142	0.192	0.068	0.598
0.122	0.157	0.061	0.660
0.081	0.187	0.060	0.672
0.083	0.170	0.042	0.705
0.054	0.156	0.048	0.742
0.062	0.172	0.019	0.747
0.087	0.186	0.030	0.697
0.111	0.140	0.052	0.697
0.137	0.185	0.063	0.615
0.168	0.180	0.063	0.589
0.199	0.155	0.068	0.578
