>TTTTTTTTTTTT	14-TTTTTTTTTTTT	8.509190	-0.000000	0	T:939.0(4.43%),B:4410.3(8.35%),P:1e0
0.200	0.191	0.070	0.539
0.146	0.217	0.072	0.565
0.138	0.186	0.071	0.605
0.115	0.212	0.068	0.605
0.082	0.201	0.064	0.653
0.080	0.187	0.067	0.666
0.080	0.202	0.059	0.659
0.086	0.216	0.054	0.644
0.095	0.182	0.069	0.654
0.164	0.207	0.066	0.563
0.188	0.193	0.069	0.550
0.213	0.193	0.072	0.522
