>AAAAAAAAAAAA	25-AAAAAAAAAAAA	9.305056	-0.000000	0	T:865.0(4.08%),B:4133.3(7.83%),P:1e0
0.579	0.057	0.173	0.191
0.601	0.050	0.198	0.151
0.667	0.058	0.195	0.080
0.743	0.049	0.143	0.065
0.746	0.017	0.174	0.063
0.742	0.018	0.182	0.058
0.740	0.032	0.172	0.056
0.668	0.052	0.198	0.082
0.640	0.058	0.187	0.115
0.611	0.060	0.178	0.151
0.577	0.070	0.193	0.160
0.555	0.076	0.185	0.184
