>AAARAAAAARAR	16-AAARAAAAARAR	8.453661	-0.000000	0	T:3357.0(15.82%),B:10463.2(19.81%),P:1e0
0.690	0.006	0.170	0.134
0.574	0.018	0.313	0.095
0.918	0.001	0.002	0.079
0.442	0.038	0.387	0.133
0.760	0.073	0.147	0.020
0.601	0.066	0.297	0.036
0.718	0.042	0.231	0.009
0.595	0.050	0.290	0.065
0.834	0.001	0.048	0.117
0.473	0.087	0.433	0.006
0.839	0.013	0.145	0.003
0.450	0.074	0.416	0.060
