>TTCGTCGAAC	1-TTCGTCGAAC	8.492237	-279.084834	0	T:91.0(29.55%),B:231.0(0.53%),P:1e-121	Tpos:102.5,Tstd:35.2,Bpos:183.6,Bstd:290.5,StrandBias:0.6,Multiplicity:1.03
0.021	0.001	0.001	0.977
0.001	0.012	0.001	0.986
0.001	0.967	0.001	0.031
0.270	0.040	0.682	0.008
0.001	0.001	0.001	0.997
0.001	0.985	0.013	0.001
0.001	0.001	0.997	0.001
0.997	0.001	0.001	0.001
0.979	0.001	0.019	0.001
0.001	0.997	0.001	0.001
>TCGAACASTT	2-TCGAACASTT	10.143581	-263.885246	0	T:88.0(28.57%),B:241.1(0.55%),P:1e-114	Tpos:111.5,Tstd:48.1,Bpos:204.4,Bstd:283.7,StrandBias:0.4,Multiplicity:1.03
0.001	0.001	0.001	0.997
0.001	0.867	0.066	0.066
0.396	0.001	0.602	0.001
0.997	0.001	0.001	0.001
0.997	0.001	0.001	0.001
0.001	0.997	0.001	0.001
0.997	0.001	0.001	0.001
0.068	0.490	0.373	0.068
0.150	0.157	0.207	0.486
0.066	0.001	0.001	0.932
>TCTCAGGCAT	3-TCTCAGGCAT	9.669959	-125.250660	0	T:40.0(12.99%),B:87.4(0.20%),P:1e-54	Tpos:100.9,Tstd:33.3,Bpos:185.1,Bstd:217.9,StrandBias:0.4,Multiplicity:1.02
0.001	0.001	0.085	0.913
0.037	0.921	0.041	0.001
0.133	0.001	0.001	0.865
0.001	0.997	0.001	0.001
0.997	0.001	0.001	0.001
0.022	0.028	0.949	0.001
0.040	0.001	0.958	0.001
0.001	0.997	0.001	0.001
0.997	0.001	0.001	0.001
0.001	0.001	0.001	0.997
>TGCACACCAA	4-TGCACACCAA	3.935436	-68.953066	0	T:65.0(21.10%),B:1554.8(3.54%),P:1e-29	Tpos:108.0,Tstd:50.5,Bpos:246.3,Bstd:424.7,StrandBias:-0.5,Multiplicity:1.05
0.001	0.163	0.001	0.835
0.001	0.001	0.997	0.001
0.001	0.744	0.109	0.146
0.997	0.001	0.001	0.001
0.001	0.997	0.001	0.001
0.777	0.001	0.221	0.001
0.001	0.881	0.117	0.001
0.117	0.881	0.001	0.001
0.997	0.001	0.001	0.001
0.592	0.001	0.406	0.001
>GATTGAGTAT	5-GATTGAGTAT	10.296193	-64.578214	0	T:18.0(5.84%),B:22.1(0.05%),P:1e-28	Tpos:102.2,Tstd:61.8,Bpos:449.1,Bstd:440.2,StrandBias:0.3,Multiplicity:1.11
0.100	0.100	0.700	0.100
0.700	0.100	0.100	0.100
0.100	0.100	0.100	0.700
0.100	0.100	0.100	0.700
0.100	0.100	0.700	0.100
0.700	0.100	0.100	0.100
0.100	0.100	0.700	0.100
0.100	0.100	0.100	0.700
0.700	0.100	0.100	0.100
0.100	0.100	0.100	0.700
>TTGGTTAGTG	6-TTGGTTAGTG	10.296193	-58.765176	0	T:17.0(5.52%),B:25.5(0.06%),P:1e-25	Tpos:126.9,Tstd:46.8,Bpos:367.7,Bstd:395.8,StrandBias:0.3,Multiplicity:1.06
0.100	0.100	0.100	0.700
0.100	0.100	0.100	0.700
0.100	0.100	0.700	0.100
0.100	0.100	0.700	0.100
0.100	0.100	0.100	0.700
0.100	0.100	0.100	0.700
0.700	0.100	0.100	0.100
0.100	0.100	0.700	0.100
0.100	0.100	0.100	0.700
0.100	0.100	0.700	0.100
>GTCATGTGTA	7-GTCATGTGTA	10.296193	-58.241132	0	T:15.0(4.87%),B:12.1(0.03%),P:1e-25	Tpos:114.3,Tstd:67.0,Bpos:538.2,Bstd:459.6,StrandBias:0.0,Multiplicity:1.20
0.100	0.100	0.700	0.100
0.100	0.100	0.100	0.700
0.100	0.700	0.100	0.100
0.700	0.100	0.100	0.100
0.100	0.100	0.100	0.700
0.100	0.100	0.700	0.100
0.100	0.100	0.100	0.700
0.100	0.100	0.700	0.100
0.100	0.100	0.100	0.700
0.700	0.100	0.100	0.100
>TAAACCGCAA	8-TAAACCGCAA	10.296193	-56.705584	0	T:16.0(5.19%),B:21.6(0.05%),P:1e-24	Tpos:100.7,Tstd:51.0,Bpos:264.5,Bstd:256.7,StrandBias:-0.4,Multiplicity:1.00
0.100	0.100	0.100	0.700
0.700	0.100	0.100	0.100
0.700	0.100	0.100	0.100
0.700	0.100	0.100	0.100
0.100	0.700	0.100	0.100
0.100	0.700	0.100	0.100
0.100	0.100	0.700	0.100
0.100	0.700	0.100	0.100
0.700	0.100	0.100	0.100
0.700	0.100	0.100	0.100
>HATATGACTY	9-HATATGACTY	9.755064	-55.358374	0	T:19.0(6.17%),B:55.2(0.13%),P:1e-24	Tpos:130.1,Tstd:48.5,Bpos:406.5,Bstd:451.0,StrandBias:-0.2,Multiplicity:1.00
0.364	0.274	0.042	0.319
0.930	0.001	0.034	0.035
0.044	0.138	0.001	0.817
0.525	0.113	0.001	0.361
0.003	0.208	0.084	0.705
0.070	0.036	0.686	0.208
0.984	0.001	0.012	0.003
0.068	0.686	0.206	0.040
0.001	0.073	0.001	0.925
0.107	0.478	0.040	0.375
>TCCGTRTGAG	10-TCCGTRTGAG	9.223038	-54.967896	0	T:23.0(7.47%),B:121.2(0.28%),P:1e-23	Tpos:84.6,Tstd:41.1,Bpos:315.4,Bstd:408.1,StrandBias:0.2,Multiplicity:1.39
0.079	0.068	0.001	0.852
0.055	0.897	0.047	0.001
0.067	0.931	0.001	0.001
0.283	0.082	0.457	0.179
0.137	0.001	0.006	0.856
0.488	0.080	0.425	0.007
0.001	0.068	0.068	0.863
0.001	0.005	0.650	0.344
0.830	0.047	0.055	0.068
0.042	0.111	0.846	0.001
>TTTTAGAAGC	11-TTTTAGAAGC	9.678954	-54.453092	0	T:21.0(6.82%),B:88.3(0.20%),P:1e-23	Tpos:110.3,Tstd:57.3,Bpos:286.2,Bstd:365.6,StrandBias:-0.4,Multiplicity:1.10
0.149	0.067	0.001	0.783
0.017	0.217	0.306	0.460
0.079	0.045	0.026	0.850
0.191	0.046	0.226	0.537
0.925	0.001	0.045	0.029
0.163	0.043	0.701	0.093
0.877	0.028	0.045	0.050
0.753	0.001	0.049	0.197
0.022	0.202	0.753	0.023
0.279	0.683	0.001	0.037
>CTGTGAGGCA	12-CTGTGAGGCA	6.496395	-51.717512	0	T:19.0(6.17%),B:69.4(0.16%),P:1e-22	Tpos:96.8,Tstd:42.5,Bpos:162.5,Bstd:146.3,StrandBias:0.7,Multiplicity:1.00
0.001	0.997	0.001	0.001
0.001	0.001	0.206	0.792
0.001	0.001	0.774	0.224
0.001	0.001	0.001	0.997
0.001	0.183	0.815	0.001
0.997	0.001	0.001	0.001
0.001	0.001	0.997	0.001
0.001	0.001	0.997	0.001
0.001	0.997	0.001	0.001
0.997	0.001	0.001	0.001
>GYGTTCCAAG	13-GYGTTCCAAG	8.333588	-49.233790	0	T:36.0(11.69%),B:593.9(1.35%),P:1e-21	Tpos:103.8,Tstd:55.3,Bpos:219.4,Bstd:521.8,StrandBias:-0.2,Multiplicity:1.00
0.009	0.100	0.890	0.001
0.127	0.498	0.001	0.375
0.181	0.218	0.600	0.001
0.084	0.001	0.218	0.697
0.001	0.001	0.001	0.997
0.001	0.997	0.001	0.001
0.154	0.844	0.001	0.001
0.898	0.100	0.001	0.001
0.685	0.121	0.121	0.073
0.077	0.001	0.921	0.001
>TATTAGAGTC	14-TATTAGAGTC	11.132735	-43.748690	0	T:17.0(5.52%),B:74.2(0.17%),P:1e-18	Tpos:126.9,Tstd:63.5,Bpos:380.7,Bstd:447.4,StrandBias:0.0,Multiplicity:1.18
0.001	0.001	0.001	0.997
0.734	0.001	0.001	0.264
0.001	0.001	0.001	0.997
0.001	0.001	0.001	0.997
0.745	0.001	0.253	0.001
0.001	0.001	0.997	0.001
0.997	0.001	0.001	0.001
0.001	0.001	0.997	0.001
0.001	0.001	0.001	0.997
0.001	0.997	0.001	0.001
>TACACCATGA	15-TACACCATGA	12.180420	-41.559725	0	T:14.0(4.55%),B:39.5(0.09%),P:1e-18	Tpos:97.8,Tstd:54.3,Bpos:357.7,Bstd:440.2,StrandBias:-0.2,Multiplicity:1.07
0.001	0.001	0.001	0.997
0.997	0.001	0.001	0.001
0.001	0.997	0.001	0.001
0.997	0.001	0.001	0.001
0.001	0.997	0.001	0.001
0.001	0.997	0.001	0.001
0.997	0.001	0.001	0.001
0.001	0.001	0.001	0.997
0.001	0.191	0.807	0.001
0.997	0.001	0.001	0.001
>WCTTAGGCTT	16-WCTTAGGCTT	6.391583	-38.225165	0	T:19.0(6.17%),B:155.8(0.35%),P:1e-16	Tpos:94.2,Tstd:44.2,Bpos:253.0,Bstd:312.2,StrandBias:0.4,Multiplicity:1.11
0.539	0.001	0.001	0.459
0.001	0.997	0.001	0.001
0.001	0.001	0.001	0.997
0.001	0.001	0.001	0.997
0.583	0.001	0.001	0.415
0.001	0.001	0.997	0.001
0.001	0.001	0.997	0.001
0.001	0.997	0.001	0.001
0.001	0.001	0.001	0.997
0.001	0.001	0.001	0.997
>AACAAACCCA	17-AACAAACCCA	5.275848	-36.781572	0	T:157.0(50.97%),B:12490.9(28.46%),P:1e-15	Tpos:103.1,Tstd:57.9,Bpos:277.5,Bstd:383.0,StrandBias:0.0,Multiplicity:1.30
0.793	0.043	0.001	0.163
0.686	0.119	0.098	0.097
0.151	0.748	0.100	0.001
0.880	0.001	0.001	0.118
0.913	0.001	0.072	0.014
0.735	0.039	0.001	0.225
0.122	0.681	0.072	0.125
0.128	0.814	0.009	0.049
0.001	0.963	0.001	0.035
0.831	0.096	0.072	0.001
>TGTATGAGAA	18-TGTATGAGAA	7.211017	-36.626732	0	T:69.0(22.40%),B:3234.4(7.37%),P:1e-15	Tpos:89.8,Tstd:50.3,Bpos:356.8,Bstd:424.5,StrandBias:-0.3,Multiplicity:1.07
0.136	0.001	0.001	0.862
0.001	0.001	0.726	0.272
0.211	0.001	0.001	0.787
0.773	0.001	0.001	0.225
0.001	0.001	0.023	0.975
0.318	0.001	0.680	0.001
0.572	0.303	0.001	0.124
0.106	0.001	0.892	0.001
0.817	0.001	0.181	0.001
0.997	0.001	0.001	0.001
>TCYCTCTCTC	19-TCYCTCTCTC	0.011657	-31.913674	0	T:218.0(70.78%),B:21573.5(49.16%),P:1e-13	Tpos:101.3,Tstd:59.7,Bpos:211.9,Bstd:327.4,StrandBias:0.0,Multiplicity:1.57
0.321	0.026	0.174	0.479
0.016	0.619	0.343	0.022
0.001	0.424	0.001	0.574
0.013	0.742	0.001	0.244
0.001	0.001	0.001	0.997
0.329	0.656	0.014	0.001
0.001	0.001	0.001	0.997
0.001	0.668	0.330	0.001
0.001	0.001	0.001	0.997
0.001	0.997	0.001	0.001
>CCGGATCTTA	20-CCGGATCTTA	6.873522	-30.705090	0	T:11.0(3.57%),B:39.9(0.09%),P:1e-13	Tpos:80.0,Tstd:52.3,Bpos:253.3,Bstd:306.1,StrandBias:-0.5,Multiplicity:1.09
0.001	0.997	0.001	0.001
0.001	0.997	0.001	0.001
0.001	0.089	0.909	0.001
0.001	0.001	0.997	0.001
0.997	0.001	0.001	0.001
0.001	0.001	0.001	0.997
0.001	0.944	0.054	0.001
0.001	0.001	0.001	0.997
0.001	0.001	0.001	0.997
0.997	0.001	0.001	0.001
>TTCTGGGTAT	21-TTCTGGGTAT	8.465005	-28.630016	0	T:29.0(9.42%),B:752.9(1.72%),P:1e-12	Tpos:104.7,Tstd:53.1,Bpos:240.4,Bstd:471.4,StrandBias:0.4,Multiplicity:1.10
0.262	0.011	0.001	0.726
0.001	0.001	0.089	0.909
0.001	0.874	0.089	0.036
0.107	0.163	0.001	0.729
0.001	0.001	0.931	0.067
0.001	0.045	0.787	0.167
0.237	0.090	0.644	0.029
0.148	0.138	0.001	0.713
0.789	0.001	0.001	0.209
0.001	0.001	0.061	0.937
>AGGCGTAAGA	22-AGGCGTAAGA	10.296193	-26.525532	0	T:6.0(1.95%),B:2.2(0.00%),P:1e-11	Tpos:63.5,Tstd:16.2,Bpos:519.0,Bstd:429.9,StrandBias:2.3,Multiplicity:1.00
0.700	0.100	0.100	0.100
0.100	0.100	0.700	0.100
0.100	0.100	0.700	0.100
0.100	0.700	0.100	0.100
0.100	0.100	0.700	0.100
0.100	0.100	0.100	0.700
0.700	0.100	0.100	0.100
0.700	0.100	0.100	0.100
0.100	0.100	0.700	0.100
0.700	0.100	0.100	0.100
>CTCTATATYT	23-CTCTATATYT	0.424819	-20.344173	0	T:231.0(75.00%),B:25721.4(58.61%),P:1e-8	Tpos:95.3,Tstd:58.0,Bpos:385.2,Bstd:439.5,StrandBias:0.0,Multiplicity:1.64
0.001	0.761	0.001	0.237
0.001	0.001	0.001	0.997
0.165	0.833	0.001	0.001
0.001	0.001	0.172	0.826
0.570	0.034	0.365	0.031
0.001	0.001	0.001	0.997
0.729	0.204	0.001	0.066
0.001	0.001	0.001	0.997
0.165	0.364	0.001	0.469
0.364	0.001	0.001	0.634
>AAAAAAATTA	24-AAAAAAATTA	4.038617	-11.151220	0	T:225.0(73.05%),B:26996.2(61.52%),P:1e-4	Tpos:102.4,Tstd:61.7,Bpos:429.6,Bstd:458.4,StrandBias:0.0,Multiplicity:2.00
0.755	0.032	0.021	0.192
0.825	0.001	0.045	0.129
0.745	0.001	0.017	0.237
0.579	0.150	0.140	0.131
0.754	0.107	0.001	0.138
0.725	0.043	0.015	0.217
0.573	0.003	0.189	0.235
0.098	0.071	0.088	0.743
0.076	0.120	0.210	0.594
0.672	0.128	0.096	0.104
>AAAAAAAAAA	25-AAAAAAAAAA	9.629246	-1.981637	0	T:23.0(7.47%),B:2561.7(5.84%),P:1e0	Tpos:93.0,Tstd:59.2,Bpos:468.6,Bstd:445.1,StrandBias:3.1,Multiplicity:1.06
0.651	0.112	0.079	0.158
0.604	0.158	0.001	0.237
0.841	0.001	0.001	0.157
0.920	0.001	0.001	0.078
0.997	0.001	0.001	0.001
0.997	0.001	0.001	0.001
0.997	0.001	0.001	0.001
0.997	0.001	0.001	0.001
0.997	0.001	0.001	0.001
0.762	0.001	0.079	0.158
>ATTTCATCGAAC	1-ATTTCATCGAAC	10.623953	-390.878348	0	T:107.0(34.74%),B:133.1(0.30%),P:1e-169	Tpos:102.3,Tstd:37.5,Bpos:242.8,Bstd:338.5,StrandBias:0.5,Multiplicity:1.02
0.947	0.001	0.051	0.001
0.095	0.001	0.001	0.903
0.103	0.001	0.001	0.895
0.052	0.200	0.052	0.696
0.052	0.597	0.091	0.260
0.584	0.001	0.414	0.001
0.001	0.087	0.001	0.911
0.001	0.947	0.051	0.001
0.159	0.001	0.788	0.052
0.997	0.001	0.001	0.001
0.911	0.001	0.087	0.001
0.001	0.997	0.001	0.001
>ACCTTGCGTGCA	2-ACCTTGCGTGCA	8.629201	-176.208305	0	T:66.0(21.43%),B:256.9(0.59%),P:1e-76	Tpos:112.7,Tstd:37.0,Bpos:254.6,Bstd:416.9,StrandBias:0.3,Multiplicity:1.00
0.997	0.001	0.001	0.001
0.076	0.636	0.247	0.041
0.076	0.562	0.001	0.361
0.001	0.001	0.001	0.997
0.041	0.118	0.284	0.557
0.157	0.154	0.607	0.082
0.001	0.609	0.001	0.389
0.037	0.117	0.805	0.041
0.001	0.001	0.085	0.913
0.041	0.001	0.957	0.001
0.001	0.997	0.001	0.001
0.725	0.082	0.123	0.070
>TYTCTCTCAGGC	3-TYTCTCTCAGGC	9.914098	-123.929938	0	T:42.0(13.64%),B:114.9(0.26%),P:1e-53	Tpos:97.1,Tstd:35.8,Bpos:175.1,Bstd:227.1,StrandBias:0.6,Multiplicity:1.02
0.001	0.093	0.001	0.905
0.001	0.574	0.001	0.424
0.055	0.055	0.001	0.889
0.055	0.852	0.055	0.038
0.055	0.001	0.165	0.779
0.056	0.722	0.111	0.111
0.165	0.001	0.001	0.833
0.055	0.842	0.056	0.047
0.997	0.001	0.001	0.001
0.085	0.101	0.813	0.001
0.001	0.001	0.951	0.047
0.001	0.997	0.001	0.001
>GTCGAATATGAC	4-GTCGAATATGAC	13.229965	-93.920412	0	T:21.0(6.82%),B:6.0(0.01%),P:1e-40	Tpos:125.5,Tstd:53.0,Bpos:633.5,Bstd:452.4,StrandBias:0.0,Multiplicity:1.05
0.001	0.051	0.947	0.001
0.001	0.051	0.001	0.947
0.001	0.997	0.001	0.001
0.292	0.001	0.706	0.001
0.997	0.001	0.001	0.001
0.997	0.001	0.001	0.001
0.001	0.001	0.001	0.997
0.997	0.001	0.001	0.001
0.001	0.001	0.001	0.997
0.001	0.001	0.997	0.001
0.997	0.001	0.001	0.001
0.001	0.997	0.001	0.001
>ACACATGACATC	5-ACACATGACATC	12.930878	-83.505664	0	T:21.0(6.82%),B:14.4(0.03%),P:1e-36	Tpos:104.8,Tstd:62.2,Bpos:470.5,Bstd:398.7,StrandBias:0.2,Multiplicity:1.14
0.997	0.001	0.001	0.001
0.040	0.958	0.001	0.001
0.997	0.001	0.001	0.001
0.001	0.997	0.001	0.001
0.910	0.001	0.048	0.041
0.001	0.048	0.001	0.950
0.048	0.041	0.910	0.001
0.997	0.001	0.001	0.001
0.001	0.958	0.040	0.001
0.997	0.001	0.001	0.001
0.086	0.048	0.001	0.865
0.040	0.958	0.001	0.001
>GCTTTGAGAAGC	6-GCTTTGAGAAGC	13.544874	-81.022242	0	T:18.0(5.84%),B:4.4(0.01%),P:1e-35	Tpos:105.0,Tstd:55.0,Bpos:733.8,Bstd:479.1,StrandBias:-0.2,Multiplicity:1.06
0.001	0.001	0.997	0.001
0.036	0.916	0.047	0.001
0.001	0.001	0.001	0.997
0.001	0.001	0.001	0.997
0.001	0.001	0.001	0.997
0.001	0.001	0.997	0.001
0.997	0.001	0.001	0.001
0.001	0.001	0.997	0.001
0.997	0.001	0.001	0.001
0.997	0.001	0.001	0.001
0.001	0.001	0.997	0.001
0.001	0.997	0.001	0.001
>TCCYTATTAGAA	7-TCCYTATTAGAA	11.250823	-80.790087	0	T:20.0(6.49%),B:12.4(0.03%),P:1e-35	Tpos:82.7,Tstd:37.7,Bpos:638.7,Bstd:516.2,StrandBias:0.3,Multiplicity:1.00
0.001	0.001	0.001	0.997
0.001	0.589	0.001	0.409
0.001	0.997	0.001	0.001
0.001	0.483	0.001	0.515
0.001	0.001	0.001	0.997
0.981	0.001	0.017	0.001
0.001	0.001	0.001	0.997
0.001	0.001	0.001	0.997
0.997	0.001	0.001	0.001
0.001	0.001	0.997	0.001
0.911	0.001	0.087	0.001
0.997	0.001	0.001	0.001
>ATGATTGAGTAT	8-ATGATTGAGTAT	13.606587	-78.170608	0	T:19.0(6.17%),B:10.0(0.02%),P:1e-33	Tpos:110.2,Tstd:59.3,Bpos:617.7,Bstd:462.9,StrandBias:0.3,Multiplicity:1.05
0.942	0.001	0.056	0.001
0.001	0.056	0.001	0.942
0.001	0.001	0.997	0.001
0.997	0.001	0.001	0.001
0.001	0.001	0.001	0.997
0.001	0.001	0.001	0.997
0.001	0.001	0.997	0.001
0.997	0.001	0.001	0.001
0.001	0.001	0.997	0.001
0.056	0.001	0.001	0.942
0.997	0.001	0.001	0.001
0.001	0.001	0.001	0.997
>AGTCCATATGAG	9-AGTCCATATGAG	13.166027	-74.724944	0	T:17.0(5.52%),B:5.4(0.01%),P:1e-32	Tpos:93.2,Tstd:41.2,Bpos:758.3,Bstd:482.2,StrandBias:-0.2,Multiplicity:1.00
0.997	0.001	0.001	0.001
0.001	0.001	0.997	0.001
0.001	0.001	0.001	0.997
0.066	0.932	0.001	0.001
0.001	0.867	0.066	0.066
0.732	0.001	0.266	0.001
0.001	0.066	0.001	0.932
0.932	0.001	0.066	0.001
0.001	0.001	0.001	0.997
0.066	0.001	0.932	0.001
0.997	0.001	0.001	0.001
0.066	0.001	0.932	0.001
>CTACACCATGAA	10-CTACACCATGAA	13.165164	-71.694259	0	T:18.0(5.84%),B:12.6(0.03%),P:1e-31	Tpos:106.5,Tstd:52.8,Bpos:523.7,Bstd:466.1,StrandBias:0.2,Multiplicity:1.06
0.001	0.933	0.065	0.001
0.001	0.001	0.001	0.997
0.997	0.001	0.001	0.001
0.001	0.997	0.001	0.001
0.997	0.001	0.001	0.001
0.055	0.943	0.001	0.001
0.001	0.997	0.001	0.001
0.997	0.001	0.001	0.001
0.056	0.001	0.066	0.877
0.066	0.225	0.708	0.001
0.997	0.001	0.001	0.001
0.997	0.001	0.001	0.001
>AACTTAAACCGC	11-AACTTAAACCGC	13.598645	-67.487179	0	T:16.0(5.19%),B:7.5(0.02%),P:1e-29	Tpos:96.1,Tstd:53.4,Bpos:294.2,Bstd:299.6,StrandBias:-0.2,Multiplicity:1.06
0.997	0.001	0.001	0.001
0.997	0.001	0.001	0.001
0.001	0.930	0.001	0.068
0.001	0.057	0.001	0.941
0.001	0.001	0.001	0.997
0.997	0.001	0.001	0.001
0.997	0.001	0.001	0.001
0.997	0.001	0.001	0.001
0.001	0.997	0.001	0.001
0.001	0.930	0.001	0.068
0.001	0.001	0.997	0.001
0.001	0.997	0.001	0.001
>TTGGTTAGTGTT	12-TTGGTTAGTGTT	13.470859	-65.782612	0	T:18.0(5.84%),B:21.0(0.05%),P:1e-28	Tpos:122.8,Tstd:51.4,Bpos:477.4,Bstd:436.2,StrandBias:0.2,Multiplicity:1.06
0.001	0.001	0.001	0.997
0.001	0.001	0.001	0.997
0.001	0.001	0.949	0.049
0.001	0.001	0.997	0.001
0.001	0.001	0.001	0.997
0.001	0.001	0.001	0.997
0.997	0.001	0.001	0.001
0.001	0.001	0.949	0.049
0.001	0.001	0.001	0.997
0.001	0.001	0.997	0.001
0.065	0.001	0.001	0.933
0.001	0.001	0.001	0.997
>GCTTTTAAGATC	13-GCTTTTAAGATC	13.097808	-64.430125	0	T:16.0(5.19%),B:10.5(0.02%),P:1e-27	Tpos:84.9,Tstd:47.7,Bpos:301.2,Bstd:314.8,StrandBias:0.5,Multiplicity:1.06
0.001	0.001	0.997	0.001
0.001	0.997	0.001	0.001
0.001	0.302	0.001	0.696
0.001	0.001	0.001	0.997
0.203	0.001	0.001	0.795
0.001	0.001	0.001	0.997
0.997	0.001	0.001	0.001
0.997	0.001	0.001	0.001
0.001	0.001	0.997	0.001
0.923	0.075	0.001	0.001
0.001	0.063	0.001	0.935
0.001	0.923	0.075	0.001
>TGGAACRCTATG	14-TGGAACRCTATG	10.254632	-59.681775	0	T:22.0(7.14%),B:80.2(0.18%),P:1e-25	Tpos:94.1,Tstd:54.0,Bpos:257.6,Bstd:287.4,StrandBias:-0.3,Multiplicity:1.00
0.001	0.001	0.001	0.997
0.001	0.001	0.997	0.001
0.001	0.001	0.997	0.001
0.997	0.001	0.001	0.001
0.997	0.001	0.001	0.001
0.001	0.626	0.001	0.372
0.355	0.129	0.380	0.136
0.001	0.870	0.001	0.128
0.245	0.090	0.129	0.536
0.741	0.001	0.257	0.001
0.001	0.001	0.001	0.997
0.001	0.001	0.997	0.001
>GAYACAAAGCCA	15-GAYACAAAGCCA	12.949860	-52.528032	0	T:15.0(4.87%),B:22.0(0.05%),P:1e-22	Tpos:87.5,Tstd:39.3,Bpos:303.7,Bstd:415.1,StrandBias:0.7,Multiplicity:1.07
0.001	0.075	0.923	0.001
0.997	0.001	0.001	0.001
0.001	0.501	0.001	0.497
0.997	0.001	0.001	0.001
0.001	0.997	0.001	0.001
0.997	0.001	0.001	0.001
0.923	0.001	0.075	0.001
0.997	0.001	0.001	0.001
0.001	0.001	0.909	0.089
0.179	0.819	0.001	0.001
0.001	0.997	0.001	0.001
0.997	0.001	0.001	0.001
>GTAAGAATTGTA	16-GTAAGAATTGTA	9.949200	-37.462302	0	T:20.0(6.49%),B:190.7(0.43%),P:1e-16	Tpos:90.7,Tstd:51.3,Bpos:385.4,Bstd:434.1,StrandBias:0.0,Multiplicity:1.00
0.001	0.262	0.611	0.126
0.001	0.001	0.001	0.997
0.625	0.001	0.001	0.373
0.776	0.001	0.111	0.112
0.012	0.001	0.855	0.132
0.887	0.111	0.001	0.001
0.997	0.001	0.001	0.001
0.001	0.026	0.111	0.862
0.001	0.001	0.001	0.997
0.015	0.131	0.743	0.111
0.013	0.131	0.001	0.855
0.729	0.001	0.016	0.254
>ACCCAGAAABCA	17-ACCCAGAAABCA	10.919276	-36.942097	0	T:15.0(4.87%),B:75.7(0.17%),P:1e-16	Tpos:98.9,Tstd:58.6,Bpos:211.8,Bstd:286.5,StrandBias:0.6,Multiplicity:1.15
0.997	0.001	0.001	0.001
0.106	0.787	0.001	0.106
0.096	0.773	0.005	0.126
0.099	0.899	0.001	0.001
0.892	0.001	0.001	0.106
0.076	0.001	0.922	0.001
0.642	0.001	0.232	0.125
0.873	0.001	0.125	0.001
0.997	0.001	0.001	0.001
0.073	0.344	0.347	0.237
0.106	0.892	0.001	0.001
0.997	0.001	0.001	0.001
>ATTTTCACAAAC	18-ATTTTCACAAAC	12.541930	-34.791719	0	T:12.0(3.90%),B:37.9(0.09%),P:1e-15	Tpos:92.8,Tstd:43.7,Bpos:210.4,Bstd:260.2,StrandBias:-0.2,Multiplicity:1.08
0.997	0.001	0.001	0.001
0.001	0.001	0.001	0.997
0.001	0.160	0.001	0.838
0.001	0.001	0.001	0.997
0.001	0.121	0.001	0.877
0.226	0.772	0.001	0.001
0.997	0.001	0.001	0.001
0.111	0.887	0.001	0.001
0.838	0.001	0.001	0.160
0.997	0.001	0.001	0.001
0.997	0.001	0.001	0.001
0.001	0.997	0.001	0.001
>TATACTACTTAG	19-TATACTACTTAG	9.341321	-31.775364	0	T:9.0(2.92%),B:13.7(0.03%),P:1e-13	Tpos:77.2,Tstd:44.3,Bpos:561.5,Bstd:443.5,StrandBias:1.0,Multiplicity:1.00
0.153	0.001	0.001	0.845
0.997	0.001	0.001	0.001
0.001	0.180	0.001	0.818
0.997	0.001	0.001	0.001
0.001	0.972	0.001	0.026
0.001	0.001	0.001	0.997
0.972	0.001	0.026	0.001
0.001	0.997	0.001	0.001
0.001	0.001	0.001	0.997
0.001	0.001	0.001	0.997
0.997	0.001	0.001	0.001
0.001	0.001	0.997	0.001
>AAACCCAGATTT	20-AAACCCAGATTT	9.494541	-29.425362	0	T:24.0(7.79%),B:472.8(1.08%),P:1e-12	Tpos:123.0,Tstd:54.1,Bpos:276.1,Bstd:471.8,StrandBias:0.8,Multiplicity:1.00
0.837	0.001	0.161	0.001
0.827	0.093	0.079	0.001
0.997	0.001	0.001	0.001
0.145	0.715	0.061	0.079
0.001	0.826	0.172	0.001
0.140	0.766	0.093	0.001
0.920	0.001	0.078	0.001
0.047	0.168	0.784	0.001
0.945	0.001	0.047	0.007
0.150	0.071	0.001	0.778
0.001	0.082	0.001	0.916
0.001	0.150	0.144	0.705
>TATGCGAAATGT	21-TATGCGAAATGT	9.423819	-28.661206	0	T:17.0(5.52%),B:202.4(0.46%),P:1e-12	Tpos:97.9,Tstd:37.5,Bpos:386.7,Bstd:433.6,StrandBias:-0.5,Multiplicity:1.00
0.001	0.001	0.001	0.997
0.890	0.108	0.001	0.001
0.001	0.001	0.128	0.870
0.001	0.001	0.780	0.218
0.001	0.735	0.142	0.122
0.129	0.129	0.717	0.025
0.870	0.128	0.001	0.001
0.997	0.001	0.001	0.001
0.870	0.001	0.128	0.001
0.001	0.001	0.128	0.870
0.109	0.109	0.781	0.001
0.129	0.129	0.129	0.613
>CATACCCAYTAA	22-CATACCCAYTAA	8.508113	-26.193428	0	T:26.0(8.44%),B:662.0(1.51%),P:1e-11	Tpos:104.1,Tstd:53.0,Bpos:312.4,Bstd:360.1,StrandBias:0.7,Multiplicity:1.08
0.043	0.724	0.091	0.142
0.902	0.044	0.053	0.001
0.171	0.001	0.001	0.827
0.790	0.001	0.088	0.121
0.140	0.571	0.001	0.288
0.096	0.702	0.104	0.098
0.052	0.851	0.001	0.096
0.851	0.052	0.001	0.096
0.139	0.482	0.044	0.336
0.001	0.319	0.001	0.679
0.843	0.104	0.001	0.052
0.739	0.001	0.104	0.156
>GTCCAAGTAACA	23-GTCCAAGTAACA	14.079189	-25.016009	0	T:7.0(2.27%),B:10.9(0.02%),P:1e-10	Tpos:90.1,Tstd:48.2,Bpos:167.5,Bstd:298.7,StrandBias:0.4,Multiplicity:1.00
0.001	0.001	0.997	0.001
0.001	0.001	0.001	0.997
0.001	0.997	0.001	0.001
0.001	0.997	0.001	0.001
0.997	0.001	0.001	0.001
0.997	0.001	0.001	0.001
0.001	0.001	0.997	0.001
0.328	0.141	0.001	0.530
0.813	0.001	0.001	0.185
0.997	0.001	0.001	0.001
0.001	0.997	0.001	0.001
0.813	0.185	0.001	0.001
>ACACCTCACGTA	24-ACACCTCACGTA	8.880524	-20.087471	0	T:6.0(1.95%),B:12.1(0.03%),P:1e-8	Tpos:118.7,Tstd:38.8,Bpos:267.8,Bstd:329.7,StrandBias:0.0,Multiplicity:1.00
0.745	0.076	0.067	0.112
0.144	0.602	0.152	0.102
0.728	0.062	0.064	0.146
0.143	0.626	0.084	0.147
0.111	0.626	0.113	0.150
0.140	0.084	0.097	0.679
0.134	0.702	0.059	0.105
0.732	0.093	0.073	0.102
0.112	0.628	0.130	0.130
0.120	0.131	0.596	0.153
0.157	0.085	0.104	0.654
0.683	0.077	0.120	0.120
>TCTCTCTCTCTC	25-TCTCTCTCTCTC	-3.477380	-15.495141	0	T:199.0(64.61%),B:21950.2(50.02%),P:1e-6	Tpos:101.8,Tstd:58.6,Bpos:204.0,Bstd:332.1,StrandBias:-0.0,Multiplicity:1.67
0.066	0.066	0.062	0.806
0.053	0.930	0.016	0.001
0.001	0.033	0.008	0.958
0.062	0.836	0.095	0.007
0.001	0.069	0.001	0.929
0.043	0.891	0.065	0.001
0.001	0.052	0.001	0.946
0.001	0.997	0.001	0.001
0.001	0.070	0.001	0.928
0.056	0.942	0.001	0.001
0.001	0.091	0.073	0.835
0.001	0.961	0.014	0.024
>GTCGAACA	1-GTCGAACA	8.209726	-272.648867	0	T:112.0(36.36%),B:616.9(1.41%),P:1e-118	Tpos:102.9,Tstd:41.6,Bpos:242.7,Bstd:405.4,StrandBias:0.5,Multiplicity:1.04
0.318	0.001	0.680	0.001
0.001	0.001	0.001	0.997
0.001	0.997	0.001	0.001
0.001	0.001	0.997	0.001
0.997	0.001	0.001	0.001
0.997	0.001	0.001	0.001
0.001	0.914	0.001	0.084
0.997	0.001	0.001	0.001
>AAATGCCT	2-AAATGCCT	8.725915	-128.548675	0	T:57.0(18.51%),B:350.9(0.80%),P:1e-55	Tpos:102.3,Tstd:40.3,Bpos:210.8,Bstd:310.2,StrandBias:-0.1,Multiplicity:1.02
0.902	0.001	0.096	0.001
0.997	0.001	0.001	0.001
0.997	0.001	0.001	0.001
0.001	0.001	0.001	0.997
0.001	0.001	0.997	0.001
0.001	0.997	0.001	0.001
0.001	0.997	0.001	0.001
0.001	0.001	0.001	0.997
>TCRAACAC	3-TCRAACAC	5.710741	-110.015772	0	T:188.0(61.04%),B:9683.6(22.07%),P:1e-47	Tpos:96.5,Tstd:56.0,Bpos:249.4,Bstd:380.0,StrandBias:0.2,Multiplicity:1.08
0.001	0.052	0.193	0.754
0.001	0.643	0.355	0.001
0.437	0.001	0.485	0.077
0.764	0.001	0.150	0.085
0.948	0.001	0.050	0.001
0.001	0.997	0.001	0.001
0.997	0.001	0.001	0.001
0.102	0.492	0.102	0.303
>GSCGGGCA	4-GSCGGGCA	4.756007	-82.501920	0	T:94.0(30.52%),B:2895.3(6.60%),P:1e-35	Tpos:109.7,Tstd:44.8,Bpos:219.6,Bstd:526.9,StrandBias:0.1,Multiplicity:1.09
0.001	0.001	0.824	0.174
0.018	0.482	0.499	0.001
0.001	0.736	0.001	0.262
0.001	0.027	0.971	0.001
0.006	0.001	0.811	0.182
0.001	0.001	0.997	0.001
0.001	0.991	0.007	0.001
0.546	0.001	0.182	0.271
>CATATGCV	5-CATATGCV	4.053082	-74.834271	0	T:268.0(87.01%),B:24186.7(55.11%),P:1e-32	Tpos:95.3,Tstd:54.1,Bpos:247.6,Bstd:379.7,StrandBias:0.1,Multiplicity:1.64
0.001	0.496	0.261	0.243
0.489	0.139	0.100	0.272
0.369	0.001	0.001	0.629
0.942	0.001	0.045	0.012
0.193	0.274	0.056	0.477
0.001	0.001	0.945	0.053
0.001	0.562	0.212	0.225
0.275	0.316	0.326	0.083
>AGGCATAT	6-AGGCATAT	-4.614198	-50.574283	0	T:300.0(97.40%),B:34306.4(78.17%),P:1e-21	Tpos:103.8,Tstd:59.2,Bpos:297.8,Bstd:400.0,StrandBias:0.2,Multiplicity:2.07
0.997	0.001	0.001	0.001
0.179	0.001	0.819	0.001
0.001	0.001	0.997	0.001
0.001	0.997	0.001	0.001
0.997	0.001	0.001	0.001
0.001	0.001	0.001	0.997
0.855	0.001	0.001	0.143
0.001	0.001	0.001	0.997
>CATGTGTA	7-CATGTGTA	4.345134	-45.354839	0	T:260.0(84.42%),B:26380.0(60.11%),P:1e-19	Tpos:99.9,Tstd:55.5,Bpos:294.0,Bstd:392.7,StrandBias:0.1,Multiplicity:2.04
0.100	0.700	0.100	0.100
0.700	0.100	0.100	0.100
0.100	0.100	0.100	0.700
0.100	0.100	0.700	0.100
0.100	0.100	0.100	0.700
0.100	0.100	0.700	0.100
0.100	0.100	0.100	0.700
0.700	0.100	0.100	0.100
>GGTTTGAG	8-GGTTTGAG	4.161788	-42.482693	0	T:226.0(73.38%),B:21181.5(48.27%),P:1e-18	Tpos:97.7,Tstd:55.4,Bpos:228.2,Bstd:370.0,StrandBias:0.0,Multiplicity:1.90
0.032	0.013	0.822	0.133
0.001	0.295	0.703	0.001
0.013	0.037	0.119	0.831
0.040	0.035	0.079	0.846
0.227	0.098	0.212	0.463
0.138	0.173	0.661	0.028
0.504	0.118	0.219	0.159
0.201	0.029	0.762	0.008
>CAAACCCA	9-CAAACCCA	4.270585	-42.231431	0	T:137.0(44.48%),B:9485.1(21.61%),P:1e-18	Tpos:95.3,Tstd:61.4,Bpos:245.4,Bstd:347.8,StrandBias:0.1,Multiplicity:1.15
0.161	0.539	0.264	0.036
0.883	0.001	0.001	0.115
0.810	0.001	0.001	0.188
0.892	0.001	0.031	0.076
0.001	0.997	0.001	0.001
0.001	0.997	0.001	0.001
0.012	0.939	0.001	0.048
0.960	0.001	0.038	0.001
>ATTGAGTA	10-ATTGAGTA	8.236954	-38.889712	0	T:23.0(7.47%),B:266.8(0.61%),P:1e-16	Tpos:91.7,Tstd:59.3,Bpos:329.4,Bstd:408.6,StrandBias:0.4,Multiplicity:1.13
0.700	0.100	0.100	0.100
0.100	0.100	0.100	0.700
0.100	0.100	0.100	0.700
0.100	0.100	0.700	0.100
0.700	0.100	0.100	0.100
0.100	0.100	0.700	0.100
0.100	0.100	0.100	0.700
0.700	0.100	0.100	0.100
>AACCAAWW	11-AACCAAWW	3.333605	-33.932032	0	T:300.0(97.40%),B:36523.9(83.23%),P:1e-14	Tpos:109.9,Tstd:55.9,Bpos:242.5,Bstd:361.4,StrandBias:0.1,Multiplicity:1.51
0.787	0.086	0.043	0.084
0.553	0.256	0.044	0.147
0.258	0.565	0.001	0.176
0.363	0.537	0.001	0.099
0.514	0.326	0.009	0.151
0.555	0.103	0.005	0.337
0.366	0.177	0.001	0.457
0.361	0.226	0.012	0.402
>TAKTCAAA	12-TAKTCAAA	3.080081	-33.337571	0	T:304.0(98.70%),B:37799.1(86.13%),P:1e-14	Tpos:97.1,Tstd:58.9,Bpos:238.0,Bstd:375.9,StrandBias:0.0,Multiplicity:1.55
0.170	0.184	0.008	0.638
0.497	0.088	0.307	0.108
0.151	0.213	0.246	0.389
0.175	0.190	0.049	0.586
0.246	0.539	0.097	0.118
0.568	0.158	0.113	0.161
0.880	0.070	0.049	0.001
0.884	0.051	0.049	0.016
>WTAWATAT	13-WTAWATAT	3.071065	-29.515394	0	T:259.0(84.09%),B:28649.5(65.28%),P:1e-12	Tpos:101.5,Tstd:59.9,Bpos:430.7,Bstd:461.7,StrandBias:-0.3,Multiplicity:1.89
0.392	0.200	0.015	0.392
0.118	0.196	0.098	0.588
0.693	0.001	0.001	0.305
0.497	0.098	0.001	0.404
0.997	0.001	0.001	0.001
0.195	0.001	0.001	0.803
0.901	0.001	0.097	0.001
0.001	0.097	0.001	0.901
>CTACACYA	14-CTACACYA	6.657612	-27.889099	0	T:24.0(7.79%),B:509.2(1.16%),P:1e-12	Tpos:101.1,Tstd:50.6,Bpos:318.6,Bstd:414.7,StrandBias:0.4,Multiplicity:1.05
0.001	0.975	0.023	0.001
0.001	0.001	0.001	0.997
0.997	0.001	0.001	0.001
0.001	0.997	0.001	0.001
0.997	0.001	0.001	0.001
0.001	0.997	0.001	0.001
0.001	0.526	0.001	0.472
0.997	0.001	0.001	0.001
>WAYWRKTT	15-WAYWRKTT	-0.558533	-25.209949	0	T:306.0(99.35%),B:39594.1(90.22%),P:1e-10	Tpos:99.4,Tstd:57.8,Bpos:238.0,Bstd:383.1,StrandBias:-0.2,Multiplicity:1.45
0.446	0.001	0.001	0.552
0.997	0.001	0.001	0.001
0.022	0.382	0.169	0.427
0.495	0.037	0.001	0.467
0.413	0.001	0.381	0.205
0.001	0.183	0.435	0.381
0.404	0.001	0.014	0.581
0.001	0.001	0.001	0.997
>HTBCAATT	16-HTBCAATT	5.246073	-23.587542	0	T:225.0(73.05%),B:24129.7(54.98%),P:1e-10	Tpos:100.4,Tstd:58.6,Bpos:209.4,Bstd:326.2,StrandBias:-0.3,Multiplicity:1.06
0.389	0.277	0.004	0.330
0.384	0.001	0.001	0.614
0.001	0.285	0.330	0.384
0.001	0.610	0.388	0.001
0.997	0.001	0.001	0.001
0.714	0.001	0.001	0.284
0.001	0.001	0.347	0.651
0.001	0.001	0.001	0.997
>WTTYTCTT	17-WTTYTCTT	2.590722	-23.227221	0	T:308.0(100.00%),B:40686.2(92.71%),P:1e-10	Tpos:100.7,Tstd:57.9,Bpos:194.4,Bstd:334.9,StrandBias:0.1,Multiplicity:1.64
0.302	0.155	0.156	0.386
0.001	0.214	0.314	0.472
0.313	0.116	0.057	0.514
0.001	0.472	0.104	0.423
0.001	0.183	0.001	0.815
0.158	0.470	0.159	0.213
0.001	0.243	0.176	0.580
0.001	0.287	0.035	0.677
>GTCATATA	18-GTCATATA	7.257434	-21.176956	0	T:54.0(17.53%),B:3079.0(7.02%),P:1e-9	Tpos:106.2,Tstd:64.7,Bpos:387.4,Bstd:446.4,StrandBias:0.6,Multiplicity:1.08
0.095	0.019	0.817	0.069
0.001	0.001	0.001	0.997
0.013	0.903	0.013	0.071
0.997	0.001	0.001	0.001
0.187	0.052	0.001	0.760
0.846	0.001	0.140	0.013
0.001	0.001	0.001	0.997
0.673	0.001	0.001	0.325
>WAAATAAT	19-WAAATAAT	2.897188	-21.140948	0	T:277.0(89.94%),B:33464.5(76.25%),P:1e-9	Tpos:99.6,Tstd:60.5,Bpos:326.5,Bstd:402.2,StrandBias:0.0,Multiplicity:1.73
0.387	0.124	0.154	0.335
0.554	0.079	0.113	0.254
0.528	0.048	0.082	0.342
0.571	0.099	0.112	0.218
0.364	0.069	0.044	0.523
0.625	0.178	0.045	0.152
0.493	0.147	0.103	0.256
0.302	0.106	0.120	0.473
>TTWTTWAA	20-TTWTTWAA	4.477622	-15.472271	0	T:203.0(65.91%),B:22544.7(51.37%),P:1e-6	Tpos:89.6,Tstd:60.9,Bpos:395.6,Bstd:437.7,StrandBias:-0.3,Multiplicity:1.37
0.241	0.001	0.017	0.741
0.297	0.001	0.005	0.697
0.438	0.092	0.001	0.469
0.178	0.157	0.017	0.648
0.064	0.174	0.058	0.704
0.492	0.057	0.035	0.416
0.626	0.017	0.131	0.226
0.814	0.001	0.001	0.184
>TTAAAAGA	21-TTAAAAGA	2.399224	-13.166957	0	T:308.0(100.00%),B:42042.2(95.80%),P:1e-5	Tpos:96.9,Tstd:58.8,Bpos:205.6,Bstd:337.1,StrandBias:0.2,Multiplicity:2.17
0.100	0.100	0.100	0.700
0.100	0.100	0.100	0.700
0.700	0.100	0.100	0.100
0.700	0.100	0.100	0.100
0.700	0.100	0.100	0.100
0.700	0.100	0.100	0.100
0.100	0.100	0.700	0.100
0.700	0.100	0.100	0.100
>GKATCATT	22-GKATCATT	8.720956	-6.895726	0	T:12.0(3.90%),B:579.3(1.32%),P:1e-2	Tpos:116.4,Tstd:60.7,Bpos:329.6,Bstd:957.1,StrandBias:-0.6,Multiplicity:1.00
0.001	0.203	0.549	0.247
0.123	0.045	0.364	0.468
0.859	0.017	0.123	0.001
0.001	0.123	0.123	0.753
0.001	0.997	0.001	0.001
0.832	0.001	0.027	0.140
0.044	0.080	0.001	0.875
0.001	0.001	0.001	0.997
>CAAGCTTT	23-CAAGCTTT	0.453314	-0.125913	0	T:308.0(100.00%),B:43867.1(99.96%),P:1e0	Tpos:99.8,Tstd:59.2,Bpos:196.0,Bstd:373.1,StrandBias:0.0,Multiplicity:2.50
0.100	0.700	0.100	0.100
0.700	0.100	0.100	0.100
0.700	0.100	0.100	0.100
0.100	0.100	0.700	0.100
0.100	0.700	0.100	0.100
0.100	0.100	0.100	0.700
0.100	0.100	0.100	0.700
0.100	0.100	0.100	0.700
>TTCCCAAT	24-TTCCCAAT	0.453314	-0.013988	0	T:308.0(100.00%),B:43883.9(100.00%),P:1e0	Tpos:96.2,Tstd:54.7,Bpos:201.6,Bstd:365.6,StrandBias:-0.1,Multiplicity:1.68
0.100	0.100	0.100	0.700
0.100	0.100	0.100	0.700
0.100	0.700	0.100	0.100
0.100	0.700	0.100	0.100
0.100	0.700	0.100	0.100
0.700	0.100	0.100	0.100
0.700	0.100	0.100	0.100
0.100	0.100	0.100	0.700
>NNNNNNNN	25-NNNNNNNN	-nan	0.000000	0	T:0.0(0.00%),B:0.0(0.00%),P:1e0	Tpos:0.0,Tstd:0.0,Bpos:0.0,Bstd:0.0,StrandBias:0.0,Multiplicity:1.00
-nan	-nan	-nan	-nan
-nan	-nan	-nan	-nan
-nan	-nan	-nan	-nan
-nan	-nan	-nan	-nan
-nan	-nan	-nan	-nan
-nan	-nan	-nan	-nan
-nan	-nan	-nan	-nan
-nan	-nan	-nan	-nan
