>ATTTCATCGAAC	1-ATTTCATCGAAC	10.623953	-390.878348	0	T:107.0(34.74%),B:133.1(0.30%),P:1e-169	Tpos:102.3,Tstd:37.5,Bpos:242.8,Bstd:338.5,StrandBias:0.5,Multiplicity:1.02
0.947	0.001	0.051	0.001
0.095	0.001	0.001	0.903
0.103	0.001	0.001	0.895
0.052	0.200	0.052	0.696
0.052	0.597	0.091	0.260
0.584	0.001	0.414	0.001
0.001	0.087	0.001	0.911
0.001	0.947	0.051	0.001
0.159	0.001	0.788	0.052
0.997	0.001	0.001	0.001
0.911	0.001	0.087	0.001
0.001	0.997	0.001	0.001
>ACCTTGCGTGCA	2-ACCTTGCGTGCA	8.629201	-176.208305	0	T:66.0(21.43%),B:256.9(0.59%),P:1e-76	Tpos:112.7,Tstd:37.0,Bpos:254.6,Bstd:416.9,StrandBias:0.3,Multiplicity:1.00
0.997	0.001	0.001	0.001
0.076	0.636	0.247	0.041
0.076	0.562	0.001	0.361
0.001	0.001	0.001	0.997
0.041	0.118	0.284	0.557
0.157	0.154	0.607	0.082
0.001	0.609	0.001	0.389
0.037	0.117	0.805	0.041
0.001	0.001	0.085	0.913
0.041	0.001	0.957	0.001
0.001	0.997	0.001	0.001
0.725	0.082	0.123	0.070
>TYTCTCTCAGGC	3-TYTCTCTCAGGC	9.914098	-123.929938	0	T:42.0(13.64%),B:114.9(0.26%),P:1e-53	Tpos:97.1,Tstd:35.8,Bpos:175.1,Bstd:227.1,StrandBias:0.6,Multiplicity:1.02
0.001	0.093	0.001	0.905
0.001	0.574	0.001	0.424
0.055	0.055	0.001	0.889
0.055	0.852	0.055	0.038
0.055	0.001	0.165	0.779
0.056	0.722	0.111	0.111
0.165	0.001	0.001	0.833
0.055	0.842	0.056	0.047
0.997	0.001	0.001	0.001
0.085	0.101	0.813	0.001
0.001	0.001	0.951	0.047
0.001	0.997	0.001	0.001
>GTCGAATATGAC	4-GTCGAATATGAC	13.229965	-93.920412	0	T:21.0(6.82%),B:6.0(0.01%),P:1e-40	Tpos:125.5,Tstd:53.0,Bpos:633.5,Bstd:452.4,StrandBias:0.0,Multiplicity:1.05
0.001	0.051	0.947	0.001
0.001	0.051	0.001	0.947
0.001	0.997	0.001	0.001
0.292	0.001	0.706	0.001
0.997	0.001	0.001	0.001
0.997	0.001	0.001	0.001
0.001	0.001	0.001	0.997
0.997	0.001	0.001	0.001
0.001	0.001	0.001	0.997
0.001	0.001	0.997	0.001
0.997	0.001	0.001	0.001
0.001	0.997	0.001	0.001
>ACACATGACATC	5-ACACATGACATC	12.930878	-83.505664	0	T:21.0(6.82%),B:14.4(0.03%),P:1e-36	Tpos:104.8,Tstd:62.2,Bpos:470.5,Bstd:398.7,StrandBias:0.2,Multiplicity:1.14
0.997	0.001	0.001	0.001
0.040	0.958	0.001	0.001
0.997	0.001	0.001	0.001
0.001	0.997	0.001	0.001
0.910	0.001	0.048	0.041
0.001	0.048	0.001	0.950
0.048	0.041	0.910	0.001
0.997	0.001	0.001	0.001
0.001	0.958	0.040	0.001
0.997	0.001	0.001	0.001
0.086	0.048	0.001	0.865
0.040	0.958	0.001	0.001
>GCTTTGAGAAGC	6-GCTTTGAGAAGC	13.544874	-81.022242	0	T:18.0(5.84%),B:4.4(0.01%),P:1e-35	Tpos:105.0,Tstd:55.0,Bpos:733.8,Bstd:479.1,StrandBias:-0.2,Multiplicity:1.06
0.001	0.001	0.997	0.001
0.036	0.916	0.047	0.001
0.001	0.001	0.001	0.997
0.001	0.001	0.001	0.997
0.001	0.001	0.001	0.997
0.001	0.001	0.997	0.001
0.997	0.001	0.001	0.001
0.001	0.001	0.997	0.001
0.997	0.001	0.001	0.001
0.997	0.001	0.001	0.001
0.001	0.001	0.997	0.001
0.001	0.997	0.001	0.001
>TCCYTATTAGAA	7-TCCYTATTAGAA	11.250823	-80.790087	0	T:20.0(6.49%),B:12.4(0.03%),P:1e-35	Tpos:82.7,Tstd:37.7,Bpos:638.7,Bstd:516.2,StrandBias:0.3,Multiplicity:1.00
0.001	0.001	0.001	0.997
0.001	0.589	0.001	0.409
0.001	0.997	0.001	0.001
0.001	0.483	0.001	0.515
0.001	0.001	0.001	0.997
0.981	0.001	0.017	0.001
0.001	0.001	0.001	0.997
0.001	0.001	0.001	0.997
0.997	0.001	0.001	0.001
0.001	0.001	0.997	0.001
0.911	0.001	0.087	0.001
0.997	0.001	0.001	0.001
>ATGATTGAGTAT	8-ATGATTGAGTAT	13.606587	-78.170608	0	T:19.0(6.17%),B:10.0(0.02%),P:1e-33	Tpos:110.2,Tstd:59.3,Bpos:617.7,Bstd:462.9,StrandBias:0.3,Multiplicity:1.05
0.942	0.001	0.056	0.001
0.001	0.056	0.001	0.942
0.001	0.001	0.997	0.001
0.997	0.001	0.001	0.001
0.001	0.001	0.001	0.997
0.001	0.001	0.001	0.997
0.001	0.001	0.997	0.001
0.997	0.001	0.001	0.001
0.001	0.001	0.997	0.001
0.056	0.001	0.001	0.942
0.997	0.001	0.001	0.001
0.001	0.001	0.001	0.997
>AGTCCATATGAG	9-AGTCCATATGAG	13.166027	-74.724944	0	T:17.0(5.52%),B:5.4(0.01%),P:1e-32	Tpos:93.2,Tstd:41.2,Bpos:758.3,Bstd:482.2,StrandBias:-0.2,Multiplicity:1.00
0.997	0.001	0.001	0.001
0.001	0.001	0.997	0.001
0.001	0.001	0.001	0.997
0.066	0.932	0.001	0.001
0.001	0.867	0.066	0.066
0.732	0.001	0.266	0.001
0.001	0.066	0.001	0.932
0.932	0.001	0.066	0.001
0.001	0.001	0.001	0.997
0.066	0.001	0.932	0.001
0.997	0.001	0.001	0.001
0.066	0.001	0.932	0.001
>CTACACCATGAA	10-CTACACCATGAA	13.165164	-71.694259	0	T:18.0(5.84%),B:12.6(0.03%),P:1e-31	Tpos:106.5,Tstd:52.8,Bpos:523.7,Bstd:466.1,StrandBias:0.2,Multiplicity:1.06
0.001	0.933	0.065	0.001
0.001	0.001	0.001	0.997
0.997	0.001	0.001	0.001
0.001	0.997	0.001	0.001
0.997	0.001	0.001	0.001
0.055	0.943	0.001	0.001
0.001	0.997	0.001	0.001
0.997	0.001	0.001	0.001
0.056	0.001	0.066	0.877
0.066	0.225	0.708	0.001
0.997	0.001	0.001	0.001
0.997	0.001	0.001	0.001
>AACTTAAACCGC	11-AACTTAAACCGC	13.598645	-67.487179	0	T:16.0(5.19%),B:7.5(0.02%),P:1e-29	Tpos:96.1,Tstd:53.4,Bpos:294.2,Bstd:299.6,StrandBias:-0.2,Multiplicity:1.06
0.997	0.001	0.001	0.001
0.997	0.001	0.001	0.001
0.001	0.930	0.001	0.068
0.001	0.057	0.001	0.941
0.001	0.001	0.001	0.997
0.997	0.001	0.001	0.001
0.997	0.001	0.001	0.001
0.997	0.001	0.001	0.001
0.001	0.997	0.001	0.001
0.001	0.930	0.001	0.068
0.001	0.001	0.997	0.001
0.001	0.997	0.001	0.001
>TTGGTTAGTGTT	12-TTGGTTAGTGTT	13.470859	-65.782612	0	T:18.0(5.84%),B:21.0(0.05%),P:1e-28	Tpos:122.8,Tstd:51.4,Bpos:477.4,Bstd:436.2,StrandBias:0.2,Multiplicity:1.06
0.001	0.001	0.001	0.997
0.001	0.001	0.001	0.997
0.001	0.001	0.949	0.049
0.001	0.001	0.997	0.001
0.001	0.001	0.001	0.997
0.001	0.001	0.001	0.997
0.997	0.001	0.001	0.001
0.001	0.001	0.949	0.049
0.001	0.001	0.001	0.997
0.001	0.001	0.997	0.001
0.065	0.001	0.001	0.933
0.001	0.001	0.001	0.997
>GCTTTTAAGATC	13-GCTTTTAAGATC	13.097808	-64.430125	0	T:16.0(5.19%),B:10.5(0.02%),P:1e-27	Tpos:84.9,Tstd:47.7,Bpos:301.2,Bstd:314.8,StrandBias:0.5,Multiplicity:1.06
0.001	0.001	0.997	0.001
0.001	0.997	0.001	0.001
0.001	0.302	0.001	0.696
0.001	0.001	0.001	0.997
0.203	0.001	0.001	0.795
0.001	0.001	0.001	0.997
0.997	0.001	0.001	0.001
0.997	0.001	0.001	0.001
0.001	0.001	0.997	0.001
0.923	0.075	0.001	0.001
0.001	0.063	0.001	0.935
0.001	0.923	0.075	0.001
>TGGAACRCTATG	14-TGGAACRCTATG	10.254632	-59.681775	0	T:22.0(7.14%),B:80.2(0.18%),P:1e-25	Tpos:94.1,Tstd:54.0,Bpos:257.6,Bstd:287.4,StrandBias:-0.3,Multiplicity:1.00
0.001	0.001	0.001	0.997
0.001	0.001	0.997	0.001
0.001	0.001	0.997	0.001
0.997	0.001	0.001	0.001
0.997	0.001	0.001	0.001
0.001	0.626	0.001	0.372
0.355	0.129	0.380	0.136
0.001	0.870	0.001	0.128
0.245	0.090	0.129	0.536
0.741	0.001	0.257	0.001
0.001	0.001	0.001	0.997
0.001	0.001	0.997	0.001
>GAYACAAAGCCA	15-GAYACAAAGCCA	12.949860	-52.528032	0	T:15.0(4.87%),B:22.0(0.05%),P:1e-22	Tpos:87.5,Tstd:39.3,Bpos:303.7,Bstd:415.1,StrandBias:0.7,Multiplicity:1.07
0.001	0.075	0.923	0.001
0.997	0.001	0.001	0.001
0.001	0.501	0.001	0.497
0.997	0.001	0.001	0.001
0.001	0.997	0.001	0.001
0.997	0.001	0.001	0.001
0.923	0.001	0.075	0.001
0.997	0.001	0.001	0.001
0.001	0.001	0.909	0.089
0.179	0.819	0.001	0.001
0.001	0.997	0.001	0.001
0.997	0.001	0.001	0.001
>GTAAGAATTGTA	16-GTAAGAATTGTA	9.949200	-37.462302	0	T:20.0(6.49%),B:190.7(0.43%),P:1e-16	Tpos:90.7,Tstd:51.3,Bpos:385.4,Bstd:434.1,StrandBias:0.0,Multiplicity:1.00
0.001	0.262	0.611	0.126
0.001	0.001	0.001	0.997
0.625	0.001	0.001	0.373
0.776	0.001	0.111	0.112
0.012	0.001	0.855	0.132
0.887	0.111	0.001	0.001
0.997	0.001	0.001	0.001
0.001	0.026	0.111	0.862
0.001	0.001	0.001	0.997
0.015	0.131	0.743	0.111
0.013	0.131	0.001	0.855
0.729	0.001	0.016	0.254
>ACCCAGAAABCA	17-ACCCAGAAABCA	10.919276	-36.942097	0	T:15.0(4.87%),B:75.7(0.17%),P:1e-16	Tpos:98.9,Tstd:58.6,Bpos:211.8,Bstd:286.5,StrandBias:0.6,Multiplicity:1.15
0.997	0.001	0.001	0.001
0.106	0.787	0.001	0.106
0.096	0.773	0.005	0.126
0.099	0.899	0.001	0.001
0.892	0.001	0.001	0.106
0.076	0.001	0.922	0.001
0.642	0.001	0.232	0.125
0.873	0.001	0.125	0.001
0.997	0.001	0.001	0.001
0.073	0.344	0.347	0.237
0.106	0.892	0.001	0.001
0.997	0.001	0.001	0.001
>ATTTTCACAAAC	18-ATTTTCACAAAC	12.541930	-34.791719	0	T:12.0(3.90%),B:37.9(0.09%),P:1e-15	Tpos:92.8,Tstd:43.7,Bpos:210.4,Bstd:260.2,StrandBias:-0.2,Multiplicity:1.08
0.997	0.001	0.001	0.001
0.001	0.001	0.001	0.997
0.001	0.160	0.001	0.838
0.001	0.001	0.001	0.997
0.001	0.121	0.001	0.877
0.226	0.772	0.001	0.001
0.997	0.001	0.001	0.001
0.111	0.887	0.001	0.001
0.838	0.001	0.001	0.160
0.997	0.001	0.001	0.001
0.997	0.001	0.001	0.001
0.001	0.997	0.001	0.001
>TATACTACTTAG	19-TATACTACTTAG	9.341321	-31.775364	0	T:9.0(2.92%),B:13.7(0.03%),P:1e-13	Tpos:77.2,Tstd:44.3,Bpos:561.5,Bstd:443.5,StrandBias:1.0,Multiplicity:1.00
0.153	0.001	0.001	0.845
0.997	0.001	0.001	0.001
0.001	0.180	0.001	0.818
0.997	0.001	0.001	0.001
0.001	0.972	0.001	0.026
0.001	0.001	0.001	0.997
0.972	0.001	0.026	0.001
0.001	0.997	0.001	0.001
0.001	0.001	0.001	0.997
0.001	0.001	0.001	0.997
0.997	0.001	0.001	0.001
0.001	0.001	0.997	0.001
>AAACCCAGATTT	20-AAACCCAGATTT	9.494541	-29.425362	0	T:24.0(7.79%),B:472.8(1.08%),P:1e-12	Tpos:123.0,Tstd:54.1,Bpos:276.1,Bstd:471.8,StrandBias:0.8,Multiplicity:1.00
0.837	0.001	0.161	0.001
0.827	0.093	0.079	0.001
0.997	0.001	0.001	0.001
0.145	0.715	0.061	0.079
0.001	0.826	0.172	0.001
0.140	0.766	0.093	0.001
0.920	0.001	0.078	0.001
0.047	0.168	0.784	0.001
0.945	0.001	0.047	0.007
0.150	0.071	0.001	0.778
0.001	0.082	0.001	0.916
0.001	0.150	0.144	0.705
>TATGCGAAATGT	21-TATGCGAAATGT	9.423819	-28.661206	0	T:17.0(5.52%),B:202.4(0.46%),P:1e-12	Tpos:97.9,Tstd:37.5,Bpos:386.7,Bstd:433.6,StrandBias:-0.5,Multiplicity:1.00
0.001	0.001	0.001	0.997
0.890	0.108	0.001	0.001
0.001	0.001	0.128	0.870
0.001	0.001	0.780	0.218
0.001	0.735	0.142	0.122
0.129	0.129	0.717	0.025
0.870	0.128	0.001	0.001
0.997	0.001	0.001	0.001
0.870	0.001	0.128	0.001
0.001	0.001	0.128	0.870
0.109	0.109	0.781	0.001
0.129	0.129	0.129	0.613
>CATACCCAYTAA	22-CATACCCAYTAA	8.508113	-26.193428	0	T:26.0(8.44%),B:662.0(1.51%),P:1e-11	Tpos:104.1,Tstd:53.0,Bpos:312.4,Bstd:360.1,StrandBias:0.7,Multiplicity:1.08
0.043	0.724	0.091	0.142
0.902	0.044	0.053	0.001
0.171	0.001	0.001	0.827
0.790	0.001	0.088	0.121
0.140	0.571	0.001	0.288
0.096	0.702	0.104	0.098
0.052	0.851	0.001	0.096
0.851	0.052	0.001	0.096
0.139	0.482	0.044	0.336
0.001	0.319	0.001	0.679
0.843	0.104	0.001	0.052
0.739	0.001	0.104	0.156
>GTCCAAGTAACA	23-GTCCAAGTAACA	14.079189	-25.016009	0	T:7.0(2.27%),B:10.9(0.02%),P:1e-10	Tpos:90.1,Tstd:48.2,Bpos:167.5,Bstd:298.7,StrandBias:0.4,Multiplicity:1.00
0.001	0.001	0.997	0.001
0.001	0.001	0.001	0.997
0.001	0.997	0.001	0.001
0.001	0.997	0.001	0.001
0.997	0.001	0.001	0.001
0.997	0.001	0.001	0.001
0.001	0.001	0.997	0.001
0.328	0.141	0.001	0.530
0.813	0.001	0.001	0.185
0.997	0.001	0.001	0.001
0.001	0.997	0.001	0.001
0.813	0.185	0.001	0.001
>ACACCTCACGTA	24-ACACCTCACGTA	8.880524	-20.087471	0	T:6.0(1.95%),B:12.1(0.03%),P:1e-8	Tpos:118.7,Tstd:38.8,Bpos:267.8,Bstd:329.7,StrandBias:0.0,Multiplicity:1.00
0.745	0.076	0.067	0.112
0.144	0.602	0.152	0.102
0.728	0.062	0.064	0.146
0.143	0.626	0.084	0.147
0.111	0.626	0.113	0.150
0.140	0.084	0.097	0.679
0.134	0.702	0.059	0.105
0.732	0.093	0.073	0.102
0.112	0.628	0.130	0.130
0.120	0.131	0.596	0.153
0.157	0.085	0.104	0.654
0.683	0.077	0.120	0.120
>TCTCTCTCTCTC	25-TCTCTCTCTCTC	-3.477380	-15.495141	0	T:199.0(64.61%),B:21950.2(50.02%),P:1e-6	Tpos:101.8,Tstd:58.6,Bpos:204.0,Bstd:332.1,StrandBias:-0.0,Multiplicity:1.67
0.066	0.066	0.062	0.806
0.053	0.930	0.016	0.001
0.001	0.033	0.008	0.958
0.062	0.836	0.095	0.007
0.001	0.069	0.001	0.929
0.043	0.891	0.065	0.001
0.001	0.052	0.001	0.946
0.001	0.997	0.001	0.001
0.001	0.070	0.001	0.928
0.056	0.942	0.001	0.001
0.001	0.091	0.073	0.835
0.001	0.961	0.014	0.024
