>GTCGAACA	1-GTCGAACA	8.209726	-272.648867	0	T:112.0(36.36%),B:616.9(1.41%),P:1e-118	Tpos:102.9,Tstd:41.6,Bpos:242.7,Bstd:405.4,StrandBias:0.5,Multiplicity:1.04
0.318	0.001	0.680	0.001
0.001	0.001	0.001	0.997
0.001	0.997	0.001	0.001
0.001	0.001	0.997	0.001
0.997	0.001	0.001	0.001
0.997	0.001	0.001	0.001
0.001	0.914	0.001	0.084
0.997	0.001	0.001	0.001
>AAATGCCT	2-AAATGCCT	8.725915	-128.548675	0	T:57.0(18.51%),B:350.9(0.80%),P:1e-55	Tpos:102.3,Tstd:40.3,Bpos:210.8,Bstd:310.2,StrandBias:-0.1,Multiplicity:1.02
0.902	0.001	0.096	0.001
0.997	0.001	0.001	0.001
0.997	0.001	0.001	0.001
0.001	0.001	0.001	0.997
0.001	0.001	0.997	0.001
0.001	0.997	0.001	0.001
0.001	0.997	0.001	0.001
0.001	0.001	0.001	0.997
>TCRAACAC	3-TCRAACAC	5.710741	-110.015772	0	T:188.0(61.04%),B:9683.6(22.07%),P:1e-47	Tpos:96.5,Tstd:56.0,Bpos:249.4,Bstd:380.0,StrandBias:0.2,Multiplicity:1.08
0.001	0.052	0.193	0.754
0.001	0.643	0.355	0.001
0.437	0.001	0.485	0.077
0.764	0.001	0.150	0.085
0.948	0.001	0.050	0.001
0.001	0.997	0.001	0.001
0.997	0.001	0.001	0.001
0.102	0.492	0.102	0.303
>GSCGGGCA	4-GSCGGGCA	4.756007	-82.501920	0	T:94.0(30.52%),B:2895.3(6.60%),P:1e-35	Tpos:109.7,Tstd:44.8,Bpos:219.6,Bstd:526.9,StrandBias:0.1,Multiplicity:1.09
0.001	0.001	0.824	0.174
0.018	0.482	0.499	0.001
0.001	0.736	0.001	0.262
0.001	0.027	0.971	0.001
0.006	0.001	0.811	0.182
0.001	0.001	0.997	0.001
0.001	0.991	0.007	0.001
0.546	0.001	0.182	0.271
>CATATGCV	5-CATATGCV	4.053082	-74.834271	0	T:268.0(87.01%),B:24186.7(55.11%),P:1e-32	Tpos:95.3,Tstd:54.1,Bpos:247.6,Bstd:379.7,StrandBias:0.1,Multiplicity:1.64
0.001	0.496	0.261	0.243
0.489	0.139	0.100	0.272
0.369	0.001	0.001	0.629
0.942	0.001	0.045	0.012
0.193	0.274	0.056	0.477
0.001	0.001	0.945	0.053
0.001	0.562	0.212	0.225
0.275	0.316	0.326	0.083
>AGGCATAT	6-AGGCATAT	-4.614198	-50.574283	0	T:300.0(97.40%),B:34306.4(78.17%),P:1e-21	Tpos:103.8,Tstd:59.2,Bpos:297.8,Bstd:400.0,StrandBias:0.2,Multiplicity:2.07
0.997	0.001	0.001	0.001
0.179	0.001	0.819	0.001
0.001	0.001	0.997	0.001
0.001	0.997	0.001	0.001
0.997	0.001	0.001	0.001
0.001	0.001	0.001	0.997
0.855	0.001	0.001	0.143
0.001	0.001	0.001	0.997
>CATGTGTA	7-CATGTGTA	4.345134	-45.354839	0	T:260.0(84.42%),B:26380.0(60.11%),P:1e-19	Tpos:99.9,Tstd:55.5,Bpos:294.0,Bstd:392.7,StrandBias:0.1,Multiplicity:2.04
0.100	0.700	0.100	0.100
0.700	0.100	0.100	0.100
0.100	0.100	0.100	0.700
0.100	0.100	0.700	0.100
0.100	0.100	0.100	0.700
0.100	0.100	0.700	0.100
0.100	0.100	0.100	0.700
0.700	0.100	0.100	0.100
>GGTTTGAG	8-GGTTTGAG	4.161788	-42.482693	0	T:226.0(73.38%),B:21181.5(48.27%),P:1e-18	Tpos:97.7,Tstd:55.4,Bpos:228.2,Bstd:370.0,StrandBias:0.0,Multiplicity:1.90
0.032	0.013	0.822	0.133
0.001	0.295	0.703	0.001
0.013	0.037	0.119	0.831
0.040	0.035	0.079	0.846
0.227	0.098	0.212	0.463
0.138	0.173	0.661	0.028
0.504	0.118	0.219	0.159
0.201	0.029	0.762	0.008
>CAAACCCA	9-CAAACCCA	4.270585	-42.231431	0	T:137.0(44.48%),B:9485.1(21.61%),P:1e-18	Tpos:95.3,Tstd:61.4,Bpos:245.4,Bstd:347.8,StrandBias:0.1,Multiplicity:1.15
0.161	0.539	0.264	0.036
0.883	0.001	0.001	0.115
0.810	0.001	0.001	0.188
0.892	0.001	0.031	0.076
0.001	0.997	0.001	0.001
0.001	0.997	0.001	0.001
0.012	0.939	0.001	0.048
0.960	0.001	0.038	0.001
>ATTGAGTA	10-ATTGAGTA	8.236954	-38.889712	0	T:23.0(7.47%),B:266.8(0.61%),P:1e-16	Tpos:91.7,Tstd:59.3,Bpos:329.4,Bstd:408.6,StrandBias:0.4,Multiplicity:1.13
0.700	0.100	0.100	0.100
0.100	0.100	0.100	0.700
0.100	0.100	0.100	0.700
0.100	0.100	0.700	0.100
0.700	0.100	0.100	0.100
0.100	0.100	0.700	0.100
0.100	0.100	0.100	0.700
0.700	0.100	0.100	0.100
>AACCAAWW	11-AACCAAWW	3.333605	-33.932032	0	T:300.0(97.40%),B:36523.9(83.23%),P:1e-14	Tpos:109.9,Tstd:55.9,Bpos:242.5,Bstd:361.4,StrandBias:0.1,Multiplicity:1.51
0.787	0.086	0.043	0.084
0.553	0.256	0.044	0.147
0.258	0.565	0.001	0.176
0.363	0.537	0.001	0.099
0.514	0.326	0.009	0.151
0.555	0.103	0.005	0.337
0.366	0.177	0.001	0.457
0.361	0.226	0.012	0.402
>TAKTCAAA	12-TAKTCAAA	3.080081	-33.337571	0	T:304.0(98.70%),B:37799.1(86.13%),P:1e-14	Tpos:97.1,Tstd:58.9,Bpos:238.0,Bstd:375.9,StrandBias:0.0,Multiplicity:1.55
0.170	0.184	0.008	0.638
0.497	0.088	0.307	0.108
0.151	0.213	0.246	0.389
0.175	0.190	0.049	0.586
0.246	0.539	0.097	0.118
0.568	0.158	0.113	0.161
0.880	0.070	0.049	0.001
0.884	0.051	0.049	0.016
>WTAWATAT	13-WTAWATAT	3.071065	-29.515394	0	T:259.0(84.09%),B:28649.5(65.28%),P:1e-12	Tpos:101.5,Tstd:59.9,Bpos:430.7,Bstd:461.7,StrandBias:-0.3,Multiplicity:1.89
0.392	0.200	0.015	0.392
0.118	0.196	0.098	0.588
0.693	0.001	0.001	0.305
0.497	0.098	0.001	0.404
0.997	0.001	0.001	0.001
0.195	0.001	0.001	0.803
0.901	0.001	0.097	0.001
0.001	0.097	0.001	0.901
>CTACACYA	14-CTACACYA	6.657612	-27.889099	0	T:24.0(7.79%),B:509.2(1.16%),P:1e-12	Tpos:101.1,Tstd:50.6,Bpos:318.6,Bstd:414.7,StrandBias:0.4,Multiplicity:1.05
0.001	0.975	0.023	0.001
0.001	0.001	0.001	0.997
0.997	0.001	0.001	0.001
0.001	0.997	0.001	0.001
0.997	0.001	0.001	0.001
0.001	0.997	0.001	0.001
0.001	0.526	0.001	0.472
0.997	0.001	0.001	0.001
>WAYWRKTT	15-WAYWRKTT	-0.558533	-25.209949	0	T:306.0(99.35%),B:39594.1(90.22%),P:1e-10	Tpos:99.4,Tstd:57.8,Bpos:238.0,Bstd:383.1,StrandBias:-0.2,Multiplicity:1.45
0.446	0.001	0.001	0.552
0.997	0.001	0.001	0.001
0.022	0.382	0.169	0.427
0.495	0.037	0.001	0.467
0.413	0.001	0.381	0.205
0.001	0.183	0.435	0.381
0.404	0.001	0.014	0.581
0.001	0.001	0.001	0.997
>HTBCAATT	16-HTBCAATT	5.246073	-23.587542	0	T:225.0(73.05%),B:24129.7(54.98%),P:1e-10	Tpos:100.4,Tstd:58.6,Bpos:209.4,Bstd:326.2,StrandBias:-0.3,Multiplicity:1.06
0.389	0.277	0.004	0.330
0.384	0.001	0.001	0.614
0.001	0.285	0.330	0.384
0.001	0.610	0.388	0.001
0.997	0.001	0.001	0.001
0.714	0.001	0.001	0.284
0.001	0.001	0.347	0.651
0.001	0.001	0.001	0.997
>WTTYTCTT	17-WTTYTCTT	2.590722	-23.227221	0	T:308.0(100.00%),B:40686.2(92.71%),P:1e-10	Tpos:100.7,Tstd:57.9,Bpos:194.4,Bstd:334.9,StrandBias:0.1,Multiplicity:1.64
0.302	0.155	0.156	0.386
0.001	0.214	0.314	0.472
0.313	0.116	0.057	0.514
0.001	0.472	0.104	0.423
0.001	0.183	0.001	0.815
0.158	0.470	0.159	0.213
0.001	0.243	0.176	0.580
0.001	0.287	0.035	0.677
>GTCATATA	18-GTCATATA	7.257434	-21.176956	0	T:54.0(17.53%),B:3079.0(7.02%),P:1e-9	Tpos:106.2,Tstd:64.7,Bpos:387.4,Bstd:446.4,StrandBias:0.6,Multiplicity:1.08
0.095	0.019	0.817	0.069
0.001	0.001	0.001	0.997
0.013	0.903	0.013	0.071
0.997	0.001	0.001	0.001
0.187	0.052	0.001	0.760
0.846	0.001	0.140	0.013
0.001	0.001	0.001	0.997
0.673	0.001	0.001	0.325
>WAAATAAT	19-WAAATAAT	2.897188	-21.140948	0	T:277.0(89.94%),B:33464.5(76.25%),P:1e-9	Tpos:99.6,Tstd:60.5,Bpos:326.5,Bstd:402.2,StrandBias:0.0,Multiplicity:1.73
0.387	0.124	0.154	0.335
0.554	0.079	0.113	0.254
0.528	0.048	0.082	0.342
0.571	0.099	0.112	0.218
0.364	0.069	0.044	0.523
0.625	0.178	0.045	0.152
0.493	0.147	0.103	0.256
0.302	0.106	0.120	0.473
>TTWTTWAA	20-TTWTTWAA	4.477622	-15.472271	0	T:203.0(65.91%),B:22544.7(51.37%),P:1e-6	Tpos:89.6,Tstd:60.9,Bpos:395.6,Bstd:437.7,StrandBias:-0.3,Multiplicity:1.37
0.241	0.001	0.017	0.741
0.297	0.001	0.005	0.697
0.438	0.092	0.001	0.469
0.178	0.157	0.017	0.648
0.064	0.174	0.058	0.704
0.492	0.057	0.035	0.416
0.626	0.017	0.131	0.226
0.814	0.001	0.001	0.184
>TTAAAAGA	21-TTAAAAGA	2.399224	-13.166957	0	T:308.0(100.00%),B:42042.2(95.80%),P:1e-5	Tpos:96.9,Tstd:58.8,Bpos:205.6,Bstd:337.1,StrandBias:0.2,Multiplicity:2.17
0.100	0.100	0.100	0.700
0.100	0.100	0.100	0.700
0.700	0.100	0.100	0.100
0.700	0.100	0.100	0.100
0.700	0.100	0.100	0.100
0.700	0.100	0.100	0.100
0.100	0.100	0.700	0.100
0.700	0.100	0.100	0.100
>GKATCATT	22-GKATCATT	8.720956	-6.895726	0	T:12.0(3.90%),B:579.3(1.32%),P:1e-2	Tpos:116.4,Tstd:60.7,Bpos:329.6,Bstd:957.1,StrandBias:-0.6,Multiplicity:1.00
0.001	0.203	0.549	0.247
0.123	0.045	0.364	0.468
0.859	0.017	0.123	0.001
0.001	0.123	0.123	0.753
0.001	0.997	0.001	0.001
0.832	0.001	0.027	0.140
0.044	0.080	0.001	0.875
0.001	0.001	0.001	0.997
>CAAGCTTT	23-CAAGCTTT	0.453314	-0.125913	0	T:308.0(100.00%),B:43867.1(99.96%),P:1e0	Tpos:99.8,Tstd:59.2,Bpos:196.0,Bstd:373.1,StrandBias:0.0,Multiplicity:2.50
0.100	0.700	0.100	0.100
0.700	0.100	0.100	0.100
0.700	0.100	0.100	0.100
0.100	0.100	0.700	0.100
0.100	0.700	0.100	0.100
0.100	0.100	0.100	0.700
0.100	0.100	0.100	0.700
0.100	0.100	0.100	0.700
>TTCCCAAT	24-TTCCCAAT	0.453314	-0.013988	0	T:308.0(100.00%),B:43883.9(100.00%),P:1e0	Tpos:96.2,Tstd:54.7,Bpos:201.6,Bstd:365.6,StrandBias:-0.1,Multiplicity:1.68
0.100	0.100	0.100	0.700
0.100	0.100	0.100	0.700
0.100	0.700	0.100	0.100
0.100	0.700	0.100	0.100
0.100	0.700	0.100	0.100
0.700	0.100	0.100	0.100
0.700	0.100	0.100	0.100
0.100	0.100	0.100	0.700
>NNNNNNNN	25-NNNNNNNN	-nan	0.000000	0	T:0.0(0.00%),B:0.0(0.00%),P:1e0	Tpos:0.0,Tstd:0.0,Bpos:0.0,Bstd:0.0,StrandBias:0.0,Multiplicity:1.00
-nan	-nan	-nan	-nan
-nan	-nan	-nan	-nan
-nan	-nan	-nan	-nan
-nan	-nan	-nan	-nan
-nan	-nan	-nan	-nan
-nan	-nan	-nan	-nan
-nan	-nan	-nan	-nan
-nan	-nan	-nan	-nan
