>TTCGTCGAAC	1-TTCGTCGAAC	8.492237	-279.084834	0	T:91.0(29.55%),B:231.0(0.53%),P:1e-121	Tpos:102.5,Tstd:35.2,Bpos:183.6,Bstd:290.5,StrandBias:0.6,Multiplicity:1.03
0.021	0.001	0.001	0.977
0.001	0.012	0.001	0.986
0.001	0.967	0.001	0.031
0.270	0.040	0.682	0.008
0.001	0.001	0.001	0.997
0.001	0.985	0.013	0.001
0.001	0.001	0.997	0.001
0.997	0.001	0.001	0.001
0.979	0.001	0.019	0.001
0.001	0.997	0.001	0.001
>TCGAACASTT	2-TCGAACASTT	10.143581	-263.885246	0	T:88.0(28.57%),B:241.1(0.55%),P:1e-114	Tpos:111.5,Tstd:48.1,Bpos:204.4,Bstd:283.7,StrandBias:0.4,Multiplicity:1.03
0.001	0.001	0.001	0.997
0.001	0.867	0.066	0.066
0.396	0.001	0.602	0.001
0.997	0.001	0.001	0.001
0.997	0.001	0.001	0.001
0.001	0.997	0.001	0.001
0.997	0.001	0.001	0.001
0.068	0.490	0.373	0.068
0.150	0.157	0.207	0.486
0.066	0.001	0.001	0.932
>TCTCAGGCAT	3-TCTCAGGCAT	9.669959	-125.250660	0	T:40.0(12.99%),B:87.4(0.20%),P:1e-54	Tpos:100.9,Tstd:33.3,Bpos:185.1,Bstd:217.9,StrandBias:0.4,Multiplicity:1.02
0.001	0.001	0.085	0.913
0.037	0.921	0.041	0.001
0.133	0.001	0.001	0.865
0.001	0.997	0.001	0.001
0.997	0.001	0.001	0.001
0.022	0.028	0.949	0.001
0.040	0.001	0.958	0.001
0.001	0.997	0.001	0.001
0.997	0.001	0.001	0.001
0.001	0.001	0.001	0.997
>TGCACACCAA	4-TGCACACCAA	3.935436	-68.953066	0	T:65.0(21.10%),B:1554.8(3.54%),P:1e-29	Tpos:108.0,Tstd:50.5,Bpos:246.3,Bstd:424.7,StrandBias:-0.5,Multiplicity:1.05
0.001	0.163	0.001	0.835
0.001	0.001	0.997	0.001
0.001	0.744	0.109	0.146
0.997	0.001	0.001	0.001
0.001	0.997	0.001	0.001
0.777	0.001	0.221	0.001
0.001	0.881	0.117	0.001
0.117	0.881	0.001	0.001
0.997	0.001	0.001	0.001
0.592	0.001	0.406	0.001
>GATTGAGTAT	5-GATTGAGTAT	10.296193	-64.578214	0	T:18.0(5.84%),B:22.1(0.05%),P:1e-28	Tpos:102.2,Tstd:61.8,Bpos:449.1,Bstd:440.2,StrandBias:0.3,Multiplicity:1.11
0.100	0.100	0.700	0.100
0.700	0.100	0.100	0.100
0.100	0.100	0.100	0.700
0.100	0.100	0.100	0.700
0.100	0.100	0.700	0.100
0.700	0.100	0.100	0.100
0.100	0.100	0.700	0.100
0.100	0.100	0.100	0.700
0.700	0.100	0.100	0.100
0.100	0.100	0.100	0.700
>TTGGTTAGTG	6-TTGGTTAGTG	10.296193	-58.765176	0	T:17.0(5.52%),B:25.5(0.06%),P:1e-25	Tpos:126.9,Tstd:46.8,Bpos:367.7,Bstd:395.8,StrandBias:0.3,Multiplicity:1.06
0.100	0.100	0.100	0.700
0.100	0.100	0.100	0.700
0.100	0.100	0.700	0.100
0.100	0.100	0.700	0.100
0.100	0.100	0.100	0.700
0.100	0.100	0.100	0.700
0.700	0.100	0.100	0.100
0.100	0.100	0.700	0.100
0.100	0.100	0.100	0.700
0.100	0.100	0.700	0.100
>GTCATGTGTA	7-GTCATGTGTA	10.296193	-58.241132	0	T:15.0(4.87%),B:12.1(0.03%),P:1e-25	Tpos:114.3,Tstd:67.0,Bpos:538.2,Bstd:459.6,StrandBias:0.0,Multiplicity:1.20
0.100	0.100	0.700	0.100
0.100	0.100	0.100	0.700
0.100	0.700	0.100	0.100
0.700	0.100	0.100	0.100
0.100	0.100	0.100	0.700
0.100	0.100	0.700	0.100
0.100	0.100	0.100	0.700
0.100	0.100	0.700	0.100
0.100	0.100	0.100	0.700
0.700	0.100	0.100	0.100
>TAAACCGCAA	8-TAAACCGCAA	10.296193	-56.705584	0	T:16.0(5.19%),B:21.6(0.05%),P:1e-24	Tpos:100.7,Tstd:51.0,Bpos:264.5,Bstd:256.7,StrandBias:-0.4,Multiplicity:1.00
0.100	0.100	0.100	0.700
0.700	0.100	0.100	0.100
0.700	0.100	0.100	0.100
0.700	0.100	0.100	0.100
0.100	0.700	0.100	0.100
0.100	0.700	0.100	0.100
0.100	0.100	0.700	0.100
0.100	0.700	0.100	0.100
0.700	0.100	0.100	0.100
0.700	0.100	0.100	0.100
>HATATGACTY	9-HATATGACTY	9.755064	-55.358374	0	T:19.0(6.17%),B:55.2(0.13%),P:1e-24	Tpos:130.1,Tstd:48.5,Bpos:406.5,Bstd:451.0,StrandBias:-0.2,Multiplicity:1.00
0.364	0.274	0.042	0.319
0.930	0.001	0.034	0.035
0.044	0.138	0.001	0.817
0.525	0.113	0.001	0.361
0.003	0.208	0.084	0.705
0.070	0.036	0.686	0.208
0.984	0.001	0.012	0.003
0.068	0.686	0.206	0.040
0.001	0.073	0.001	0.925
0.107	0.478	0.040	0.375
>TCCGTRTGAG	10-TCCGTRTGAG	9.223038	-54.967896	0	T:23.0(7.47%),B:121.2(0.28%),P:1e-23	Tpos:84.6,Tstd:41.1,Bpos:315.4,Bstd:408.1,StrandBias:0.2,Multiplicity:1.39
0.079	0.068	0.001	0.852
0.055	0.897	0.047	0.001
0.067	0.931	0.001	0.001
0.283	0.082	0.457	0.179
0.137	0.001	0.006	0.856
0.488	0.080	0.425	0.007
0.001	0.068	0.068	0.863
0.001	0.005	0.650	0.344
0.830	0.047	0.055	0.068
0.042	0.111	0.846	0.001
>TTTTAGAAGC	11-TTTTAGAAGC	9.678954	-54.453092	0	T:21.0(6.82%),B:88.3(0.20%),P:1e-23	Tpos:110.3,Tstd:57.3,Bpos:286.2,Bstd:365.6,StrandBias:-0.4,Multiplicity:1.10
0.149	0.067	0.001	0.783
0.017	0.217	0.306	0.460
0.079	0.045	0.026	0.850
0.191	0.046	0.226	0.537
0.925	0.001	0.045	0.029
0.163	0.043	0.701	0.093
0.877	0.028	0.045	0.050
0.753	0.001	0.049	0.197
0.022	0.202	0.753	0.023
0.279	0.683	0.001	0.037
>CTGTGAGGCA	12-CTGTGAGGCA	6.496395	-51.717512	0	T:19.0(6.17%),B:69.4(0.16%),P:1e-22	Tpos:96.8,Tstd:42.5,Bpos:162.5,Bstd:146.3,StrandBias:0.7,Multiplicity:1.00
0.001	0.997	0.001	0.001
0.001	0.001	0.206	0.792
0.001	0.001	0.774	0.224
0.001	0.001	0.001	0.997
0.001	0.183	0.815	0.001
0.997	0.001	0.001	0.001
0.001	0.001	0.997	0.001
0.001	0.001	0.997	0.001
0.001	0.997	0.001	0.001
0.997	0.001	0.001	0.001
>GYGTTCCAAG	13-GYGTTCCAAG	8.333588	-49.233790	0	T:36.0(11.69%),B:593.9(1.35%),P:1e-21	Tpos:103.8,Tstd:55.3,Bpos:219.4,Bstd:521.8,StrandBias:-0.2,Multiplicity:1.00
0.009	0.100	0.890	0.001
0.127	0.498	0.001	0.375
0.181	0.218	0.600	0.001
0.084	0.001	0.218	0.697
0.001	0.001	0.001	0.997
0.001	0.997	0.001	0.001
0.154	0.844	0.001	0.001
0.898	0.100	0.001	0.001
0.685	0.121	0.121	0.073
0.077	0.001	0.921	0.001
>TATTAGAGTC	14-TATTAGAGTC	11.132735	-43.748690	0	T:17.0(5.52%),B:74.2(0.17%),P:1e-18	Tpos:126.9,Tstd:63.5,Bpos:380.7,Bstd:447.4,StrandBias:0.0,Multiplicity:1.18
0.001	0.001	0.001	0.997
0.734	0.001	0.001	0.264
0.001	0.001	0.001	0.997
0.001	0.001	0.001	0.997
0.745	0.001	0.253	0.001
0.001	0.001	0.997	0.001
0.997	0.001	0.001	0.001
0.001	0.001	0.997	0.001
0.001	0.001	0.001	0.997
0.001	0.997	0.001	0.001
>TACACCATGA	15-TACACCATGA	12.180420	-41.559725	0	T:14.0(4.55%),B:39.5(0.09%),P:1e-18	Tpos:97.8,Tstd:54.3,Bpos:357.7,Bstd:440.2,StrandBias:-0.2,Multiplicity:1.07
0.001	0.001	0.001	0.997
0.997	0.001	0.001	0.001
0.001	0.997	0.001	0.001
0.997	0.001	0.001	0.001
0.001	0.997	0.001	0.001
0.001	0.997	0.001	0.001
0.997	0.001	0.001	0.001
0.001	0.001	0.001	0.997
0.001	0.191	0.807	0.001
0.997	0.001	0.001	0.001
>WCTTAGGCTT	16-WCTTAGGCTT	6.391583	-38.225165	0	T:19.0(6.17%),B:155.8(0.35%),P:1e-16	Tpos:94.2,Tstd:44.2,Bpos:253.0,Bstd:312.2,StrandBias:0.4,Multiplicity:1.11
0.539	0.001	0.001	0.459
0.001	0.997	0.001	0.001
0.001	0.001	0.001	0.997
0.001	0.001	0.001	0.997
0.583	0.001	0.001	0.415
0.001	0.001	0.997	0.001
0.001	0.001	0.997	0.001
0.001	0.997	0.001	0.001
0.001	0.001	0.001	0.997
0.001	0.001	0.001	0.997
>AACAAACCCA	17-AACAAACCCA	5.275848	-36.781572	0	T:157.0(50.97%),B:12490.9(28.46%),P:1e-15	Tpos:103.1,Tstd:57.9,Bpos:277.5,Bstd:383.0,StrandBias:0.0,Multiplicity:1.30
0.793	0.043	0.001	0.163
0.686	0.119	0.098	0.097
0.151	0.748	0.100	0.001
0.880	0.001	0.001	0.118
0.913	0.001	0.072	0.014
0.735	0.039	0.001	0.225
0.122	0.681	0.072	0.125
0.128	0.814	0.009	0.049
0.001	0.963	0.001	0.035
0.831	0.096	0.072	0.001
>TGTATGAGAA	18-TGTATGAGAA	7.211017	-36.626732	0	T:69.0(22.40%),B:3234.4(7.37%),P:1e-15	Tpos:89.8,Tstd:50.3,Bpos:356.8,Bstd:424.5,StrandBias:-0.3,Multiplicity:1.07
0.136	0.001	0.001	0.862
0.001	0.001	0.726	0.272
0.211	0.001	0.001	0.787
0.773	0.001	0.001	0.225
0.001	0.001	0.023	0.975
0.318	0.001	0.680	0.001
0.572	0.303	0.001	0.124
0.106	0.001	0.892	0.001
0.817	0.001	0.181	0.001
0.997	0.001	0.001	0.001
>TCYCTCTCTC	19-TCYCTCTCTC	0.011657	-31.913674	0	T:218.0(70.78%),B:21573.5(49.16%),P:1e-13	Tpos:101.3,Tstd:59.7,Bpos:211.9,Bstd:327.4,StrandBias:0.0,Multiplicity:1.57
0.321	0.026	0.174	0.479
0.016	0.619	0.343	0.022
0.001	0.424	0.001	0.574
0.013	0.742	0.001	0.244
0.001	0.001	0.001	0.997
0.329	0.656	0.014	0.001
0.001	0.001	0.001	0.997
0.001	0.668	0.330	0.001
0.001	0.001	0.001	0.997
0.001	0.997	0.001	0.001
>CCGGATCTTA	20-CCGGATCTTA	6.873522	-30.705090	0	T:11.0(3.57%),B:39.9(0.09%),P:1e-13	Tpos:80.0,Tstd:52.3,Bpos:253.3,Bstd:306.1,StrandBias:-0.5,Multiplicity:1.09
0.001	0.997	0.001	0.001
0.001	0.997	0.001	0.001
0.001	0.089	0.909	0.001
0.001	0.001	0.997	0.001
0.997	0.001	0.001	0.001
0.001	0.001	0.001	0.997
0.001	0.944	0.054	0.001
0.001	0.001	0.001	0.997
0.001	0.001	0.001	0.997
0.997	0.001	0.001	0.001
>TTCTGGGTAT	21-TTCTGGGTAT	8.465005	-28.630016	0	T:29.0(9.42%),B:752.9(1.72%),P:1e-12	Tpos:104.7,Tstd:53.1,Bpos:240.4,Bstd:471.4,StrandBias:0.4,Multiplicity:1.10
0.262	0.011	0.001	0.726
0.001	0.001	0.089	0.909
0.001	0.874	0.089	0.036
0.107	0.163	0.001	0.729
0.001	0.001	0.931	0.067
0.001	0.045	0.787	0.167
0.237	0.090	0.644	0.029
0.148	0.138	0.001	0.713
0.789	0.001	0.001	0.209
0.001	0.001	0.061	0.937
>AGGCGTAAGA	22-AGGCGTAAGA	10.296193	-26.525532	0	T:6.0(1.95%),B:2.2(0.00%),P:1e-11	Tpos:63.5,Tstd:16.2,Bpos:519.0,Bstd:429.9,StrandBias:2.3,Multiplicity:1.00
0.700	0.100	0.100	0.100
0.100	0.100	0.700	0.100
0.100	0.100	0.700	0.100
0.100	0.700	0.100	0.100
0.100	0.100	0.700	0.100
0.100	0.100	0.100	0.700
0.700	0.100	0.100	0.100
0.700	0.100	0.100	0.100
0.100	0.100	0.700	0.100
0.700	0.100	0.100	0.100
>CTCTATATYT	23-CTCTATATYT	0.424819	-20.344173	0	T:231.0(75.00%),B:25721.4(58.61%),P:1e-8	Tpos:95.3,Tstd:58.0,Bpos:385.2,Bstd:439.5,StrandBias:0.0,Multiplicity:1.64
0.001	0.761	0.001	0.237
0.001	0.001	0.001	0.997
0.165	0.833	0.001	0.001
0.001	0.001	0.172	0.826
0.570	0.034	0.365	0.031
0.001	0.001	0.001	0.997
0.729	0.204	0.001	0.066
0.001	0.001	0.001	0.997
0.165	0.364	0.001	0.469
0.364	0.001	0.001	0.634
>AAAAAAATTA	24-AAAAAAATTA	4.038617	-11.151220	0	T:225.0(73.05%),B:26996.2(61.52%),P:1e-4	Tpos:102.4,Tstd:61.7,Bpos:429.6,Bstd:458.4,StrandBias:0.0,Multiplicity:2.00
0.755	0.032	0.021	0.192
0.825	0.001	0.045	0.129
0.745	0.001	0.017	0.237
0.579	0.150	0.140	0.131
0.754	0.107	0.001	0.138
0.725	0.043	0.015	0.217
0.573	0.003	0.189	0.235
0.098	0.071	0.088	0.743
0.076	0.120	0.210	0.594
0.672	0.128	0.096	0.104
>AAAAAAAAAA	25-AAAAAAAAAA	9.629246	-1.981637	0	T:23.0(7.47%),B:2561.7(5.84%),P:1e0	Tpos:93.0,Tstd:59.2,Bpos:468.6,Bstd:445.1,StrandBias:3.1,Multiplicity:1.06
0.651	0.112	0.079	0.158
0.604	0.158	0.001	0.237
0.841	0.001	0.001	0.157
0.920	0.001	0.001	0.078
0.997	0.001	0.001	0.001
0.997	0.001	0.001	0.001
0.997	0.001	0.001	0.001
0.997	0.001	0.001	0.001
0.997	0.001	0.001	0.001
0.762	0.001	0.079	0.158
