>TYACTCGACC	1-TYACTCGACC	1.948610	-4628.498987	0	T:16821.0(87.37%),B:27085.8(50.00%),P:1e-2010	Tpos:357.1,Tstd:328.6,Bpos:419.3,Bstd:713.6,StrandBias:-0.0,Multiplicity:3.46
0.253	0.236	0.091	0.420
0.034	0.513	0.034	0.419
0.933	0.023	0.028	0.016
0.033	0.906	0.022	0.039
0.042	0.054	0.024	0.880
0.026	0.900	0.012	0.062
0.071	0.026	0.851	0.052
0.928	0.060	0.011	0.001
0.018	0.801	0.032	0.149
0.029	0.875	0.038	0.058
>TCGATCGACA	2-TCGATCGACA	-8.954051	-4429.506340	0	T:17701.0(91.94%),B:31273.2(57.73%),P:1e-1923	Tpos:362.5,Tstd:335.7,Bpos:415.2,Bstd:705.1,StrandBias:-0.0,Multiplicity:3.34
0.001	0.007	0.007	0.985
0.001	0.997	0.001	0.001
0.001	0.001	0.997	0.001
0.985	0.001	0.013	0.001
0.032	0.015	0.001	0.952
0.001	0.997	0.001	0.001
0.019	0.001	0.979	0.001
0.997	0.001	0.001	0.001
0.001	0.997	0.001	0.001
0.997	0.001	0.001	0.001
>GTCATGTGTA	3-GTCATGTGTA	3.254858	-4227.294862	0	T:16957.0(88.08%),B:28653.4(52.89%),P:1e-1835	Tpos:363.8,Tstd:338.6,Bpos:505.3,Bstd:765.4,StrandBias:0.0,Multiplicity:3.16
0.115	0.119	0.682	0.084
0.130	0.080	0.084	0.706
0.063	0.795	0.054	0.088
0.886	0.048	0.016	0.050
0.019	0.075	0.033	0.873
0.062	0.033	0.820	0.085
0.105	0.037	0.047	0.811
0.058	0.049	0.798	0.095
0.031	0.064	0.032	0.873
0.866	0.061	0.046	0.027
>TACMAAGYCA	4-TACMAAGYCA	1.244084	-4145.156609	0	T:18583.0(96.53%),B:36548.8(67.47%),P:1e-1800	Tpos:355.7,Tstd:328.9,Bpos:414.7,Bstd:701.5,StrandBias:-0.0,Multiplicity:3.19
0.001	0.151	0.001	0.847
0.622	0.001	0.001	0.376
0.248	0.750	0.001	0.001
0.555	0.441	0.001	0.003
0.997	0.001	0.001	0.001
0.959	0.001	0.001	0.039
0.001	0.324	0.674	0.001
0.076	0.443	0.076	0.405
0.192	0.680	0.075	0.053
0.923	0.001	0.001	0.075
>ATTTTTAAAT	5-ATTTTTAAAT	6.404373	-4093.711492	0	T:14338.0(74.48%),B:20102.5(37.11%),P:1e-1777	Tpos:369.9,Tstd:343.2,Bpos:618.3,Bstd:833.6,StrandBias:-0.0,Multiplicity:2.70
0.700	0.100	0.100	0.100
0.100	0.100	0.100	0.700
0.100	0.100	0.100	0.700
0.100	0.100	0.100	0.700
0.100	0.100	0.100	0.700
0.100	0.100	0.100	0.700
0.700	0.100	0.100	0.100
0.700	0.100	0.100	0.100
0.700	0.100	0.100	0.100
0.100	0.100	0.100	0.700
>ATACGAAAAA	6-ATACGAAAAA	-6.817538	-3848.882931	0	T:18860.0(97.96%),B:39116.8(72.21%),P:1e-1671	Tpos:351.3,Tstd:325.8,Bpos:389.9,Bstd:689.5,StrandBias:0.0,Multiplicity:3.17
0.997	0.001	0.001	0.001
0.001	0.001	0.127	0.871
0.997	0.001	0.001	0.001
0.001	0.997	0.001	0.001
0.001	0.001	0.997	0.001
0.997	0.001	0.001	0.001
0.997	0.001	0.001	0.001
0.932	0.001	0.001	0.066
0.708	0.001	0.290	0.001
0.820	0.178	0.001	0.001
>YTWCTKMKCT	7-YTWCTKMKCT	0.575156	-3692.308435	0	T:19016.0(98.77%),B:40697.7(75.13%),P:1e-1603	Tpos:357.8,Tstd:331.4,Bpos:376.7,Bstd:670.3,StrandBias:-0.0,Multiplicity:3.16
0.001	0.492	0.001	0.506
0.001	0.001	0.255	0.743
0.408	0.001	0.248	0.343
0.346	0.652	0.001	0.001
0.353	0.001	0.001	0.645
0.001	0.001	0.459	0.539
0.523	0.475	0.001	0.001
0.129	0.222	0.380	0.268
0.121	0.877	0.001	0.001
0.001	0.001	0.114	0.884
>WATATWATWT	8-WATATWATWT	4.116283	-3520.386227	0	T:17580.0(91.32%),B:33217.5(61.32%),P:1e-1528	Tpos:370.2,Tstd:341.6,Bpos:609.1,Bstd:823.3,StrandBias:-0.0,Multiplicity:4.58
0.412	0.064	0.023	0.501
0.704	0.076	0.001	0.219
0.328	0.038	0.001	0.633
0.921	0.001	0.001	0.077
0.145	0.113	0.075	0.667
0.373	0.068	0.042	0.517
0.699	0.070	0.001	0.230
0.180	0.004	0.005	0.811
0.549	0.001	0.007	0.443
0.205	0.001	0.045	0.749
>ACGCTTCTAG	9-ACGCTTCTAG	-14.334749	-2679.368813	0	T:19215.0(99.81%),B:45404.7(83.82%),P:1e-1163	Tpos:357.8,Tstd:330.6,Bpos:370.6,Bstd:665.0,StrandBias:0.0,Multiplicity:3.30
0.576	0.001	0.422	0.001
0.001	0.997	0.001	0.001
0.001	0.001	0.997	0.001
0.246	0.479	0.275	0.001
0.001	0.001	0.001	0.997
0.001	0.001	0.001	0.997
0.001	0.997	0.001	0.001
0.001	0.001	0.001	0.997
0.997	0.001	0.001	0.001
0.001	0.001	0.997	0.001
>AAATGCAGTA	10-AAATGCAGTA	-8.858619	-2437.823052	0	T:19222.0(99.84%),B:46188.5(85.26%),P:1e-1058	Tpos:356.7,Tstd:334.0,Bpos:406.5,Bstd:698.8,StrandBias:-0.0,Multiplicity:3.31
0.754	0.001	0.001	0.244
0.997	0.001	0.001	0.001
0.940	0.058	0.001	0.001
0.001	0.001	0.001	0.997
0.001	0.001	0.997	0.001
0.001	0.997	0.001	0.001
0.997	0.001	0.001	0.001
0.001	0.244	0.754	0.001
0.207	0.001	0.001	0.791
0.754	0.244	0.001	0.001
>GAAGGAACAG	11-GAAGGAACAG	-13.798166	-1374.970434	0	T:19250.0(99.99%),B:49766.7(91.87%),P:1e-597	Tpos:354.6,Tstd:330.1,Bpos:352.7,Bstd:652.7,StrandBias:0.0,Multiplicity:3.21
0.001	0.001	0.997	0.001
0.993	0.001	0.005	0.001
0.993	0.001	0.005	0.001
0.005	0.001	0.993	0.001
0.005	0.001	0.993	0.001
0.997	0.001	0.001	0.001
0.997	0.001	0.001	0.001
0.001	0.993	0.005	0.001
0.997	0.001	0.001	0.001
0.001	0.001	0.997	0.001
>YCKTTCTBCT	12-YCKTTCTBCT	-2.166663	-453.888617	0	T:19252.0(100.00%),B:52695.3(97.28%),P:1e-197	Tpos:354.7,Tstd:330.4,Bpos:387.4,Bstd:681.6,StrandBias:-0.0,Multiplicity:3.15
0.202	0.438	0.001	0.359
0.101	0.897	0.001	0.001
0.102	0.055	0.368	0.475
0.281	0.001	0.133	0.585
0.101	0.055	0.001	0.843
0.110	0.525	0.364	0.001
0.032	0.157	0.272	0.539
0.001	0.313	0.272	0.414
0.101	0.897	0.001	0.001
0.001	0.001	0.313	0.685
>TTATAATATA	13-TTATAATATA	0.000000	-104.590009	0	T:19252.0(100.00%),B:53828.0(99.37%),P:1e-45
0.100	0.100	0.100	0.700
0.100	0.100	0.100	0.700
0.700	0.100	0.100	0.100
0.100	0.100	0.100	0.700
0.700	0.100	0.100	0.100
0.700	0.100	0.100	0.100
0.100	0.100	0.100	0.700
0.700	0.100	0.100	0.100
0.100	0.100	0.100	0.700
0.700	0.100	0.100	0.100
>AGGGTCCCAA	14-AGGGTCCCAA	-21.799534	-72.511800	0	T:19252.0(100.00%),B:53932.5(99.56%),P:1e-31	Tpos:356.6,Tstd:332.5,Bpos:402.2,Bstd:703.9,StrandBias:-0.0,Multiplicity:2.93
0.589	0.001	0.001	0.409
0.001	0.001	0.606	0.392
0.001	0.001	0.997	0.001
0.001	0.001	0.997	0.001
0.001	0.001	0.001	0.997
0.001	0.997	0.001	0.001
0.001	0.589	0.409	0.001
0.001	0.997	0.001	0.001
0.802	0.196	0.001	0.001
0.606	0.392	0.001	0.001
>TTCTAAAAAA	15-TTCTAAAAAA	0.000000	-46.887961	0	T:19252.0(100.00%),B:54016.2(99.72%),P:1e-20
0.100	0.100	0.100	0.700
0.100	0.100	0.100	0.700
0.100	0.700	0.100	0.100
0.100	0.100	0.100	0.700
0.700	0.100	0.100	0.100
0.700	0.100	0.100	0.100
0.700	0.100	0.100	0.100
0.700	0.100	0.100	0.100
0.700	0.100	0.100	0.100
0.700	0.100	0.100	0.100
>TTTGAAAAAA	16-TTTGAAAAAA	0.000000	-41.401606	0	T:19252.0(100.00%),B:54034.5(99.75%),P:1e-17
0.100	0.100	0.100	0.700
0.100	0.100	0.100	0.700
0.100	0.100	0.100	0.700
0.100	0.100	0.700	0.100
0.700	0.100	0.100	0.100
0.700	0.100	0.100	0.100
0.700	0.100	0.100	0.100
0.700	0.100	0.100	0.100
0.700	0.100	0.100	0.100
0.700	0.100	0.100	0.100
>AAAAATTAAC	17-AAAAATTAAC	0.000000	-31.347381	0	T:19252.0(100.00%),B:54067.2(99.81%),P:1e-13
0.700	0.100	0.100	0.100
0.700	0.100	0.100	0.100
0.700	0.100	0.100	0.100
0.700	0.100	0.100	0.100
0.700	0.100	0.100	0.100
0.100	0.100	0.100	0.700
0.100	0.100	0.100	0.700
0.700	0.100	0.100	0.100
0.700	0.100	0.100	0.100
0.100	0.700	0.100	0.100
>AATAATCAAA	18-AATAATCAAA	0.000000	-24.647503	0	T:19252.0(100.00%),B:54089.3(99.85%),P:1e-10
0.700	0.100	0.100	0.100
0.700	0.100	0.100	0.100
0.100	0.100	0.100	0.700
0.700	0.100	0.100	0.100
0.700	0.100	0.100	0.100
0.100	0.100	0.100	0.700
0.100	0.700	0.100	0.100
0.700	0.100	0.100	0.100
0.700	0.100	0.100	0.100
0.700	0.100	0.100	0.100
>ACACTAACCA	19-ACACTAACCA	0.000000	-17.036855	0	T:19252.0(100.00%),B:54114.9(99.90%),P:1e-7
0.700	0.100	0.100	0.100
0.100	0.700	0.100	0.100
0.700	0.100	0.100	0.100
0.100	0.700	0.100	0.100
0.100	0.100	0.100	0.700
0.700	0.100	0.100	0.100
0.700	0.100	0.100	0.100
0.100	0.700	0.100	0.100
0.100	0.700	0.100	0.100
0.700	0.100	0.100	0.100
>AAAAAGAAAA	20-AAAAAGAAAA	-1.379268	-0.912304	0	T:19252.0(100.00%),B:54167.4(99.99%),P:1e0	Tpos:356.8,Tstd:332.6,Bpos:437.8,Bstd:723.3,StrandBias:-0.0,Multiplicity:2.82
0.700	0.100	0.100	0.100
0.700	0.100	0.100	0.100
0.700	0.100	0.100	0.100
0.700	0.100	0.100	0.100
0.700	0.100	0.100	0.100
0.100	0.100	0.700	0.100
0.700	0.100	0.100	0.100
0.700	0.100	0.100	0.100
0.700	0.100	0.100	0.100
0.700	0.100	0.100	0.100
>NNNNNNNNNN	21-NNNNNNNNNN	-nan	0.000000	0	T:0.0(0.00%),B:0.0(0.00%),P:1e0	Tpos:0.0,Tstd:0.0,Bpos:0.0,Bstd:0.0,StrandBias:0.0,Multiplicity:1.00
-nan	-nan	-nan	-nan
-nan	-nan	-nan	-nan
-nan	-nan	-nan	-nan
-nan	-nan	-nan	-nan
-nan	-nan	-nan	-nan
-nan	-nan	-nan	-nan
-nan	-nan	-nan	-nan
-nan	-nan	-nan	-nan
-nan	-nan	-nan	-nan
-nan	-nan	-nan	-nan
>NNNNNNNNNN	22-NNNNNNNNNN	-nan	0.000000	0	T:0.0(0.00%),B:0.0(0.00%),P:1e0	Tpos:0.0,Tstd:0.0,Bpos:0.0,Bstd:0.0,StrandBias:0.0,Multiplicity:1.00
-nan	-nan	-nan	-nan
-nan	-nan	-nan	-nan
-nan	-nan	-nan	-nan
-nan	-nan	-nan	-nan
-nan	-nan	-nan	-nan
-nan	-nan	-nan	-nan
-nan	-nan	-nan	-nan
-nan	-nan	-nan	-nan
-nan	-nan	-nan	-nan
-nan	-nan	-nan	-nan
>NNNNNNNNNN	23-NNNNNNNNNN	-nan	0.000000	0	T:0.0(0.00%),B:0.0(0.00%),P:1e0	Tpos:0.0,Tstd:0.0,Bpos:0.0,Bstd:0.0,StrandBias:0.0,Multiplicity:1.00
-nan	-nan	-nan	-nan
-nan	-nan	-nan	-nan
-nan	-nan	-nan	-nan
-nan	-nan	-nan	-nan
-nan	-nan	-nan	-nan
-nan	-nan	-nan	-nan
-nan	-nan	-nan	-nan
-nan	-nan	-nan	-nan
-nan	-nan	-nan	-nan
-nan	-nan	-nan	-nan
>NNNNNNNNNN	24-NNNNNNNNNN	-nan	0.000000	0	T:0.0(0.00%),B:0.0(0.00%),P:1e0	Tpos:0.0,Tstd:0.0,Bpos:0.0,Bstd:0.0,StrandBias:0.0,Multiplicity:1.00
-nan	-nan	-nan	-nan
-nan	-nan	-nan	-nan
-nan	-nan	-nan	-nan
-nan	-nan	-nan	-nan
-nan	-nan	-nan	-nan
-nan	-nan	-nan	-nan
-nan	-nan	-nan	-nan
-nan	-nan	-nan	-nan
-nan	-nan	-nan	-nan
-nan	-nan	-nan	-nan
>CCGCAHDGAC	25-CCGCAHDGAC	-42.922245	0.000000	0	T:19252.0(100.00%),B:54170.6(100.00%),P:1e0	Tpos:353.3,Tstd:325.8,Bpos:377.2,Bstd:691.8,StrandBias:-0.0,Multiplicity:1.37
0.001	0.997	0.001	0.001
0.001	0.997	0.001	0.001
0.323	0.001	0.675	0.001
0.001	0.675	0.001	0.323
0.675	0.001	0.323	0.001
0.352	0.324	0.001	0.324
0.324	0.001	0.324	0.352
0.001	0.001	0.997	0.001
0.675	0.001	0.323	0.001
0.001	0.675	0.001	0.323
>ACCAACCAAGCT	1-ACCAACCAAGCT	-7.938820	-4595.988084	0	T:17429.0(90.53%),B:29642.9(54.72%),P:1e-1995	Tpos:359.0,Tstd:330.1,Bpos:440.0,Bstd:713.4,StrandBias:-0.0,Multiplicity:3.35
0.997	0.001	0.001	0.001
0.001	0.997	0.001	0.001
0.079	0.576	0.001	0.344
0.997	0.001	0.001	0.001
0.701	0.001	0.001	0.297
0.001	0.997	0.001	0.001
0.265	0.733	0.001	0.001
0.997	0.001	0.001	0.001
0.997	0.001	0.001	0.001
0.001	0.201	0.797	0.001
0.001	0.997	0.001	0.001
0.001	0.001	0.001	0.997
>CATACACATGAC	2-CATACACATGAC	-6.227875	-4467.703962	0	T:17614.0(91.49%),B:30782.5(56.83%),P:1e-1940	Tpos:362.0,Tstd:335.8,Bpos:480.6,Bstd:749.0,StrandBias:-0.0,Multiplicity:3.27
0.001	0.997	0.001	0.001
0.982	0.016	0.001	0.001
0.001	0.001	0.001	0.997
0.965	0.017	0.017	0.001
0.017	0.934	0.017	0.032
0.965	0.017	0.017	0.001
0.020	0.955	0.017	0.008
0.997	0.001	0.001	0.001
0.017	0.017	0.001	0.965
0.017	0.034	0.915	0.034
0.982	0.016	0.001	0.001
0.019	0.963	0.017	0.001
>GTCGATCGACAC	3-GTCGATCGACAC	-7.302033	-4400.170601	0	T:16666.0(86.57%),B:27072.1(49.98%),P:1e-1910	Tpos:360.9,Tstd:331.9,Bpos:438.1,Bstd:721.5,StrandBias:0.0,Multiplicity:3.30
0.032	0.004	0.963	0.001
0.004	0.001	0.001	0.994
0.004	0.963	0.001	0.032
0.015	0.001	0.983	0.001
0.939	0.005	0.037	0.019
0.019	0.037	0.005	0.939
0.001	0.966	0.001	0.032
0.046	0.001	0.949	0.004
0.994	0.001	0.001	0.004
0.001	0.963	0.004	0.032
0.994	0.001	0.004	0.001
0.028	0.893	0.023	0.056
>TGTCGMBCGAWT	4-TGTCGMBCGAWT	2.237279	-4396.999105	0	T:18264.0(94.87%),B:34101.3(62.95%),P:1e-1909	Tpos:355.8,Tstd:328.3,Bpos:354.2,Bstd:658.1,StrandBias:-0.0,Multiplicity:3.48
0.106	0.181	0.130	0.583
0.104	0.081	0.706	0.109
0.169	0.143	0.195	0.492
0.068	0.733	0.145	0.054
0.029	0.056	0.833	0.082
0.468	0.336	0.091	0.106
0.156	0.219	0.361	0.264
0.069	0.733	0.157	0.041
0.054	0.133	0.732	0.081
0.466	0.143	0.285	0.106
0.430	0.017	0.180	0.373
0.001	0.275	0.263	0.461
>AGCCAAAGTCTS	5-AGCCAAAGTCTS	0.534005	-4010.041285	0	T:18852.0(97.92%),B:38625.3(71.30%),P:1e-1741	Tpos:353.9,Tstd:327.4,Bpos:407.2,Bstd:700.0,StrandBias:-0.0,Multiplicity:3.11
0.997	0.001	0.001	0.001
0.015	0.015	0.969	0.001
0.063	0.806	0.017	0.114
0.212	0.738	0.016	0.034
0.953	0.001	0.031	0.015
0.969	0.015	0.015	0.001
0.997	0.001	0.001	0.001
0.081	0.063	0.682	0.174
0.332	0.001	0.001	0.666
0.063	0.691	0.072	0.174
0.153	0.273	0.097	0.478
0.112	0.332	0.429	0.127
>TAATTWTAWAAW	6-TAATTWTAWAAW	-1.718657	-3963.522799	0	T:17004.0(88.32%),B:29549.0(54.55%),P:1e-1721	Tpos:375.1,Tstd:346.7,Bpos:639.3,Bstd:839.9,StrandBias:0.0,Multiplicity:4.52
0.334	0.001	0.169	0.496
0.997	0.001	0.001	0.001
0.997	0.001	0.001	0.001
0.001	0.001	0.001	0.997
0.399	0.001	0.001	0.599
0.517	0.001	0.001	0.481
0.313	0.001	0.001	0.685
0.997	0.001	0.001	0.001
0.520	0.001	0.001	0.478
0.997	0.001	0.001	0.001
0.614	0.001	0.001	0.384
0.518	0.001	0.001	0.480
>ACACGCCCYCTC	7-ACACGCCCYCTC	-10.663460	-3759.201552	0	T:19087.0(99.14%),B:41107.3(75.88%),P:1e-1632	Tpos:353.6,Tstd:326.6,Bpos:360.5,Bstd:664.0,StrandBias:-0.0,Multiplicity:3.29
0.997	0.001	0.001	0.001
0.327	0.671	0.001	0.001
0.507	0.001	0.328	0.164
0.001	0.997	0.001	0.001
0.001	0.001	0.835	0.163
0.001	0.997	0.001	0.001
0.001	0.835	0.001	0.163
0.001	0.997	0.001	0.001
0.164	0.343	0.001	0.492
0.001	0.997	0.001	0.001
0.001	0.001	0.001	0.997
0.328	0.507	0.001	0.164
>RTKAYAARTASA	8-RTKAYAARTASA	2.584155	-2261.419337	0	T:19231.0(99.89%),B:46820.2(86.43%),P:1e-982	Tpos:360.1,Tstd:335.1,Bpos:459.7,Bstd:739.8,StrandBias:0.0,Multiplicity:3.22
0.418	0.093	0.389	0.100
0.197	0.003	0.088	0.712
0.123	0.010	0.502	0.365
0.614	0.093	0.108	0.185
0.117	0.455	0.003	0.425
0.597	0.100	0.293	0.010
0.556	0.133	0.200	0.111
0.500	0.082	0.405	0.013
0.006	0.001	0.329	0.664
0.638	0.001	0.358	0.003
0.183	0.395	0.332	0.090
0.622	0.225	0.003	0.150
>TCAKAATTGYCC	9-TCAKAATTGYCC	-10.071703	-1205.917232	0	T:19252.0(100.00%),B:50327.6(92.91%),P:1e-523	Tpos:356.7,Tstd:332.3,Bpos:399.0,Bstd:687.5,StrandBias:-0.0,Multiplicity:3.14
0.001	0.163	0.001	0.835
0.001	0.835	0.001	0.163
0.997	0.001	0.001	0.001
0.001	0.001	0.503	0.495
0.997	0.001	0.001	0.001
0.537	0.271	0.001	0.191
0.001	0.164	0.164	0.671
0.001	0.001	0.001	0.997
0.001	0.001	0.997	0.001
0.001	0.425	0.180	0.394
0.001	0.749	0.001	0.249
0.001	0.763	0.001	0.235
>WCCGAATATGWC	10-WCCGAATATGWC	-11.440650	-358.215424	0	T:19252.0(100.00%),B:53003.7(97.85%),P:1e-155	Tpos:356.7,Tstd:332.9,Bpos:373.0,Bstd:674.8,StrandBias:0.0,Multiplicity:3.09
0.349	0.001	0.244	0.406
0.001	0.882	0.001	0.116
0.001	0.882	0.001	0.116
0.001	0.001	0.997	0.001
0.650	0.116	0.233	0.001
0.523	0.360	0.116	0.001
0.001	0.001	0.172	0.826
0.997	0.001	0.001	0.001
0.001	0.233	0.116	0.650
0.001	0.001	0.997	0.001
0.533	0.001	0.001	0.465
0.117	0.477	0.117	0.290
>AATATTTTAAAA	11-AATATTTTAAAA	0.000000	-208.833485	0	T:19252.0(100.00%),B:53487.7(98.74%),P:1e-90
0.700	0.100	0.100	0.100
0.700	0.100	0.100	0.100
0.100	0.100	0.100	0.700
0.700	0.100	0.100	0.100
0.100	0.100	0.100	0.700
0.100	0.100	0.100	0.700
0.100	0.100	0.100	0.700
0.100	0.100	0.100	0.700
0.700	0.100	0.100	0.100
0.700	0.100	0.100	0.100
0.700	0.100	0.100	0.100
0.700	0.100	0.100	0.100
>CTTGTTAGAAGA	12-CTTGTTAGAAGA	0.000000	-156.027451	0	T:19252.0(100.00%),B:53659.3(99.06%),P:1e-67
0.100	0.700	0.100	0.100
0.100	0.100	0.100	0.700
0.100	0.100	0.100	0.700
0.100	0.100	0.700	0.100
0.100	0.100	0.100	0.700
0.100	0.100	0.100	0.700
0.700	0.100	0.100	0.100
0.100	0.100	0.700	0.100
0.700	0.100	0.100	0.100
0.700	0.100	0.100	0.100
0.100	0.100	0.700	0.100
0.700	0.100	0.100	0.100
>TCAGAAGTCACT	13-TCAGAAGTCACT	0.000000	-136.722175	0	T:19252.0(100.00%),B:53722.6(99.17%),P:1e-59
0.100	0.100	0.100	0.700
0.100	0.700	0.100	0.100
0.700	0.100	0.100	0.100
0.100	0.100	0.700	0.100
0.700	0.100	0.100	0.100
0.700	0.100	0.100	0.100
0.100	0.100	0.700	0.100
0.100	0.100	0.100	0.700
0.100	0.700	0.100	0.100
0.700	0.100	0.100	0.100
0.100	0.700	0.100	0.100
0.100	0.100	0.100	0.700
>AAAAAAATCTTC	14-AAAAAAATCTTC	0.000000	-128.148311	0	T:19252.0(100.00%),B:53750.1(99.22%),P:1e-55
0.700	0.100	0.100	0.100
0.700	0.100	0.100	0.100
0.700	0.100	0.100	0.100
0.700	0.100	0.100	0.100
0.700	0.100	0.100	0.100
0.700	0.100	0.100	0.100
0.700	0.100	0.100	0.100
0.100	0.100	0.100	0.700
0.100	0.700	0.100	0.100
0.100	0.100	0.100	0.700
0.100	0.100	0.100	0.700
0.100	0.700	0.100	0.100
>AATGGATGCTCA	15-AATGGATGCTCA	0.000000	-118.354320	0	T:19252.0(100.00%),B:53782.6(99.28%),P:1e-51
0.700	0.100	0.100	0.100
0.700	0.100	0.100	0.100
0.100	0.100	0.100	0.700
0.100	0.100	0.700	0.100
0.100	0.100	0.700	0.100
0.700	0.100	0.100	0.100
0.100	0.100	0.100	0.700
0.100	0.100	0.700	0.100
0.100	0.700	0.100	0.100
0.100	0.100	0.100	0.700
0.100	0.700	0.100	0.100
0.700	0.100	0.100	0.100
>TAACCAACCTTC	16-TAACCAACCTTC	0.000000	-116.518505	0	T:19252.0(100.00%),B:53789.0(99.30%),P:1e-50
0.100	0.100	0.100	0.700
0.700	0.100	0.100	0.100
0.700	0.100	0.100	0.100
0.100	0.700	0.100	0.100
0.100	0.700	0.100	0.100
0.700	0.100	0.100	0.100
0.700	0.100	0.100	0.100
0.100	0.700	0.100	0.100
0.100	0.700	0.100	0.100
0.100	0.100	0.100	0.700
0.100	0.100	0.100	0.700
0.100	0.700	0.100	0.100
>TCTTTCTCTCTT	17-TCTTTCTCTCTT	0.000000	-106.424677	0	T:19252.0(100.00%),B:53821.6(99.36%),P:1e-46
0.100	0.100	0.100	0.700
0.100	0.700	0.100	0.100
0.100	0.100	0.100	0.700
0.100	0.100	0.100	0.700
0.100	0.100	0.100	0.700
0.100	0.700	0.100	0.100
0.100	0.100	0.100	0.700
0.100	0.700	0.100	0.100
0.100	0.100	0.100	0.700
0.100	0.700	0.100	0.100
0.100	0.100	0.100	0.700
0.100	0.100	0.100	0.700
>GGATGCTCAAAA	18-GGATGCTCAAAA	0.000000	-100.309801	0	T:19252.0(100.00%),B:53842.0(99.39%),P:1e-43
0.100	0.100	0.700	0.100
0.100	0.100	0.700	0.100
0.700	0.100	0.100	0.100
0.100	0.100	0.100	0.700
0.100	0.100	0.700	0.100
0.100	0.700	0.100	0.100
0.100	0.100	0.100	0.700
0.100	0.700	0.100	0.100
0.700	0.100	0.100	0.100
0.700	0.100	0.100	0.100
0.700	0.100	0.100	0.100
0.700	0.100	0.100	0.100
>TTGACCAAAAAA	19-TTGACCAAAAAA	0.000000	-91.141154	0	T:19252.0(100.00%),B:53871.9(99.45%),P:1e-39
0.100	0.100	0.100	0.700
0.100	0.100	0.100	0.700
0.100	0.100	0.700	0.100
0.700	0.100	0.100	0.100
0.100	0.700	0.100	0.100
0.100	0.700	0.100	0.100
0.700	0.100	0.100	0.100
0.700	0.100	0.100	0.100
0.700	0.100	0.100	0.100
0.700	0.100	0.100	0.100
0.700	0.100	0.100	0.100
0.700	0.100	0.100	0.100
>TGACTTCTGATC	20-TGACTTCTGATC	0.000000	-90.530068	0	T:19252.0(100.00%),B:53874.0(99.45%),P:1e-39
0.100	0.100	0.100	0.700
0.100	0.100	0.700	0.100
0.700	0.100	0.100	0.100
0.100	0.700	0.100	0.100
0.100	0.100	0.100	0.700
0.100	0.100	0.100	0.700
0.100	0.700	0.100	0.100
0.100	0.100	0.100	0.700
0.100	0.100	0.700	0.100
0.700	0.100	0.100	0.100
0.100	0.100	0.100	0.700
0.100	0.700	0.100	0.100
>CATATTTGACTC	21-CATATTTGACTC	0.000000	-78.007097	0	T:19252.0(100.00%),B:53914.7(99.53%),P:1e-33
0.100	0.700	0.100	0.100
0.700	0.100	0.100	0.100
0.100	0.100	0.100	0.700
0.700	0.100	0.100	0.100
0.100	0.100	0.100	0.700
0.100	0.100	0.100	0.700
0.100	0.100	0.100	0.700
0.100	0.100	0.700	0.100
0.700	0.100	0.100	0.100
0.100	0.700	0.100	0.100
0.100	0.100	0.100	0.700
0.100	0.700	0.100	0.100
>CTAGTCATATTT	22-CTAGTCATATTT	0.000000	-73.427573	0	T:19252.0(100.00%),B:53929.2(99.55%),P:1e-31
0.100	0.700	0.100	0.100
0.100	0.100	0.100	0.700
0.700	0.100	0.100	0.100
0.100	0.100	0.700	0.100
0.100	0.100	0.100	0.700
0.100	0.700	0.100	0.100
0.700	0.100	0.100	0.100
0.100	0.100	0.100	0.700
0.700	0.100	0.100	0.100
0.100	0.100	0.100	0.700
0.100	0.100	0.100	0.700
0.100	0.100	0.100	0.700
>AAMAGWAAAGAA	23-AAMAGWAAAGAA	-4.414448	-7.299649	0	T:19252.0(100.00%),B:54146.8(99.96%),P:1e-3	Tpos:355.2,Tstd:331.1,Bpos:420.5,Bstd:720.2,StrandBias:0.0,Multiplicity:2.71
0.630	0.174	0.016	0.180
0.709	0.169	0.001	0.121
0.479	0.336	0.174	0.011
0.562	0.411	0.016	0.011
0.110	0.231	0.658	0.001
0.479	0.001	0.069	0.451
0.973	0.011	0.011	0.005
0.858	0.016	0.011	0.115
0.689	0.137	0.115	0.059
0.054	0.115	0.605	0.226
0.748	0.131	0.011	0.110
0.737	0.011	0.142	0.110
>AADDHCCTVTTA	24-AADDHCCTVTTA	-43.541431	0.000000	0	T:19252.0(100.00%),B:54170.6(100.00%),P:1e0	Tpos:351.7,Tstd:331.5,Bpos:376.2,Bstd:670.1,StrandBias:-0.0,Multiplicity:1.95
0.997	0.001	0.001	0.001
0.859	0.001	0.001	0.139
0.337	0.047	0.372	0.244
0.418	0.001	0.290	0.290
0.372	0.244	0.140	0.244
0.001	0.754	0.244	0.001
0.244	0.534	0.221	0.001
0.244	0.001	0.001	0.754
0.337	0.244	0.291	0.128
0.127	0.001	0.001	0.871
0.001	0.001	0.001	0.997
0.997	0.001	0.001	0.001
>AAGCCAAAGACT	25-AAGCCAAAGACT	-5.157759	0.000000	0	T:19252.0(100.00%),B:54170.6(100.00%),P:1e0	Tpos:313.4,Tstd:213.4,Bpos:1458.5,Bstd:1486.4,StrandBias:-0.6,Multiplicity:1.00
0.700	0.100	0.100	0.100
0.700	0.100	0.100	0.100
0.100	0.100	0.700	0.100
0.100	0.700	0.100	0.100
0.100	0.700	0.100	0.100
0.700	0.100	0.100	0.100
0.700	0.100	0.100	0.100
0.700	0.100	0.100	0.100
0.100	0.100	0.700	0.100
0.700	0.100	0.100	0.100
0.100	0.700	0.100	0.100
0.100	0.100	0.100	0.700
>AAAGTCAA	1-AAAGTCAA	-2.882896	-4655.689320	0	T:17725.0(92.07%),B:30798.3(56.85%),P:1e-2021	Tpos:354.3,Tstd:327.4,Bpos:473.9,Bstd:750.6,StrandBias:-0.0,Multiplicity:3.59
0.803	0.001	0.001	0.195
0.867	0.001	0.001	0.131
0.997	0.001	0.001	0.001
0.001	0.001	0.997	0.001
0.001	0.001	0.001	0.997
0.001	0.997	0.001	0.001
0.997	0.001	0.001	0.001
0.997	0.001	0.001	0.001
>GGTCGAGT	2-GGTCGAGT	-4.572761	-4354.558704	0	T:18283.0(94.97%),B:34313.4(63.34%),P:1e-1891	Tpos:357.1,Tstd:329.5,Bpos:399.8,Bstd:698.8,StrandBias:0.0,Multiplicity:5.31
0.001	0.001	0.997	0.001
0.160	0.001	0.838	0.001
0.001	0.001	0.001	0.997
0.001	0.997	0.001	0.001
0.001	0.001	0.997	0.001
0.997	0.001	0.001	0.001
0.001	0.001	0.997	0.001
0.001	0.001	0.001	0.997
>TTTAAAAA	3-TTTAAAAA	1.425642	-4281.677952	0	T:16854.0(87.54%),B:28105.0(51.88%),P:1e-1859	Tpos:370.2,Tstd:344.2,Bpos:600.8,Bstd:823.2,StrandBias:0.0,Multiplicity:3.98
0.001	0.001	0.001	0.997
0.001	0.001	0.001	0.997
0.144	0.001	0.001	0.854
0.787	0.001	0.001	0.211
0.997	0.001	0.001	0.001
0.997	0.001	0.001	0.001
0.722	0.001	0.001	0.276
0.618	0.074	0.001	0.307
>TATTMGAA	4-TATTMGAA	3.074418	-4049.888878	0	T:18569.0(96.45%),B:36721.0(67.79%),P:1e-1758	Tpos:358.7,Tstd:331.0,Bpos:434.9,Bstd:713.5,StrandBias:-0.0,Multiplicity:3.14
0.003	0.040	0.089	0.868
0.861	0.014	0.124	0.001
0.001	0.106	0.343	0.550
0.001	0.084	0.101	0.814
0.536	0.445	0.018	0.001
0.001	0.131	0.725	0.143
0.475	0.236	0.097	0.191
0.881	0.048	0.001	0.070
>TAGGTAGG	5-TAGGTAGG	-6.691238	-3905.993439	0	T:18978.0(98.58%),B:39820.4(73.51%),P:1e-1696	Tpos:359.8,Tstd:334.2,Bpos:415.9,Bstd:700.7,StrandBias:0.0,Multiplicity:3.64
0.001	0.023	0.001	0.975
0.997	0.001	0.001	0.001
0.001	0.133	0.865	0.001
0.001	0.001	0.997	0.001
0.001	0.001	0.001	0.997
0.997	0.001	0.001	0.001
0.001	0.001	0.961	0.037
0.001	0.001	0.997	0.001
>GTCCGCGT	6-GTCCGCGT	-5.523503	-3829.260090	0	T:18936.0(98.36%),B:39712.1(73.31%),P:1e-1663	Tpos:355.6,Tstd:329.6,Bpos:322.2,Bstd:619.7,StrandBias:0.0,Multiplicity:3.69
0.001	0.001	0.997	0.001
0.001	0.001	0.399	0.599
0.001	0.877	0.121	0.001
0.336	0.525	0.138	0.001
0.001	0.116	0.882	0.001
0.001	0.997	0.001	0.001
0.312	0.001	0.686	0.001
0.001	0.001	0.288	0.710
>AWAWTATW	7-AWAWTATW	3.723056	-3742.755237	0	T:17380.0(90.28%),B:31715.9(58.55%),P:1e-1625	Tpos:370.4,Tstd:343.1,Bpos:608.2,Bstd:834.2,StrandBias:-0.0,Multiplicity:3.75
0.828	0.041	0.021	0.110
0.537	0.001	0.001	0.461
0.877	0.001	0.001	0.121
0.452	0.025	0.039	0.484
0.079	0.001	0.001	0.919
0.841	0.001	0.001	0.157
0.108	0.001	0.012	0.879
0.443	0.001	0.020	0.536
>TATACAAT	8-TATACAAT	3.053726	-3605.834714	0	T:18394.0(95.54%),B:36950.9(68.21%),P:1e-1565	Tpos:362.0,Tstd:336.3,Bpos:473.5,Bstd:741.8,StrandBias:0.0,Multiplicity:3.28
0.001	0.191	0.001	0.807
0.903	0.001	0.095	0.001
0.001	0.001	0.090	0.908
0.542	0.001	0.197	0.260
0.382	0.616	0.001	0.001
0.911	0.003	0.001	0.085
0.483	0.166	0.091	0.260
0.001	0.001	0.228	0.770
>CAGAACAA	9-CAGAACAA	-2.743184	-3360.046348	0	T:19009.0(98.74%),B:41560.2(76.72%),P:1e-1459	Tpos:347.2,Tstd:323.6,Bpos:379.5,Bstd:677.9,StrandBias:0.0,Multiplicity:2.84
0.001	0.997	0.001	0.001
0.997	0.001	0.001	0.001
0.001	0.001	0.997	0.001
0.997	0.001	0.001	0.001
0.997	0.001	0.001	0.001
0.001	0.997	0.001	0.001
0.997	0.001	0.001	0.001
0.997	0.001	0.001	0.001
>TTGCTAAA	10-TTGCTAAA	-3.415900	-3352.692772	0	T:19037.0(98.88%),B:41804.6(77.17%),P:1e-1456	Tpos:360.1,Tstd:334.0,Bpos:414.6,Bstd:701.7,StrandBias:0.0,Multiplicity:3.31
0.001	0.001	0.001	0.997
0.001	0.001	0.001	0.997
0.001	0.001	0.997	0.001
0.098	0.563	0.338	0.001
0.001	0.001	0.001	0.997
0.997	0.001	0.001	0.001
0.997	0.001	0.001	0.001
0.901	0.001	0.097	0.001
>SATGTGAT	11-SATGTGAT	-1.398897	-3159.475315	0	T:19109.0(99.26%),B:42959.2(79.30%),P:1e-1372	Tpos:358.1,Tstd:332.4,Bpos:422.5,Bstd:710.7,StrandBias:0.0,Multiplicity:3.16
0.048	0.468	0.484	0.001
0.969	0.001	0.029	0.001
0.010	0.341	0.018	0.631
0.080	0.001	0.918	0.001
0.001	0.001	0.001	0.997
0.001	0.200	0.501	0.298
0.989	0.009	0.001	0.001
0.001	0.017	0.001	0.981
>BATTAAGT	12-BATTAAGT	2.062891	-1504.408164	0	T:19245.0(99.96%),B:49285.7(90.98%),P:1e-653	Tpos:355.8,Tstd:329.5,Bpos:365.1,Bstd:666.0,StrandBias:0.0,Multiplicity:3.07
0.007	0.321	0.288	0.384
0.558	0.280	0.060	0.102
0.048	0.091	0.112	0.749
0.062	0.205	0.237	0.496
0.666	0.172	0.108	0.054
0.800	0.108	0.058	0.034
0.001	0.050	0.948	0.001
0.147	0.184	0.254	0.415
>GTTTTCAR	13-GTTTTCAR	2.046384	-1385.603567	0	T:19249.0(99.98%),B:49715.7(91.78%),P:1e-601	Tpos:355.8,Tstd:328.1,Bpos:361.4,Bstd:659.1,StrandBias:-0.0,Multiplicity:3.00
0.021	0.197	0.739	0.043
0.098	0.103	0.266	0.533
0.032	0.175	0.051	0.742
0.012	0.117	0.059	0.812
0.046	0.317	0.072	0.565
0.001	0.950	0.048	0.001
0.399	0.245	0.184	0.171
0.405	0.174	0.284	0.137
>TTTAAACC	14-TTTAAACC	0.453314	-14.297765	0	T:19252.0(100.00%),B:54123.7(99.91%),P:1e-6	Tpos:358.3,Tstd:334.1,Bpos:434.1,Bstd:726.7,StrandBias:-0.0,Multiplicity:5.19
0.100	0.100	0.100	0.700
0.100	0.100	0.100	0.700
0.100	0.100	0.100	0.700
0.700	0.100	0.100	0.100
0.700	0.100	0.100	0.100
0.700	0.100	0.100	0.100
0.100	0.700	0.100	0.100
0.100	0.700	0.100	0.100
>TACTTATT	15-TACTTATT	0.000000	-3.953630	0	T:19252.0(100.00%),B:54157.2(99.98%),P:1e-1
0.100	0.100	0.100	0.700
0.700	0.100	0.100	0.100
0.100	0.700	0.100	0.100
0.100	0.100	0.100	0.700
0.100	0.100	0.100	0.700
0.700	0.100	0.100	0.100
0.100	0.100	0.100	0.700
0.100	0.100	0.100	0.700
>TAAACAAA	16-TAAACAAA	0.000000	-3.345326	0	T:19252.0(100.00%),B:54159.9(99.98%),P:1e-1
0.100	0.100	0.100	0.700
0.700	0.100	0.100	0.100
0.700	0.100	0.100	0.100
0.700	0.100	0.100	0.100
0.100	0.700	0.100	0.100
0.700	0.100	0.100	0.100
0.700	0.100	0.100	0.100
0.700	0.100	0.100	0.100
>TAGAATAA	17-TAGAATAA	0.000000	-3.041182	0	T:19252.0(100.00%),B:54160.1(99.98%),P:1e-1
0.100	0.100	0.100	0.700
0.700	0.100	0.100	0.100
0.100	0.100	0.700	0.100
0.700	0.100	0.100	0.100
0.700	0.100	0.100	0.100
0.100	0.100	0.100	0.700
0.700	0.100	0.100	0.100
0.700	0.100	0.100	0.100
>TTAAACCA	18-TTAAACCA	0.000000	-1.520530	0	T:19252.0(100.00%),B:54165.3(99.99%),P:1e0
0.100	0.100	0.100	0.700
0.100	0.100	0.100	0.700
0.700	0.100	0.100	0.100
0.700	0.100	0.100	0.100
0.700	0.100	0.100	0.100
0.100	0.700	0.100	0.100
0.100	0.700	0.100	0.100
0.700	0.100	0.100	0.100
>ACTACAAA	19-ACTACAAA	0.000000	-1.520530	0	T:19252.0(100.00%),B:54165.9(99.99%),P:1e0
0.700	0.100	0.100	0.100
0.100	0.700	0.100	0.100
0.100	0.100	0.100	0.700
0.700	0.100	0.100	0.100
0.100	0.700	0.100	0.100
0.700	0.100	0.100	0.100
0.700	0.100	0.100	0.100
0.700	0.100	0.100	0.100
>TATTAAGG	20-TATTAAGG	0.000000	-1.216415	0	T:19252.0(100.00%),B:54166.2(99.99%),P:1e0
0.100	0.100	0.100	0.700
0.700	0.100	0.100	0.100
0.100	0.100	0.100	0.700
0.100	0.100	0.100	0.700
0.700	0.100	0.100	0.100
0.700	0.100	0.100	0.100
0.100	0.100	0.700	0.100
0.100	0.100	0.700	0.100
>ATTATAGG	21-ATTATAGG	0.000000	-0.304096	0	T:19252.0(100.00%),B:54169.4(100.00%),P:1e0
0.700	0.100	0.100	0.100
0.100	0.100	0.100	0.700
0.100	0.100	0.100	0.700
0.700	0.100	0.100	0.100
0.100	0.100	0.100	0.700
0.700	0.100	0.100	0.100
0.100	0.100	0.700	0.100
0.100	0.100	0.700	0.100
>NNNNNNNN	22-NNNNNNNN	-nan	0.000000	0	T:0.0(0.00%),B:0.0(0.00%),P:1e0	Tpos:0.0,Tstd:0.0,Bpos:0.0,Bstd:0.0,StrandBias:0.0,Multiplicity:1.00
-nan	-nan	-nan	-nan
-nan	-nan	-nan	-nan
-nan	-nan	-nan	-nan
-nan	-nan	-nan	-nan
-nan	-nan	-nan	-nan
-nan	-nan	-nan	-nan
-nan	-nan	-nan	-nan
-nan	-nan	-nan	-nan
>NNNNNNNN	23-NNNNNNNN	-nan	0.000000	0	T:0.0(0.00%),B:0.0(0.00%),P:1e0	Tpos:0.0,Tstd:0.0,Bpos:0.0,Bstd:0.0,StrandBias:0.0,Multiplicity:1.00
-nan	-nan	-nan	-nan
-nan	-nan	-nan	-nan
-nan	-nan	-nan	-nan
-nan	-nan	-nan	-nan
-nan	-nan	-nan	-nan
-nan	-nan	-nan	-nan
-nan	-nan	-nan	-nan
-nan	-nan	-nan	-nan
>NNNNNNNN	24-NNNNNNNN	-nan	0.000000	0	T:0.0(0.00%),B:0.0(0.00%),P:1e0	Tpos:0.0,Tstd:0.0,Bpos:0.0,Bstd:0.0,StrandBias:0.0,Multiplicity:1.00
-nan	-nan	-nan	-nan
-nan	-nan	-nan	-nan
-nan	-nan	-nan	-nan
-nan	-nan	-nan	-nan
-nan	-nan	-nan	-nan
-nan	-nan	-nan	-nan
-nan	-nan	-nan	-nan
-nan	-nan	-nan	-nan
>ATTCTATT	25-ATTCTATT	-1.492596	0.000000	0	T:19252.0(100.00%),B:54170.6(100.00%),P:1e0	Tpos:352.9,Tstd:328.9,Bpos:396.3,Bstd:689.3,StrandBias:0.0,Multiplicity:3.91
0.700	0.100	0.100	0.100
0.100	0.100	0.100	0.700
0.100	0.100	0.100	0.700
0.100	0.700	0.100	0.100
0.100	0.100	0.100	0.700
0.700	0.100	0.100	0.100
0.100	0.100	0.100	0.700
0.100	0.100	0.100	0.700
