>ACCAACCAAGCT	1-ACCAACCAAGCT	-7.938820	-4595.988084	0	T:17429.0(90.53%),B:29642.9(54.72%),P:1e-1995	Tpos:359.0,Tstd:330.1,Bpos:440.0,Bstd:713.4,StrandBias:-0.0,Multiplicity:3.35
0.997	0.001	0.001	0.001
0.001	0.997	0.001	0.001
0.079	0.576	0.001	0.344
0.997	0.001	0.001	0.001
0.701	0.001	0.001	0.297
0.001	0.997	0.001	0.001
0.265	0.733	0.001	0.001
0.997	0.001	0.001	0.001
0.997	0.001	0.001	0.001
0.001	0.201	0.797	0.001
0.001	0.997	0.001	0.001
0.001	0.001	0.001	0.997
>CATACACATGAC	2-CATACACATGAC	-6.227875	-4467.703962	0	T:17614.0(91.49%),B:30782.5(56.83%),P:1e-1940	Tpos:362.0,Tstd:335.8,Bpos:480.6,Bstd:749.0,StrandBias:-0.0,Multiplicity:3.27
0.001	0.997	0.001	0.001
0.982	0.016	0.001	0.001
0.001	0.001	0.001	0.997
0.965	0.017	0.017	0.001
0.017	0.934	0.017	0.032
0.965	0.017	0.017	0.001
0.020	0.955	0.017	0.008
0.997	0.001	0.001	0.001
0.017	0.017	0.001	0.965
0.017	0.034	0.915	0.034
0.982	0.016	0.001	0.001
0.019	0.963	0.017	0.001
>GTCGATCGACAC	3-GTCGATCGACAC	-7.302033	-4400.170601	0	T:16666.0(86.57%),B:27072.1(49.98%),P:1e-1910	Tpos:360.9,Tstd:331.9,Bpos:438.1,Bstd:721.5,StrandBias:0.0,Multiplicity:3.30
0.032	0.004	0.963	0.001
0.004	0.001	0.001	0.994
0.004	0.963	0.001	0.032
0.015	0.001	0.983	0.001
0.939	0.005	0.037	0.019
0.019	0.037	0.005	0.939
0.001	0.966	0.001	0.032
0.046	0.001	0.949	0.004
0.994	0.001	0.001	0.004
0.001	0.963	0.004	0.032
0.994	0.001	0.004	0.001
0.028	0.893	0.023	0.056
>TGTCGMBCGAWT	4-TGTCGMBCGAWT	2.237279	-4396.999105	0	T:18264.0(94.87%),B:34101.3(62.95%),P:1e-1909	Tpos:355.8,Tstd:328.3,Bpos:354.2,Bstd:658.1,StrandBias:-0.0,Multiplicity:3.48
0.106	0.181	0.130	0.583
0.104	0.081	0.706	0.109
0.169	0.143	0.195	0.492
0.068	0.733	0.145	0.054
0.029	0.056	0.833	0.082
0.468	0.336	0.091	0.106
0.156	0.219	0.361	0.264
0.069	0.733	0.157	0.041
0.054	0.133	0.732	0.081
0.466	0.143	0.285	0.106
0.430	0.017	0.180	0.373
0.001	0.275	0.263	0.461
>AGCCAAAGTCTS	5-AGCCAAAGTCTS	0.534005	-4010.041285	0	T:18852.0(97.92%),B:38625.3(71.30%),P:1e-1741	Tpos:353.9,Tstd:327.4,Bpos:407.2,Bstd:700.0,StrandBias:-0.0,Multiplicity:3.11
0.997	0.001	0.001	0.001
0.015	0.015	0.969	0.001
0.063	0.806	0.017	0.114
0.212	0.738	0.016	0.034
0.953	0.001	0.031	0.015
0.969	0.015	0.015	0.001
0.997	0.001	0.001	0.001
0.081	0.063	0.682	0.174
0.332	0.001	0.001	0.666
0.063	0.691	0.072	0.174
0.153	0.273	0.097	0.478
0.112	0.332	0.429	0.127
>TAATTWTAWAAW	6-TAATTWTAWAAW	-1.718657	-3963.522799	0	T:17004.0(88.32%),B:29549.0(54.55%),P:1e-1721	Tpos:375.1,Tstd:346.7,Bpos:639.3,Bstd:839.9,StrandBias:0.0,Multiplicity:4.52
0.334	0.001	0.169	0.496
0.997	0.001	0.001	0.001
0.997	0.001	0.001	0.001
0.001	0.001	0.001	0.997
0.399	0.001	0.001	0.599
0.517	0.001	0.001	0.481
0.313	0.001	0.001	0.685
0.997	0.001	0.001	0.001
0.520	0.001	0.001	0.478
0.997	0.001	0.001	0.001
0.614	0.001	0.001	0.384
0.518	0.001	0.001	0.480
>ACACGCCCYCTC	7-ACACGCCCYCTC	-10.663460	-3759.201552	0	T:19087.0(99.14%),B:41107.3(75.88%),P:1e-1632	Tpos:353.6,Tstd:326.6,Bpos:360.5,Bstd:664.0,StrandBias:-0.0,Multiplicity:3.29
0.997	0.001	0.001	0.001
0.327	0.671	0.001	0.001
0.507	0.001	0.328	0.164
0.001	0.997	0.001	0.001
0.001	0.001	0.835	0.163
0.001	0.997	0.001	0.001
0.001	0.835	0.001	0.163
0.001	0.997	0.001	0.001
0.164	0.343	0.001	0.492
0.001	0.997	0.001	0.001
0.001	0.001	0.001	0.997
0.328	0.507	0.001	0.164
>RTKAYAARTASA	8-RTKAYAARTASA	2.584155	-2261.419337	0	T:19231.0(99.89%),B:46820.2(86.43%),P:1e-982	Tpos:360.1,Tstd:335.1,Bpos:459.7,Bstd:739.8,StrandBias:0.0,Multiplicity:3.22
0.418	0.093	0.389	0.100
0.197	0.003	0.088	0.712
0.123	0.010	0.502	0.365
0.614	0.093	0.108	0.185
0.117	0.455	0.003	0.425
0.597	0.100	0.293	0.010
0.556	0.133	0.200	0.111
0.500	0.082	0.405	0.013
0.006	0.001	0.329	0.664
0.638	0.001	0.358	0.003
0.183	0.395	0.332	0.090
0.622	0.225	0.003	0.150
>TCAKAATTGYCC	9-TCAKAATTGYCC	-10.071703	-1205.917232	0	T:19252.0(100.00%),B:50327.6(92.91%),P:1e-523	Tpos:356.7,Tstd:332.3,Bpos:399.0,Bstd:687.5,StrandBias:-0.0,Multiplicity:3.14
0.001	0.163	0.001	0.835
0.001	0.835	0.001	0.163
0.997	0.001	0.001	0.001
0.001	0.001	0.503	0.495
0.997	0.001	0.001	0.001
0.537	0.271	0.001	0.191
0.001	0.164	0.164	0.671
0.001	0.001	0.001	0.997
0.001	0.001	0.997	0.001
0.001	0.425	0.180	0.394
0.001	0.749	0.001	0.249
0.001	0.763	0.001	0.235
>WCCGAATATGWC	10-WCCGAATATGWC	-11.440650	-358.215424	0	T:19252.0(100.00%),B:53003.7(97.85%),P:1e-155	Tpos:356.7,Tstd:332.9,Bpos:373.0,Bstd:674.8,StrandBias:0.0,Multiplicity:3.09
0.349	0.001	0.244	0.406
0.001	0.882	0.001	0.116
0.001	0.882	0.001	0.116
0.001	0.001	0.997	0.001
0.650	0.116	0.233	0.001
0.523	0.360	0.116	0.001
0.001	0.001	0.172	0.826
0.997	0.001	0.001	0.001
0.001	0.233	0.116	0.650
0.001	0.001	0.997	0.001
0.533	0.001	0.001	0.465
0.117	0.477	0.117	0.290
>AATATTTTAAAA	11-AATATTTTAAAA	0.000000	-208.833485	0	T:19252.0(100.00%),B:53487.7(98.74%),P:1e-90
0.700	0.100	0.100	0.100
0.700	0.100	0.100	0.100
0.100	0.100	0.100	0.700
0.700	0.100	0.100	0.100
0.100	0.100	0.100	0.700
0.100	0.100	0.100	0.700
0.100	0.100	0.100	0.700
0.100	0.100	0.100	0.700
0.700	0.100	0.100	0.100
0.700	0.100	0.100	0.100
0.700	0.100	0.100	0.100
0.700	0.100	0.100	0.100
>CTTGTTAGAAGA	12-CTTGTTAGAAGA	0.000000	-156.027451	0	T:19252.0(100.00%),B:53659.3(99.06%),P:1e-67
0.100	0.700	0.100	0.100
0.100	0.100	0.100	0.700
0.100	0.100	0.100	0.700
0.100	0.100	0.700	0.100
0.100	0.100	0.100	0.700
0.100	0.100	0.100	0.700
0.700	0.100	0.100	0.100
0.100	0.100	0.700	0.100
0.700	0.100	0.100	0.100
0.700	0.100	0.100	0.100
0.100	0.100	0.700	0.100
0.700	0.100	0.100	0.100
>TCAGAAGTCACT	13-TCAGAAGTCACT	0.000000	-136.722175	0	T:19252.0(100.00%),B:53722.6(99.17%),P:1e-59
0.100	0.100	0.100	0.700
0.100	0.700	0.100	0.100
0.700	0.100	0.100	0.100
0.100	0.100	0.700	0.100
0.700	0.100	0.100	0.100
0.700	0.100	0.100	0.100
0.100	0.100	0.700	0.100
0.100	0.100	0.100	0.700
0.100	0.700	0.100	0.100
0.700	0.100	0.100	0.100
0.100	0.700	0.100	0.100
0.100	0.100	0.100	0.700
>AAAAAAATCTTC	14-AAAAAAATCTTC	0.000000	-128.148311	0	T:19252.0(100.00%),B:53750.1(99.22%),P:1e-55
0.700	0.100	0.100	0.100
0.700	0.100	0.100	0.100
0.700	0.100	0.100	0.100
0.700	0.100	0.100	0.100
0.700	0.100	0.100	0.100
0.700	0.100	0.100	0.100
0.700	0.100	0.100	0.100
0.100	0.100	0.100	0.700
0.100	0.700	0.100	0.100
0.100	0.100	0.100	0.700
0.100	0.100	0.100	0.700
0.100	0.700	0.100	0.100
>AATGGATGCTCA	15-AATGGATGCTCA	0.000000	-118.354320	0	T:19252.0(100.00%),B:53782.6(99.28%),P:1e-51
0.700	0.100	0.100	0.100
0.700	0.100	0.100	0.100
0.100	0.100	0.100	0.700
0.100	0.100	0.700	0.100
0.100	0.100	0.700	0.100
0.700	0.100	0.100	0.100
0.100	0.100	0.100	0.700
0.100	0.100	0.700	0.100
0.100	0.700	0.100	0.100
0.100	0.100	0.100	0.700
0.100	0.700	0.100	0.100
0.700	0.100	0.100	0.100
>TAACCAACCTTC	16-TAACCAACCTTC	0.000000	-116.518505	0	T:19252.0(100.00%),B:53789.0(99.30%),P:1e-50
0.100	0.100	0.100	0.700
0.700	0.100	0.100	0.100
0.700	0.100	0.100	0.100
0.100	0.700	0.100	0.100
0.100	0.700	0.100	0.100
0.700	0.100	0.100	0.100
0.700	0.100	0.100	0.100
0.100	0.700	0.100	0.100
0.100	0.700	0.100	0.100
0.100	0.100	0.100	0.700
0.100	0.100	0.100	0.700
0.100	0.700	0.100	0.100
>TCTTTCTCTCTT	17-TCTTTCTCTCTT	0.000000	-106.424677	0	T:19252.0(100.00%),B:53821.6(99.36%),P:1e-46
0.100	0.100	0.100	0.700
0.100	0.700	0.100	0.100
0.100	0.100	0.100	0.700
0.100	0.100	0.100	0.700
0.100	0.100	0.100	0.700
0.100	0.700	0.100	0.100
0.100	0.100	0.100	0.700
0.100	0.700	0.100	0.100
0.100	0.100	0.100	0.700
0.100	0.700	0.100	0.100
0.100	0.100	0.100	0.700
0.100	0.100	0.100	0.700
>GGATGCTCAAAA	18-GGATGCTCAAAA	0.000000	-100.309801	0	T:19252.0(100.00%),B:53842.0(99.39%),P:1e-43
0.100	0.100	0.700	0.100
0.100	0.100	0.700	0.100
0.700	0.100	0.100	0.100
0.100	0.100	0.100	0.700
0.100	0.100	0.700	0.100
0.100	0.700	0.100	0.100
0.100	0.100	0.100	0.700
0.100	0.700	0.100	0.100
0.700	0.100	0.100	0.100
0.700	0.100	0.100	0.100
0.700	0.100	0.100	0.100
0.700	0.100	0.100	0.100
>TTGACCAAAAAA	19-TTGACCAAAAAA	0.000000	-91.141154	0	T:19252.0(100.00%),B:53871.9(99.45%),P:1e-39
0.100	0.100	0.100	0.700
0.100	0.100	0.100	0.700
0.100	0.100	0.700	0.100
0.700	0.100	0.100	0.100
0.100	0.700	0.100	0.100
0.100	0.700	0.100	0.100
0.700	0.100	0.100	0.100
0.700	0.100	0.100	0.100
0.700	0.100	0.100	0.100
0.700	0.100	0.100	0.100
0.700	0.100	0.100	0.100
0.700	0.100	0.100	0.100
>TGACTTCTGATC	20-TGACTTCTGATC	0.000000	-90.530068	0	T:19252.0(100.00%),B:53874.0(99.45%),P:1e-39
0.100	0.100	0.100	0.700
0.100	0.100	0.700	0.100
0.700	0.100	0.100	0.100
0.100	0.700	0.100	0.100
0.100	0.100	0.100	0.700
0.100	0.100	0.100	0.700
0.100	0.700	0.100	0.100
0.100	0.100	0.100	0.700
0.100	0.100	0.700	0.100
0.700	0.100	0.100	0.100
0.100	0.100	0.100	0.700
0.100	0.700	0.100	0.100
>CATATTTGACTC	21-CATATTTGACTC	0.000000	-78.007097	0	T:19252.0(100.00%),B:53914.7(99.53%),P:1e-33
0.100	0.700	0.100	0.100
0.700	0.100	0.100	0.100
0.100	0.100	0.100	0.700
0.700	0.100	0.100	0.100
0.100	0.100	0.100	0.700
0.100	0.100	0.100	0.700
0.100	0.100	0.100	0.700
0.100	0.100	0.700	0.100
0.700	0.100	0.100	0.100
0.100	0.700	0.100	0.100
0.100	0.100	0.100	0.700
0.100	0.700	0.100	0.100
>CTAGTCATATTT	22-CTAGTCATATTT	0.000000	-73.427573	0	T:19252.0(100.00%),B:53929.2(99.55%),P:1e-31
0.100	0.700	0.100	0.100
0.100	0.100	0.100	0.700
0.700	0.100	0.100	0.100
0.100	0.100	0.700	0.100
0.100	0.100	0.100	0.700
0.100	0.700	0.100	0.100
0.700	0.100	0.100	0.100
0.100	0.100	0.100	0.700
0.700	0.100	0.100	0.100
0.100	0.100	0.100	0.700
0.100	0.100	0.100	0.700
0.100	0.100	0.100	0.700
>AAMAGWAAAGAA	23-AAMAGWAAAGAA	-4.414448	-7.299649	0	T:19252.0(100.00%),B:54146.8(99.96%),P:1e-3	Tpos:355.2,Tstd:331.1,Bpos:420.5,Bstd:720.2,StrandBias:0.0,Multiplicity:2.71
0.630	0.174	0.016	0.180
0.709	0.169	0.001	0.121
0.479	0.336	0.174	0.011
0.562	0.411	0.016	0.011
0.110	0.231	0.658	0.001
0.479	0.001	0.069	0.451
0.973	0.011	0.011	0.005
0.858	0.016	0.011	0.115
0.689	0.137	0.115	0.059
0.054	0.115	0.605	0.226
0.748	0.131	0.011	0.110
0.737	0.011	0.142	0.110
>AADDHCCTVTTA	24-AADDHCCTVTTA	-43.541431	0.000000	0	T:19252.0(100.00%),B:54170.6(100.00%),P:1e0	Tpos:351.7,Tstd:331.5,Bpos:376.2,Bstd:670.1,StrandBias:-0.0,Multiplicity:1.95
0.997	0.001	0.001	0.001
0.859	0.001	0.001	0.139
0.337	0.047	0.372	0.244
0.418	0.001	0.290	0.290
0.372	0.244	0.140	0.244
0.001	0.754	0.244	0.001
0.244	0.534	0.221	0.001
0.244	0.001	0.001	0.754
0.337	0.244	0.291	0.128
0.127	0.001	0.001	0.871
0.001	0.001	0.001	0.997
0.997	0.001	0.001	0.001
>AAGCCAAAGACT	25-AAGCCAAAGACT	-5.157759	0.000000	0	T:19252.0(100.00%),B:54170.6(100.00%),P:1e0	Tpos:313.4,Tstd:213.4,Bpos:1458.5,Bstd:1486.4,StrandBias:-0.6,Multiplicity:1.00
0.700	0.100	0.100	0.100
0.700	0.100	0.100	0.100
0.100	0.100	0.700	0.100
0.100	0.700	0.100	0.100
0.100	0.700	0.100	0.100
0.700	0.100	0.100	0.100
0.700	0.100	0.100	0.100
0.700	0.100	0.100	0.100
0.100	0.100	0.700	0.100
0.700	0.100	0.100	0.100
0.100	0.700	0.100	0.100
0.100	0.100	0.100	0.700
