>TYACTCGACC	1-TYACTCGACC	1.948610	-4628.498987	0	T:16821.0(87.37%),B:27085.8(50.00%),P:1e-2010	Tpos:357.1,Tstd:328.6,Bpos:419.3,Bstd:713.6,StrandBias:-0.0,Multiplicity:3.46
0.253	0.236	0.091	0.420
0.034	0.513	0.034	0.419
0.933	0.023	0.028	0.016
0.033	0.906	0.022	0.039
0.042	0.054	0.024	0.880
0.026	0.900	0.012	0.062
0.071	0.026	0.851	0.052
0.928	0.060	0.011	0.001
0.018	0.801	0.032	0.149
0.029	0.875	0.038	0.058
>TCGATCGACA	2-TCGATCGACA	-8.954051	-4429.506340	0	T:17701.0(91.94%),B:31273.2(57.73%),P:1e-1923	Tpos:362.5,Tstd:335.7,Bpos:415.2,Bstd:705.1,StrandBias:-0.0,Multiplicity:3.34
0.001	0.007	0.007	0.985
0.001	0.997	0.001	0.001
0.001	0.001	0.997	0.001
0.985	0.001	0.013	0.001
0.032	0.015	0.001	0.952
0.001	0.997	0.001	0.001
0.019	0.001	0.979	0.001
0.997	0.001	0.001	0.001
0.001	0.997	0.001	0.001
0.997	0.001	0.001	0.001
>GTCATGTGTA	3-GTCATGTGTA	3.254858	-4227.294862	0	T:16957.0(88.08%),B:28653.4(52.89%),P:1e-1835	Tpos:363.8,Tstd:338.6,Bpos:505.3,Bstd:765.4,StrandBias:0.0,Multiplicity:3.16
0.115	0.119	0.682	0.084
0.130	0.080	0.084	0.706
0.063	0.795	0.054	0.088
0.886	0.048	0.016	0.050
0.019	0.075	0.033	0.873
0.062	0.033	0.820	0.085
0.105	0.037	0.047	0.811
0.058	0.049	0.798	0.095
0.031	0.064	0.032	0.873
0.866	0.061	0.046	0.027
>TACMAAGYCA	4-TACMAAGYCA	1.244084	-4145.156609	0	T:18583.0(96.53%),B:36548.8(67.47%),P:1e-1800	Tpos:355.7,Tstd:328.9,Bpos:414.7,Bstd:701.5,StrandBias:-0.0,Multiplicity:3.19
0.001	0.151	0.001	0.847
0.622	0.001	0.001	0.376
0.248	0.750	0.001	0.001
0.555	0.441	0.001	0.003
0.997	0.001	0.001	0.001
0.959	0.001	0.001	0.039
0.001	0.324	0.674	0.001
0.076	0.443	0.076	0.405
0.192	0.680	0.075	0.053
0.923	0.001	0.001	0.075
>ATTTTTAAAT	5-ATTTTTAAAT	6.404373	-4093.711492	0	T:14338.0(74.48%),B:20102.5(37.11%),P:1e-1777	Tpos:369.9,Tstd:343.2,Bpos:618.3,Bstd:833.6,StrandBias:-0.0,Multiplicity:2.70
0.700	0.100	0.100	0.100
0.100	0.100	0.100	0.700
0.100	0.100	0.100	0.700
0.100	0.100	0.100	0.700
0.100	0.100	0.100	0.700
0.100	0.100	0.100	0.700
0.700	0.100	0.100	0.100
0.700	0.100	0.100	0.100
0.700	0.100	0.100	0.100
0.100	0.100	0.100	0.700
>ATACGAAAAA	6-ATACGAAAAA	-6.817538	-3848.882931	0	T:18860.0(97.96%),B:39116.8(72.21%),P:1e-1671	Tpos:351.3,Tstd:325.8,Bpos:389.9,Bstd:689.5,StrandBias:0.0,Multiplicity:3.17
0.997	0.001	0.001	0.001
0.001	0.001	0.127	0.871
0.997	0.001	0.001	0.001
0.001	0.997	0.001	0.001
0.001	0.001	0.997	0.001
0.997	0.001	0.001	0.001
0.997	0.001	0.001	0.001
0.932	0.001	0.001	0.066
0.708	0.001	0.290	0.001
0.820	0.178	0.001	0.001
>YTWCTKMKCT	7-YTWCTKMKCT	0.575156	-3692.308435	0	T:19016.0(98.77%),B:40697.7(75.13%),P:1e-1603	Tpos:357.8,Tstd:331.4,Bpos:376.7,Bstd:670.3,StrandBias:-0.0,Multiplicity:3.16
0.001	0.492	0.001	0.506
0.001	0.001	0.255	0.743
0.408	0.001	0.248	0.343
0.346	0.652	0.001	0.001
0.353	0.001	0.001	0.645
0.001	0.001	0.459	0.539
0.523	0.475	0.001	0.001
0.129	0.222	0.380	0.268
0.121	0.877	0.001	0.001
0.001	0.001	0.114	0.884
>WATATWATWT	8-WATATWATWT	4.116283	-3520.386227	0	T:17580.0(91.32%),B:33217.5(61.32%),P:1e-1528	Tpos:370.2,Tstd:341.6,Bpos:609.1,Bstd:823.3,StrandBias:-0.0,Multiplicity:4.58
0.412	0.064	0.023	0.501
0.704	0.076	0.001	0.219
0.328	0.038	0.001	0.633
0.921	0.001	0.001	0.077
0.145	0.113	0.075	0.667
0.373	0.068	0.042	0.517
0.699	0.070	0.001	0.230
0.180	0.004	0.005	0.811
0.549	0.001	0.007	0.443
0.205	0.001	0.045	0.749
>ACGCTTCTAG	9-ACGCTTCTAG	-14.334749	-2679.368813	0	T:19215.0(99.81%),B:45404.7(83.82%),P:1e-1163	Tpos:357.8,Tstd:330.6,Bpos:370.6,Bstd:665.0,StrandBias:0.0,Multiplicity:3.30
0.576	0.001	0.422	0.001
0.001	0.997	0.001	0.001
0.001	0.001	0.997	0.001
0.246	0.479	0.275	0.001
0.001	0.001	0.001	0.997
0.001	0.001	0.001	0.997
0.001	0.997	0.001	0.001
0.001	0.001	0.001	0.997
0.997	0.001	0.001	0.001
0.001	0.001	0.997	0.001
>AAATGCAGTA	10-AAATGCAGTA	-8.858619	-2437.823052	0	T:19222.0(99.84%),B:46188.5(85.26%),P:1e-1058	Tpos:356.7,Tstd:334.0,Bpos:406.5,Bstd:698.8,StrandBias:-0.0,Multiplicity:3.31
0.754	0.001	0.001	0.244
0.997	0.001	0.001	0.001
0.940	0.058	0.001	0.001
0.001	0.001	0.001	0.997
0.001	0.001	0.997	0.001
0.001	0.997	0.001	0.001
0.997	0.001	0.001	0.001
0.001	0.244	0.754	0.001
0.207	0.001	0.001	0.791
0.754	0.244	0.001	0.001
>GAAGGAACAG	11-GAAGGAACAG	-13.798166	-1374.970434	0	T:19250.0(99.99%),B:49766.7(91.87%),P:1e-597	Tpos:354.6,Tstd:330.1,Bpos:352.7,Bstd:652.7,StrandBias:0.0,Multiplicity:3.21
0.001	0.001	0.997	0.001
0.993	0.001	0.005	0.001
0.993	0.001	0.005	0.001
0.005	0.001	0.993	0.001
0.005	0.001	0.993	0.001
0.997	0.001	0.001	0.001
0.997	0.001	0.001	0.001
0.001	0.993	0.005	0.001
0.997	0.001	0.001	0.001
0.001	0.001	0.997	0.001
>YCKTTCTBCT	12-YCKTTCTBCT	-2.166663	-453.888617	0	T:19252.0(100.00%),B:52695.3(97.28%),P:1e-197	Tpos:354.7,Tstd:330.4,Bpos:387.4,Bstd:681.6,StrandBias:-0.0,Multiplicity:3.15
0.202	0.438	0.001	0.359
0.101	0.897	0.001	0.001
0.102	0.055	0.368	0.475
0.281	0.001	0.133	0.585
0.101	0.055	0.001	0.843
0.110	0.525	0.364	0.001
0.032	0.157	0.272	0.539
0.001	0.313	0.272	0.414
0.101	0.897	0.001	0.001
0.001	0.001	0.313	0.685
>TTATAATATA	13-TTATAATATA	0.000000	-104.590009	0	T:19252.0(100.00%),B:53828.0(99.37%),P:1e-45
0.100	0.100	0.100	0.700
0.100	0.100	0.100	0.700
0.700	0.100	0.100	0.100
0.100	0.100	0.100	0.700
0.700	0.100	0.100	0.100
0.700	0.100	0.100	0.100
0.100	0.100	0.100	0.700
0.700	0.100	0.100	0.100
0.100	0.100	0.100	0.700
0.700	0.100	0.100	0.100
>AGGGTCCCAA	14-AGGGTCCCAA	-21.799534	-72.511800	0	T:19252.0(100.00%),B:53932.5(99.56%),P:1e-31	Tpos:356.6,Tstd:332.5,Bpos:402.2,Bstd:703.9,StrandBias:-0.0,Multiplicity:2.93
0.589	0.001	0.001	0.409
0.001	0.001	0.606	0.392
0.001	0.001	0.997	0.001
0.001	0.001	0.997	0.001
0.001	0.001	0.001	0.997
0.001	0.997	0.001	0.001
0.001	0.589	0.409	0.001
0.001	0.997	0.001	0.001
0.802	0.196	0.001	0.001
0.606	0.392	0.001	0.001
>TTCTAAAAAA	15-TTCTAAAAAA	0.000000	-46.887961	0	T:19252.0(100.00%),B:54016.2(99.72%),P:1e-20
0.100	0.100	0.100	0.700
0.100	0.100	0.100	0.700
0.100	0.700	0.100	0.100
0.100	0.100	0.100	0.700
0.700	0.100	0.100	0.100
0.700	0.100	0.100	0.100
0.700	0.100	0.100	0.100
0.700	0.100	0.100	0.100
0.700	0.100	0.100	0.100
0.700	0.100	0.100	0.100
>TTTGAAAAAA	16-TTTGAAAAAA	0.000000	-41.401606	0	T:19252.0(100.00%),B:54034.5(99.75%),P:1e-17
0.100	0.100	0.100	0.700
0.100	0.100	0.100	0.700
0.100	0.100	0.100	0.700
0.100	0.100	0.700	0.100
0.700	0.100	0.100	0.100
0.700	0.100	0.100	0.100
0.700	0.100	0.100	0.100
0.700	0.100	0.100	0.100
0.700	0.100	0.100	0.100
0.700	0.100	0.100	0.100
>AAAAATTAAC	17-AAAAATTAAC	0.000000	-31.347381	0	T:19252.0(100.00%),B:54067.2(99.81%),P:1e-13
0.700	0.100	0.100	0.100
0.700	0.100	0.100	0.100
0.700	0.100	0.100	0.100
0.700	0.100	0.100	0.100
0.700	0.100	0.100	0.100
0.100	0.100	0.100	0.700
0.100	0.100	0.100	0.700
0.700	0.100	0.100	0.100
0.700	0.100	0.100	0.100
0.100	0.700	0.100	0.100
>AATAATCAAA	18-AATAATCAAA	0.000000	-24.647503	0	T:19252.0(100.00%),B:54089.3(99.85%),P:1e-10
0.700	0.100	0.100	0.100
0.700	0.100	0.100	0.100
0.100	0.100	0.100	0.700
0.700	0.100	0.100	0.100
0.700	0.100	0.100	0.100
0.100	0.100	0.100	0.700
0.100	0.700	0.100	0.100
0.700	0.100	0.100	0.100
0.700	0.100	0.100	0.100
0.700	0.100	0.100	0.100
>ACACTAACCA	19-ACACTAACCA	0.000000	-17.036855	0	T:19252.0(100.00%),B:54114.9(99.90%),P:1e-7
0.700	0.100	0.100	0.100
0.100	0.700	0.100	0.100
0.700	0.100	0.100	0.100
0.100	0.700	0.100	0.100
0.100	0.100	0.100	0.700
0.700	0.100	0.100	0.100
0.700	0.100	0.100	0.100
0.100	0.700	0.100	0.100
0.100	0.700	0.100	0.100
0.700	0.100	0.100	0.100
>AAAAAGAAAA	20-AAAAAGAAAA	-1.379268	-0.912304	0	T:19252.0(100.00%),B:54167.4(99.99%),P:1e0	Tpos:356.8,Tstd:332.6,Bpos:437.8,Bstd:723.3,StrandBias:-0.0,Multiplicity:2.82
0.700	0.100	0.100	0.100
0.700	0.100	0.100	0.100
0.700	0.100	0.100	0.100
0.700	0.100	0.100	0.100
0.700	0.100	0.100	0.100
0.100	0.100	0.700	0.100
0.700	0.100	0.100	0.100
0.700	0.100	0.100	0.100
0.700	0.100	0.100	0.100
0.700	0.100	0.100	0.100
>NNNNNNNNNN	21-NNNNNNNNNN	-nan	0.000000	0	T:0.0(0.00%),B:0.0(0.00%),P:1e0	Tpos:0.0,Tstd:0.0,Bpos:0.0,Bstd:0.0,StrandBias:0.0,Multiplicity:1.00
-nan	-nan	-nan	-nan
-nan	-nan	-nan	-nan
-nan	-nan	-nan	-nan
-nan	-nan	-nan	-nan
-nan	-nan	-nan	-nan
-nan	-nan	-nan	-nan
-nan	-nan	-nan	-nan
-nan	-nan	-nan	-nan
-nan	-nan	-nan	-nan
-nan	-nan	-nan	-nan
>NNNNNNNNNN	22-NNNNNNNNNN	-nan	0.000000	0	T:0.0(0.00%),B:0.0(0.00%),P:1e0	Tpos:0.0,Tstd:0.0,Bpos:0.0,Bstd:0.0,StrandBias:0.0,Multiplicity:1.00
-nan	-nan	-nan	-nan
-nan	-nan	-nan	-nan
-nan	-nan	-nan	-nan
-nan	-nan	-nan	-nan
-nan	-nan	-nan	-nan
-nan	-nan	-nan	-nan
-nan	-nan	-nan	-nan
-nan	-nan	-nan	-nan
-nan	-nan	-nan	-nan
-nan	-nan	-nan	-nan
>NNNNNNNNNN	23-NNNNNNNNNN	-nan	0.000000	0	T:0.0(0.00%),B:0.0(0.00%),P:1e0	Tpos:0.0,Tstd:0.0,Bpos:0.0,Bstd:0.0,StrandBias:0.0,Multiplicity:1.00
-nan	-nan	-nan	-nan
-nan	-nan	-nan	-nan
-nan	-nan	-nan	-nan
-nan	-nan	-nan	-nan
-nan	-nan	-nan	-nan
-nan	-nan	-nan	-nan
-nan	-nan	-nan	-nan
-nan	-nan	-nan	-nan
-nan	-nan	-nan	-nan
-nan	-nan	-nan	-nan
>NNNNNNNNNN	24-NNNNNNNNNN	-nan	0.000000	0	T:0.0(0.00%),B:0.0(0.00%),P:1e0	Tpos:0.0,Tstd:0.0,Bpos:0.0,Bstd:0.0,StrandBias:0.0,Multiplicity:1.00
-nan	-nan	-nan	-nan
-nan	-nan	-nan	-nan
-nan	-nan	-nan	-nan
-nan	-nan	-nan	-nan
-nan	-nan	-nan	-nan
-nan	-nan	-nan	-nan
-nan	-nan	-nan	-nan
-nan	-nan	-nan	-nan
-nan	-nan	-nan	-nan
-nan	-nan	-nan	-nan
>CCGCAHDGAC	25-CCGCAHDGAC	-42.922245	0.000000	0	T:19252.0(100.00%),B:54170.6(100.00%),P:1e0	Tpos:353.3,Tstd:325.8,Bpos:377.2,Bstd:691.8,StrandBias:-0.0,Multiplicity:1.37
0.001	0.997	0.001	0.001
0.001	0.997	0.001	0.001
0.323	0.001	0.675	0.001
0.001	0.675	0.001	0.323
0.675	0.001	0.323	0.001
0.352	0.324	0.001	0.324
0.324	0.001	0.324	0.352
0.001	0.001	0.997	0.001
0.675	0.001	0.323	0.001
0.001	0.675	0.001	0.323
