>AAAGTCAA	1-AAAGTCAA	-2.882896	-4655.689320	0	T:17725.0(92.07%),B:30798.3(56.85%),P:1e-2021	Tpos:354.3,Tstd:327.4,Bpos:473.9,Bstd:750.6,StrandBias:-0.0,Multiplicity:3.59
0.803	0.001	0.001	0.195
0.867	0.001	0.001	0.131
0.997	0.001	0.001	0.001
0.001	0.001	0.997	0.001
0.001	0.001	0.001	0.997
0.001	0.997	0.001	0.001
0.997	0.001	0.001	0.001
0.997	0.001	0.001	0.001
>GGTCGAGT	2-GGTCGAGT	-4.572761	-4354.558704	0	T:18283.0(94.97%),B:34313.4(63.34%),P:1e-1891	Tpos:357.1,Tstd:329.5,Bpos:399.8,Bstd:698.8,StrandBias:0.0,Multiplicity:5.31
0.001	0.001	0.997	0.001
0.160	0.001	0.838	0.001
0.001	0.001	0.001	0.997
0.001	0.997	0.001	0.001
0.001	0.001	0.997	0.001
0.997	0.001	0.001	0.001
0.001	0.001	0.997	0.001
0.001	0.001	0.001	0.997
>TTTAAAAA	3-TTTAAAAA	1.425642	-4281.677952	0	T:16854.0(87.54%),B:28105.0(51.88%),P:1e-1859	Tpos:370.2,Tstd:344.2,Bpos:600.8,Bstd:823.2,StrandBias:0.0,Multiplicity:3.98
0.001	0.001	0.001	0.997
0.001	0.001	0.001	0.997
0.144	0.001	0.001	0.854
0.787	0.001	0.001	0.211
0.997	0.001	0.001	0.001
0.997	0.001	0.001	0.001
0.722	0.001	0.001	0.276
0.618	0.074	0.001	0.307
>TATTMGAA	4-TATTMGAA	3.074418	-4049.888878	0	T:18569.0(96.45%),B:36721.0(67.79%),P:1e-1758	Tpos:358.7,Tstd:331.0,Bpos:434.9,Bstd:713.5,StrandBias:-0.0,Multiplicity:3.14
0.003	0.040	0.089	0.868
0.861	0.014	0.124	0.001
0.001	0.106	0.343	0.550
0.001	0.084	0.101	0.814
0.536	0.445	0.018	0.001
0.001	0.131	0.725	0.143
0.475	0.236	0.097	0.191
0.881	0.048	0.001	0.070
>TAGGTAGG	5-TAGGTAGG	-6.691238	-3905.993439	0	T:18978.0(98.58%),B:39820.4(73.51%),P:1e-1696	Tpos:359.8,Tstd:334.2,Bpos:415.9,Bstd:700.7,StrandBias:0.0,Multiplicity:3.64
0.001	0.023	0.001	0.975
0.997	0.001	0.001	0.001
0.001	0.133	0.865	0.001
0.001	0.001	0.997	0.001
0.001	0.001	0.001	0.997
0.997	0.001	0.001	0.001
0.001	0.001	0.961	0.037
0.001	0.001	0.997	0.001
>GTCCGCGT	6-GTCCGCGT	-5.523503	-3829.260090	0	T:18936.0(98.36%),B:39712.1(73.31%),P:1e-1663	Tpos:355.6,Tstd:329.6,Bpos:322.2,Bstd:619.7,StrandBias:0.0,Multiplicity:3.69
0.001	0.001	0.997	0.001
0.001	0.001	0.399	0.599
0.001	0.877	0.121	0.001
0.336	0.525	0.138	0.001
0.001	0.116	0.882	0.001
0.001	0.997	0.001	0.001
0.312	0.001	0.686	0.001
0.001	0.001	0.288	0.710
>AWAWTATW	7-AWAWTATW	3.723056	-3742.755237	0	T:17380.0(90.28%),B:31715.9(58.55%),P:1e-1625	Tpos:370.4,Tstd:343.1,Bpos:608.2,Bstd:834.2,StrandBias:-0.0,Multiplicity:3.75
0.828	0.041	0.021	0.110
0.537	0.001	0.001	0.461
0.877	0.001	0.001	0.121
0.452	0.025	0.039	0.484
0.079	0.001	0.001	0.919
0.841	0.001	0.001	0.157
0.108	0.001	0.012	0.879
0.443	0.001	0.020	0.536
>TATACAAT	8-TATACAAT	3.053726	-3605.834714	0	T:18394.0(95.54%),B:36950.9(68.21%),P:1e-1565	Tpos:362.0,Tstd:336.3,Bpos:473.5,Bstd:741.8,StrandBias:0.0,Multiplicity:3.28
0.001	0.191	0.001	0.807
0.903	0.001	0.095	0.001
0.001	0.001	0.090	0.908
0.542	0.001	0.197	0.260
0.382	0.616	0.001	0.001
0.911	0.003	0.001	0.085
0.483	0.166	0.091	0.260
0.001	0.001	0.228	0.770
>CAGAACAA	9-CAGAACAA	-2.743184	-3360.046348	0	T:19009.0(98.74%),B:41560.2(76.72%),P:1e-1459	Tpos:347.2,Tstd:323.6,Bpos:379.5,Bstd:677.9,StrandBias:0.0,Multiplicity:2.84
0.001	0.997	0.001	0.001
0.997	0.001	0.001	0.001
0.001	0.001	0.997	0.001
0.997	0.001	0.001	0.001
0.997	0.001	0.001	0.001
0.001	0.997	0.001	0.001
0.997	0.001	0.001	0.001
0.997	0.001	0.001	0.001
>TTGCTAAA	10-TTGCTAAA	-3.415900	-3352.692772	0	T:19037.0(98.88%),B:41804.6(77.17%),P:1e-1456	Tpos:360.1,Tstd:334.0,Bpos:414.6,Bstd:701.7,StrandBias:0.0,Multiplicity:3.31
0.001	0.001	0.001	0.997
0.001	0.001	0.001	0.997
0.001	0.001	0.997	0.001
0.098	0.563	0.338	0.001
0.001	0.001	0.001	0.997
0.997	0.001	0.001	0.001
0.997	0.001	0.001	0.001
0.901	0.001	0.097	0.001
>SATGTGAT	11-SATGTGAT	-1.398897	-3159.475315	0	T:19109.0(99.26%),B:42959.2(79.30%),P:1e-1372	Tpos:358.1,Tstd:332.4,Bpos:422.5,Bstd:710.7,StrandBias:0.0,Multiplicity:3.16
0.048	0.468	0.484	0.001
0.969	0.001	0.029	0.001
0.010	0.341	0.018	0.631
0.080	0.001	0.918	0.001
0.001	0.001	0.001	0.997
0.001	0.200	0.501	0.298
0.989	0.009	0.001	0.001
0.001	0.017	0.001	0.981
>BATTAAGT	12-BATTAAGT	2.062891	-1504.408164	0	T:19245.0(99.96%),B:49285.7(90.98%),P:1e-653	Tpos:355.8,Tstd:329.5,Bpos:365.1,Bstd:666.0,StrandBias:0.0,Multiplicity:3.07
0.007	0.321	0.288	0.384
0.558	0.280	0.060	0.102
0.048	0.091	0.112	0.749
0.062	0.205	0.237	0.496
0.666	0.172	0.108	0.054
0.800	0.108	0.058	0.034
0.001	0.050	0.948	0.001
0.147	0.184	0.254	0.415
>GTTTTCAR	13-GTTTTCAR	2.046384	-1385.603567	0	T:19249.0(99.98%),B:49715.7(91.78%),P:1e-601	Tpos:355.8,Tstd:328.1,Bpos:361.4,Bstd:659.1,StrandBias:-0.0,Multiplicity:3.00
0.021	0.197	0.739	0.043
0.098	0.103	0.266	0.533
0.032	0.175	0.051	0.742
0.012	0.117	0.059	0.812
0.046	0.317	0.072	0.565
0.001	0.950	0.048	0.001
0.399	0.245	0.184	0.171
0.405	0.174	0.284	0.137
>TTTAAACC	14-TTTAAACC	0.453314	-14.297765	0	T:19252.0(100.00%),B:54123.7(99.91%),P:1e-6	Tpos:358.3,Tstd:334.1,Bpos:434.1,Bstd:726.7,StrandBias:-0.0,Multiplicity:5.19
0.100	0.100	0.100	0.700
0.100	0.100	0.100	0.700
0.100	0.100	0.100	0.700
0.700	0.100	0.100	0.100
0.700	0.100	0.100	0.100
0.700	0.100	0.100	0.100
0.100	0.700	0.100	0.100
0.100	0.700	0.100	0.100
>TACTTATT	15-TACTTATT	0.000000	-3.953630	0	T:19252.0(100.00%),B:54157.2(99.98%),P:1e-1
0.100	0.100	0.100	0.700
0.700	0.100	0.100	0.100
0.100	0.700	0.100	0.100
0.100	0.100	0.100	0.700
0.100	0.100	0.100	0.700
0.700	0.100	0.100	0.100
0.100	0.100	0.100	0.700
0.100	0.100	0.100	0.700
>TAAACAAA	16-TAAACAAA	0.000000	-3.345326	0	T:19252.0(100.00%),B:54159.9(99.98%),P:1e-1
0.100	0.100	0.100	0.700
0.700	0.100	0.100	0.100
0.700	0.100	0.100	0.100
0.700	0.100	0.100	0.100
0.100	0.700	0.100	0.100
0.700	0.100	0.100	0.100
0.700	0.100	0.100	0.100
0.700	0.100	0.100	0.100
>TAGAATAA	17-TAGAATAA	0.000000	-3.041182	0	T:19252.0(100.00%),B:54160.1(99.98%),P:1e-1
0.100	0.100	0.100	0.700
0.700	0.100	0.100	0.100
0.100	0.100	0.700	0.100
0.700	0.100	0.100	0.100
0.700	0.100	0.100	0.100
0.100	0.100	0.100	0.700
0.700	0.100	0.100	0.100
0.700	0.100	0.100	0.100
>TTAAACCA	18-TTAAACCA	0.000000	-1.520530	0	T:19252.0(100.00%),B:54165.3(99.99%),P:1e0
0.100	0.100	0.100	0.700
0.100	0.100	0.100	0.700
0.700	0.100	0.100	0.100
0.700	0.100	0.100	0.100
0.700	0.100	0.100	0.100
0.100	0.700	0.100	0.100
0.100	0.700	0.100	0.100
0.700	0.100	0.100	0.100
>ACTACAAA	19-ACTACAAA	0.000000	-1.520530	0	T:19252.0(100.00%),B:54165.9(99.99%),P:1e0
0.700	0.100	0.100	0.100
0.100	0.700	0.100	0.100
0.100	0.100	0.100	0.700
0.700	0.100	0.100	0.100
0.100	0.700	0.100	0.100
0.700	0.100	0.100	0.100
0.700	0.100	0.100	0.100
0.700	0.100	0.100	0.100
>TATTAAGG	20-TATTAAGG	0.000000	-1.216415	0	T:19252.0(100.00%),B:54166.2(99.99%),P:1e0
0.100	0.100	0.100	0.700
0.700	0.100	0.100	0.100
0.100	0.100	0.100	0.700
0.100	0.100	0.100	0.700
0.700	0.100	0.100	0.100
0.700	0.100	0.100	0.100
0.100	0.100	0.700	0.100
0.100	0.100	0.700	0.100
>ATTATAGG	21-ATTATAGG	0.000000	-0.304096	0	T:19252.0(100.00%),B:54169.4(100.00%),P:1e0
0.700	0.100	0.100	0.100
0.100	0.100	0.100	0.700
0.100	0.100	0.100	0.700
0.700	0.100	0.100	0.100
0.100	0.100	0.100	0.700
0.700	0.100	0.100	0.100
0.100	0.100	0.700	0.100
0.100	0.100	0.700	0.100
>NNNNNNNN	22-NNNNNNNN	-nan	0.000000	0	T:0.0(0.00%),B:0.0(0.00%),P:1e0	Tpos:0.0,Tstd:0.0,Bpos:0.0,Bstd:0.0,StrandBias:0.0,Multiplicity:1.00
-nan	-nan	-nan	-nan
-nan	-nan	-nan	-nan
-nan	-nan	-nan	-nan
-nan	-nan	-nan	-nan
-nan	-nan	-nan	-nan
-nan	-nan	-nan	-nan
-nan	-nan	-nan	-nan
-nan	-nan	-nan	-nan
>NNNNNNNN	23-NNNNNNNN	-nan	0.000000	0	T:0.0(0.00%),B:0.0(0.00%),P:1e0	Tpos:0.0,Tstd:0.0,Bpos:0.0,Bstd:0.0,StrandBias:0.0,Multiplicity:1.00
-nan	-nan	-nan	-nan
-nan	-nan	-nan	-nan
-nan	-nan	-nan	-nan
-nan	-nan	-nan	-nan
-nan	-nan	-nan	-nan
-nan	-nan	-nan	-nan
-nan	-nan	-nan	-nan
-nan	-nan	-nan	-nan
>NNNNNNNN	24-NNNNNNNN	-nan	0.000000	0	T:0.0(0.00%),B:0.0(0.00%),P:1e0	Tpos:0.0,Tstd:0.0,Bpos:0.0,Bstd:0.0,StrandBias:0.0,Multiplicity:1.00
-nan	-nan	-nan	-nan
-nan	-nan	-nan	-nan
-nan	-nan	-nan	-nan
-nan	-nan	-nan	-nan
-nan	-nan	-nan	-nan
-nan	-nan	-nan	-nan
-nan	-nan	-nan	-nan
-nan	-nan	-nan	-nan
>ATTCTATT	25-ATTCTATT	-1.492596	0.000000	0	T:19252.0(100.00%),B:54170.6(100.00%),P:1e0	Tpos:352.9,Tstd:328.9,Bpos:396.3,Bstd:689.3,StrandBias:0.0,Multiplicity:3.91
0.700	0.100	0.100	0.100
0.100	0.100	0.100	0.700
0.100	0.100	0.100	0.700
0.100	0.700	0.100	0.100
0.100	0.100	0.100	0.700
0.700	0.100	0.100	0.100
0.100	0.100	0.100	0.700
0.100	0.100	0.100	0.700
