>CAGATAAG	1-CAGATAAG	3.625367	-98.320564	0	T:10413.0(55.50%),B:40611.8(49.93%),P:1e-42	Tpos:25.3,Tstd:12.6,Bpos:14879.4,Bstd:18261.8,StrandBias:-0.1,Multiplicity:1.23
0.171	0.516	0.202	0.111
0.833	0.007	0.001	0.159
0.001	0.001	0.997	0.001
0.997	0.001	0.001	0.001
0.001	0.001	0.001	0.997
0.988	0.001	0.001	0.010
0.978	0.001	0.010	0.011
0.050	0.047	0.881	0.022
>ADAWAWGA	2-ADAWAWGA	4.967821	-0.000000	0	T:3901.0(20.79%),B:47566.4(58.48%),P:1e0	Tpos:24.3,Tstd:13.6,Bpos:15363.9,Bstd:17859.7,StrandBias:0.0,Multiplicity:1.05
0.575	0.042	0.190	0.193
0.332	0.106	0.272	0.290
0.486	0.234	0.069	0.211
0.467	0.049	0.134	0.349
0.488	0.290	0.072	0.150
0.501	0.006	0.003	0.490
0.039	0.281	0.645	0.035
0.912	0.031	0.013	0.044
>AWKVAWAW	3-AWKVAWAW	3.530620	-0.000000	0	T:6462.0(34.44%),B:61029.1(75.03%),P:1e0	Tpos:25.2,Tstd:13.5,Bpos:15463.1,Bstd:18108.8,StrandBias:-0.0,Multiplicity:1.04
0.423	0.209	0.167	0.201
0.478	0.001	0.161	0.360
0.256	0.070	0.409	0.264
0.344	0.251	0.298	0.108
0.595	0.163	0.117	0.125
0.429	0.081	0.124	0.366
0.529	0.094	0.108	0.269
0.446	0.062	0.113	0.379
>NTTTTTTW	4-NTTTTTTW	3.322071	-0.000000	0	T:5161.0(27.51%),B:57201.1(70.32%),P:1e0	Tpos:25.8,Tstd:13.4,Bpos:15210.9,Bstd:18020.7,StrandBias:0.4,Multiplicity:1.02
0.326	0.178	0.203	0.293
0.150	0.258	0.144	0.448
0.215	0.020	0.040	0.725
0.098	0.172	0.265	0.465
0.147	0.237	0.204	0.411
0.263	0.221	0.035	0.481
0.255	0.163	0.122	0.461
0.350	0.172	0.179	0.299
>WAAAMANW	5-WAAAMANW	2.950448	-0.000000	0	T:7261.0(38.70%),B:63401.5(77.95%),P:1e0	Tpos:24.7,Tstd:13.6,Bpos:15269.7,Bstd:17941.7,StrandBias:0.1,Multiplicity:1.03
0.363	0.202	0.133	0.302
0.518	0.111	0.128	0.243
0.448	0.132	0.197	0.223
0.420	0.210	0.235	0.135
0.391	0.336	0.121	0.152
0.607	0.055	0.065	0.273
0.315	0.191	0.292	0.202
0.374	0.178	0.139	0.309
>AGATTATC	6-AGATTATC	5.337107	-0.000000	0	T:2422.0(12.91%),B:38282.4(47.07%),P:1e0	Tpos:24.6,Tstd:13.4,Bpos:14860.3,Bstd:18224.9,StrandBias:0.1,Multiplicity:1.02
0.956	0.003	0.016	0.025
0.055	0.057	0.858	0.030
0.910	0.049	0.008	0.033
0.019	0.011	0.022	0.948
0.005	0.014	0.001	0.980
0.893	0.001	0.024	0.082
0.101	0.047	0.011	0.841
0.109	0.664	0.131	0.096
>TATCATBH	7-TATCATBH	2.020832	-0.000000	0	T:4421.0(23.56%),B:37703.4(46.35%),P:1e0	Tpos:25.3,Tstd:13.7,Bpos:15388.4,Bstd:19047.1,StrandBias:0.0,Multiplicity:1.06
0.001	0.001	0.001	0.997
0.997	0.001	0.001	0.001
0.001	0.001	0.001	0.997
0.001	0.997	0.001	0.001
0.997	0.001	0.001	0.001
0.001	0.005	0.228	0.766
0.166	0.332	0.275	0.228
0.352	0.236	0.073	0.339
>AAAAAAAA	8-AAAAAAAA	4.000933	-0.000000	0	T:4966.0(26.47%),B:54393.0(66.87%),P:1e0	Tpos:25.0,Tstd:14.1,Bpos:14851.0,Bstd:17472.4,StrandBias:-0.1,Multiplicity:1.05
0.549	0.117	0.139	0.195
0.452	0.086	0.180	0.283
0.589	0.073	0.171	0.167
0.596	0.096	0.161	0.147
0.601	0.090	0.178	0.131
0.565	0.102	0.140	0.193
0.559	0.128	0.163	0.150
0.573	0.053	0.152	0.222
>ATCTTTTW	9-ATCTTTTW	5.978196	-0.000000	0	T:4226.0(22.52%),B:46442.2(57.10%),P:1e0	Tpos:25.0,Tstd:13.7,Bpos:14821.7,Bstd:18177.6,StrandBias:0.3,Multiplicity:1.05
0.997	0.001	0.001	0.001
0.001	0.001	0.001	0.997
0.001	0.997	0.001	0.001
0.040	0.001	0.001	0.958
0.212	0.020	0.241	0.527
0.309	0.225	0.001	0.464
0.284	0.051	0.165	0.500
0.341	0.158	0.085	0.416
>DCTATCTM	10-DCTATCTM	4.679568	-0.000000	0	T:3040.0(16.20%),B:40704.0(50.04%),P:1e0	Tpos:24.5,Tstd:13.7,Bpos:14802.9,Bstd:18836.1,StrandBias:-0.0,Multiplicity:1.24
0.360	0.001	0.345	0.294
0.283	0.580	0.136	0.001
0.001	0.001	0.001	0.997
0.997	0.001	0.001	0.001
0.001	0.001	0.001	0.997
0.065	0.933	0.001	0.001
0.043	0.001	0.001	0.955
0.236	0.360	0.198	0.206
>TTTTTTTT	11-TTTTTTTT	3.306971	-0.000000	0	T:7181.0(38.27%),B:62988.1(77.44%),P:1e0	Tpos:24.6,Tstd:13.5,Bpos:15348.1,Bstd:18251.5,StrandBias:0.1,Multiplicity:1.05
0.248	0.160	0.078	0.514
0.228	0.170	0.104	0.499
0.186	0.183	0.138	0.493
0.174	0.160	0.101	0.565
0.161	0.156	0.135	0.548
0.203	0.162	0.111	0.524
0.256	0.161	0.088	0.496
0.256	0.139	0.093	0.512
>TCAGANAT	12-TCAGANAT	5.400702	-0.000000	0	T:3259.0(17.37%),B:45318.9(55.72%),P:1e0	Tpos:24.5,Tstd:13.2,Bpos:15236.7,Bstd:17955.4,StrandBias:-0.1,Multiplicity:1.11
0.206	0.001	0.001	0.792
0.291	0.600	0.032	0.077
0.608	0.001	0.001	0.390
0.001	0.001	0.909	0.089
0.797	0.001	0.001	0.201
0.288	0.260	0.243	0.209
0.528	0.001	0.168	0.303
0.248	0.107	0.185	0.460
>TTTTTTTY	13-TTTTTTTY	5.769477	-0.000000	0	T:2495.0(13.30%),B:46799.9(57.54%),P:1e0	Tpos:25.3,Tstd:13.6,Bpos:14999.5,Bstd:17128.9,StrandBias:0.1,Multiplicity:1.06
0.179	0.176	0.001	0.644
0.037	0.131	0.001	0.831
0.108	0.001	0.001	0.890
0.036	0.165	0.039	0.760
0.036	0.164	0.035	0.765
0.182	0.268	0.071	0.480
0.018	0.120	0.001	0.861
0.129	0.352	0.030	0.489
>WTTNWTTW	14-WTTNWTTW	3.499108	-0.000000	0	T:5901.0(31.45%),B:59046.0(72.59%),P:1e0	Tpos:24.9,Tstd:14.0,Bpos:15331.1,Bstd:18175.2,StrandBias:0.1,Multiplicity:1.03
0.326	0.206	0.043	0.424
0.240	0.135	0.038	0.587
0.189	0.095	0.198	0.518
0.199	0.301	0.196	0.305
0.338	0.249	0.001	0.412
0.278	0.087	0.124	0.511
0.218	0.235	0.140	0.408
0.375	0.126	0.067	0.432
>TCWKWAAD	15-TCWKWAAD	6.196428	-0.000000	0	T:1650.0(8.79%),B:40245.2(49.48%),P:1e0	Tpos:24.6,Tstd:13.5,Bpos:14964.9,Bstd:18037.5,StrandBias:-0.1,Multiplicity:1.05
0.001	0.001	0.001	0.997
0.001	0.997	0.001	0.001
0.495	0.001	0.001	0.503
0.123	0.001	0.412	0.464
0.501	0.001	0.001	0.497
0.463	0.238	0.001	0.298
0.628	0.001	0.101	0.270
0.350	0.001	0.353	0.296
>TCTGATTA	16-TCTGATTA	4.970774	-0.000000	0	T:3476.0(18.53%),B:42647.3(52.43%),P:1e0	Tpos:24.9,Tstd:13.6,Bpos:15058.5,Bstd:18117.4,StrandBias:-0.0,Multiplicity:1.03
0.112	0.061	0.099	0.728
0.134	0.648	0.082	0.136
0.249	0.018	0.014	0.719
0.170	0.186	0.468	0.176
0.670	0.076	0.059	0.195
0.162	0.083	0.091	0.664
0.185	0.177	0.126	0.512
0.590	0.082	0.119	0.209
>WDNMWGAT	17-WDNMWGAT	5.383298	-0.000000	0	T:4781.0(25.48%),B:51186.4(62.93%),P:1e0	Tpos:24.6,Tstd:13.6,Bpos:15055.1,Bstd:18133.2,StrandBias:-0.1,Multiplicity:1.03
0.394	0.223	0.086	0.297
0.307	0.116	0.260	0.318
0.330	0.181	0.201	0.288
0.435	0.373	0.191	0.001
0.536	0.001	0.001	0.462
0.144	0.004	0.850	0.002
0.950	0.048	0.001	0.001
0.050	0.009	0.001	0.940
>WWTTTTWW	18-WWTTTTWW	3.238432	-0.000000	0	T:6888.0(36.71%),B:61103.9(75.12%),P:1e0	Tpos:23.6,Tstd:14.2,Bpos:15018.4,Bstd:18031.4,StrandBias:-0.1,Multiplicity:1.01
0.332	0.209	0.035	0.424
0.263	0.152	0.182	0.404
0.001	0.246	0.241	0.512
0.001	0.325	0.185	0.488
0.228	0.260	0.001	0.511
0.262	0.203	0.105	0.430
0.313	0.200	0.061	0.426
0.307	0.167	0.126	0.400
>AAAAAAAA	19-AAAAAAAA	3.644053	-0.000000	0	T:4622.0(24.63%),B:53185.6(65.39%),P:1e0	Tpos:24.5,Tstd:13.6,Bpos:14823.6,Bstd:18178.0,StrandBias:0.2,Multiplicity:1.02
0.494	0.108	0.134	0.265
0.485	0.095	0.171	0.249
0.517	0.124	0.131	0.228
0.536	0.121	0.183	0.160
0.589	0.106	0.162	0.143
0.491	0.138	0.147	0.223
0.483	0.136	0.150	0.230
0.476	0.103	0.155	0.266
>WWWTTWTW	20-WWWTTWTW	3.172776	-0.000000	0	T:5546.0(29.56%),B:56968.3(70.04%),P:1e0	Tpos:25.7,Tstd:14.0,Bpos:14918.0,Bstd:18509.8,StrandBias:-0.1,Multiplicity:1.02
0.384	0.203	0.001	0.411
0.308	0.175	0.155	0.362
0.286	0.176	0.167	0.371
0.001	0.286	0.190	0.523
0.202	0.267	0.001	0.530
0.264	0.207	0.126	0.403
0.310	0.212	0.001	0.476
0.284	0.182	0.151	0.383
>WKTBTBTD	21-WKTBTBTD	2.957159	-0.000000	0	T:6653.0(35.46%),B:63198.4(77.70%),P:1e0	Tpos:24.4,Tstd:13.3,Bpos:15299.1,Bstd:17753.5,StrandBias:0.1,Multiplicity:1.04
0.403	0.136	0.132	0.329
0.187	0.200	0.245	0.367
0.242	0.161	0.142	0.454
0.170	0.332	0.232	0.266
0.283	0.039	0.051	0.627
0.154	0.257	0.256	0.333
0.219	0.133	0.098	0.550
0.274	0.175	0.224	0.327
>HTTBTNHH	22-HTTBTNHH	2.766510	-0.000000	0	T:7179.0(38.26%),B:66932.8(82.29%),P:1e0	Tpos:24.6,Tstd:13.5,Bpos:15462.2,Bstd:17687.3,StrandBias:0.0,Multiplicity:1.03
0.359	0.253	0.102	0.286
0.188	0.166	0.145	0.501
0.189	0.148	0.188	0.475
0.129	0.344	0.201	0.326
0.304	0.081	0.050	0.565
0.196	0.184	0.313	0.307
0.240	0.254	0.156	0.350
0.304	0.234	0.139	0.322
>TATCTBVW	23-TATCTBVW	5.922433	-0.000000	0	T:6985.0(37.23%),B:40911.2(50.30%),P:1e0	Tpos:24.6,Tstd:13.9,Bpos:15208.8,Bstd:18806.7,StrandBias:0.0,Multiplicity:1.07
0.001	0.001	0.001	0.997
0.997	0.001	0.001	0.001
0.001	0.001	0.001	0.997
0.001	0.997	0.001	0.001
0.105	0.001	0.001	0.893
0.144	0.307	0.327	0.221
0.311	0.361	0.223	0.106
0.360	0.131	0.141	0.367
>TWAASWTW	24-TWAASWTW	4.857991	-0.000000	0	T:6431.0(34.28%),B:53146.3(65.34%),P:1e0	Tpos:24.4,Tstd:14.0,Bpos:14644.0,Bstd:18290.6,StrandBias:0.1,Multiplicity:1.07
0.256	0.203	0.001	0.540
0.436	0.001	0.001	0.562
0.546	0.203	0.008	0.243
0.590	0.001	0.001	0.408
0.249	0.312	0.434	0.005
0.452	0.001	0.001	0.546
0.420	0.001	0.001	0.578
0.554	0.001	0.001	0.444
>GATNAGAT	25-GATNAGAT	6.632896	-0.000000	0	T:854.0(4.55%),B:14073.0(17.30%),P:1e0	Tpos:26.1,Tstd:12.5,Bpos:15538.3,Bstd:17884.1,StrandBias:0.2,Multiplicity:1.00
0.135	0.149	0.578	0.138
0.657	0.131	0.099	0.113
0.109	0.086	0.118	0.687
0.271	0.203	0.200	0.327
0.726	0.037	0.045	0.192
0.140	0.042	0.614	0.204
0.734	0.059	0.093	0.114
0.146	0.073	0.102	0.679
