>NYYCTTATCT	1-NYYCTTATCT	3.832351	-9.097960	0	T:9363.0(49.90%),B:39374.0(48.41%),P:1e-3	Tpos:25.2,Tstd:12.0,Bpos:14893.1,Bstd:18203.2,StrandBias:0.1,Multiplicity:1.19
0.270	0.298	0.209	0.223
0.177	0.261	0.188	0.373
0.027	0.390	0.224	0.360
0.012	0.820	0.104	0.064
0.005	0.002	0.001	0.992
0.052	0.002	0.001	0.945
0.995	0.001	0.003	0.001
0.001	0.001	0.001	0.997
0.001	0.997	0.001	0.001
0.240	0.002	0.004	0.754
>TTATCWDRVN	2-TTATCWDRVN	1.824837	-0.000879	0	T:9638.0(51.37%),B:42810.5(52.63%),P:1e0	Tpos:25.3,Tstd:14.6,Bpos:14945.3,Bstd:18255.5,StrandBias:-0.0,Multiplicity:1.03
0.001	0.001	0.001	0.997
0.001	0.001	0.001	0.997
0.997	0.001	0.001	0.001
0.001	0.001	0.001	0.997
0.001	0.997	0.001	0.001
0.563	0.001	0.001	0.435
0.289	0.152	0.337	0.223
0.384	0.190	0.341	0.085
0.394	0.289	0.270	0.047
0.218	0.270	0.218	0.294
>NNNNNNWGAT	3-NNNNNNWGAT	5.868153	-0.000000	0	T:71.0(0.38%),B:8482.8(10.43%),P:1e0	Tpos:21.6,Tstd:11.0,Bpos:13904.8,Bstd:17980.9,StrandBias:-0.1,Multiplicity:1.00
0.292	0.243	0.211	0.254
0.315	0.194	0.197	0.294
0.341	0.194	0.214	0.251
0.310	0.166	0.240	0.283
0.258	0.198	0.265	0.279
0.277	0.309	0.210	0.204
0.543	0.028	0.002	0.427
0.047	0.015	0.908	0.030
0.967	0.016	0.004	0.013
0.011	0.001	0.018	0.970
>AAAAANMANW	4-AAAAANMANW	4.632812	-0.000000	0	T:4588.0(24.45%),B:56080.2(68.95%),P:1e0	Tpos:24.5,Tstd:12.9,Bpos:15151.4,Bstd:17988.2,StrandBias:-0.0,Multiplicity:1.03
0.617	0.103	0.079	0.201
0.693	0.097	0.151	0.059
0.813	0.107	0.043	0.037
0.538	0.237	0.132	0.093
0.451	0.137	0.169	0.242
0.279	0.233	0.273	0.215
0.319	0.414	0.043	0.223
0.519	0.133	0.001	0.347
0.215	0.286	0.271	0.227
0.524	0.085	0.001	0.390
>WTTTTTTTTT	5-WTTTTTTTTT	4.347319	-0.000000	0	T:4250.0(22.65%),B:53923.3(66.29%),P:1e0	Tpos:25.2,Tstd:13.7,Bpos:15241.3,Bstd:18090.6,StrandBias:-0.0,Multiplicity:1.03
0.373	0.207	0.081	0.338
0.283	0.001	0.147	0.569
0.221	0.158	0.184	0.437
0.245	0.167	0.149	0.438
0.204	0.178	0.170	0.449
0.193	0.170	0.118	0.519
0.153	0.145	0.109	0.593
0.030	0.122	0.106	0.742
0.066	0.125	0.071	0.738
0.277	0.153	0.116	0.454
>HACASHCAMA	6-HACASHCAMA	4.503238	-0.000000	0	T:3970.0(21.16%),B:51973.9(63.90%),P:1e0	Tpos:24.9,Tstd:12.8,Bpos:15409.7,Bstd:17861.2,StrandBias:-0.0,Multiplicity:1.06
0.287	0.330	0.154	0.229
0.624	0.087	0.026	0.263
0.159	0.469	0.181	0.190
0.752	0.010	0.001	0.237
0.169	0.377	0.258	0.196
0.381	0.344	0.025	0.250
0.224	0.590	0.020	0.166
0.732	0.069	0.001	0.198
0.279	0.365	0.185	0.171
0.541	0.108	0.019	0.332
>NNNNNNWGAT	7-NNNNNNWGAT	5.083875	-0.000000	0	T:4171.0(22.23%),B:49403.5(60.74%),P:1e0	Tpos:24.1,Tstd:13.2,Bpos:15210.2,Bstd:18126.2,StrandBias:-0.0,Multiplicity:1.04
0.295	0.235	0.187	0.283
0.240	0.226	0.278	0.256
0.278	0.236	0.205	0.281
0.216	0.233	0.225	0.326
0.280	0.228	0.214	0.278
0.248	0.286	0.222	0.244
0.528	0.001	0.005	0.466
0.040	0.002	0.931	0.027
0.990	0.004	0.002	0.004
0.022	0.004	0.005	0.969
>WAAAAAAAAA	8-WAAAAAAAAA	4.886190	-0.000000	0	T:2468.0(13.15%),B:45919.1(56.45%),P:1e0	Tpos:29.8,Tstd:14.9,Bpos:16260.2,Bstd:17679.6,StrandBias:0.4,Multiplicity:1.00
0.423	0.132	0.128	0.318
0.437	0.127	0.180	0.256
0.588	0.164	0.247	0.001
0.582	0.210	0.207	0.001
0.568	0.205	0.226	0.001
0.522	0.106	0.175	0.197
0.511	0.239	0.224	0.026
0.660	0.001	0.001	0.338
0.424	0.117	0.220	0.238
0.449	0.097	0.156	0.298
>TGATTAATCT	9-TGATTAATCT	8.433898	-0.000000	0	T:115.0(0.61%),B:10301.6(12.67%),P:1e0	Tpos:24.0,Tstd:11.7,Bpos:15302.8,Bstd:18542.5,StrandBias:0.0,Multiplicity:1.00
0.022	0.001	0.022	0.955
0.001	0.045	0.909	0.045
0.797	0.090	0.045	0.068
0.045	0.001	0.045	0.909
0.001	0.001	0.001	0.997
0.863	0.135	0.001	0.001
0.932	0.022	0.001	0.045
0.113	0.001	0.006	0.880
0.001	0.865	0.067	0.067
0.089	0.001	0.001	0.909
>TCTGTTTTGA	10-TCTGTTTTGA	10.296193	-0.000000	0	T:4.0(0.02%),B:1506.8(1.85%),P:1e0	Tpos:21.0,Tstd:0.0,Bpos:15358.3,Bstd:18171.7,StrandBias:10.0,Multiplicity:1.00
0.100	0.100	0.100	0.700
0.100	0.700	0.100	0.100
0.100	0.100	0.100	0.700
0.100	0.100	0.700	0.100
0.100	0.100	0.100	0.700
0.100	0.100	0.100	0.700
0.100	0.100	0.100	0.700
0.100	0.100	0.100	0.700
0.100	0.100	0.700	0.100
0.700	0.100	0.100	0.100
>ATCWNNNNNN	11-ATCWNNNNNN	5.348931	-0.000000	0	T:1396.0(7.44%),B:35590.3(43.76%),P:1e0	Tpos:24.8,Tstd:12.8,Bpos:15284.3,Bstd:18098.9,StrandBias:0.4,Multiplicity:1.02
0.997	0.001	0.001	0.001
0.001	0.001	0.001	0.997
0.001	0.997	0.001	0.001
0.496	0.001	0.001	0.502
0.259	0.221	0.278	0.242
0.294	0.240	0.200	0.266
0.310	0.228	0.216	0.246
0.269	0.242	0.230	0.259
0.278	0.271	0.230	0.221
0.309	0.211	0.214	0.265
>TATCWNNNNN	12-TATCWNNNNN	5.733090	-0.000000	0	T:11095.0(59.14%),B:50824.5(62.49%),P:1e0	Tpos:25.2,Tstd:12.8,Bpos:15317.1,Bstd:18810.8,StrandBias:0.1,Multiplicity:1.08
0.001	0.001	0.001	0.997
0.997	0.001	0.001	0.001
0.001	0.001	0.001	0.997
0.001	0.997	0.001	0.001
0.552	0.001	0.001	0.446
0.193	0.204	0.330	0.274
0.182	0.270	0.281	0.267
0.198	0.267	0.225	0.310
0.223	0.272	0.277	0.227
0.241	0.263	0.222	0.274
>TCTGTKBTTT	13-TCTGTKBTTT	4.709056	-0.000000	0	T:4682.0(24.95%),B:54909.4(67.51%),P:1e0	Tpos:24.9,Tstd:13.2,Bpos:15453.3,Bstd:17746.3,StrandBias:-0.0,Multiplicity:1.04
0.202	0.042	0.015	0.741
0.085	0.442	0.206	0.267
0.160	0.001	0.001	0.838
0.040	0.338	0.544	0.078
0.259	0.012	0.068	0.661
0.167	0.135	0.410	0.288
0.161	0.261	0.247	0.331
0.209	0.200	0.164	0.426
0.235	0.192	0.168	0.405
0.271	0.101	0.142	0.487
>WAAAAAAAAW	14-WAAAAAAAAW	4.472762	-0.000000	0	T:3881.0(20.69%),B:52077.0(64.02%),P:1e0	Tpos:24.5,Tstd:13.2,Bpos:15221.7,Bstd:17737.8,StrandBias:-0.1,Multiplicity:1.05
0.487	0.079	0.070	0.365
0.515	0.042	0.118	0.325
0.609	0.056	0.145	0.190
0.615	0.105	0.141	0.139
0.569	0.117	0.161	0.153
0.591	0.073	0.145	0.191
0.532	0.162	0.157	0.149
0.568	0.068	0.092	0.272
0.470	0.098	0.197	0.235
0.448	0.074	0.113	0.364
>WWWTTTTTWW	15-WWWTTTTTWW	5.513399	-0.000000	0	T:1731.0(9.23%),B:40886.1(50.27%),P:1e0	Tpos:25.0,Tstd:13.4,Bpos:14870.1,Bstd:17201.2,StrandBias:-0.0,Multiplicity:1.05
0.394	0.137	0.072	0.396
0.319	0.177	0.131	0.374
0.333	0.109	0.100	0.459
0.216	0.176	0.098	0.510
0.231	0.083	0.021	0.665
0.109	0.161	0.072	0.658
0.109	0.077	0.001	0.813
0.231	0.123	0.052	0.594
0.400	0.103	0.001	0.495
0.371	0.021	0.118	0.490
>ATCWWTCTDW	16-ATCWWTCTDW	5.212438	-0.000000	0	T:1564.0(8.34%),B:35983.6(44.24%),P:1e0	Tpos:25.0,Tstd:13.1,Bpos:15162.8,Bstd:18267.8,StrandBias:0.2,Multiplicity:1.02
0.585	0.137	0.080	0.198
0.208	0.089	0.086	0.617
0.202	0.488	0.138	0.172
0.450	0.149	0.001	0.400
0.418	0.119	0.141	0.323
0.135	0.097	0.085	0.683
0.001	0.577	0.126	0.296
0.268	0.128	0.001	0.603
0.248	0.096	0.381	0.275
0.419	0.140	0.124	0.317
>WTTTTTTTTW	17-WTTTTTTTTW	5.233301	-0.000000	0	T:1210.0(6.45%),B:38859.1(47.77%),P:1e0	Tpos:21.4,Tstd:12.5,Bpos:15014.7,Bstd:18059.6,StrandBias:-0.9,Multiplicity:1.00
0.391	0.183	0.058	0.369
0.179	0.157	0.083	0.581
0.144	0.006	0.128	0.722
0.125	0.177	0.212	0.487
0.171	0.172	0.112	0.545
0.188	0.161	0.162	0.489
0.152	0.185	0.135	0.528
0.155	0.155	0.071	0.619
0.169	0.124	0.116	0.591
0.361	0.134	0.128	0.377
>TATCTNTNNN	18-TATCTNTNNN	6.985333	-0.000000	0	T:4829.0(25.74%),B:35673.2(43.86%),P:1e0	Tpos:24.8,Tstd:13.4,Bpos:15150.3,Bstd:18653.1,StrandBias:-0.0,Multiplicity:1.07
0.001	0.001	0.001	0.997
0.997	0.001	0.001	0.001
0.001	0.001	0.001	0.997
0.001	0.997	0.001	0.001
0.019	0.001	0.001	0.979
0.189	0.297	0.281	0.233
0.168	0.277	0.054	0.501
0.207	0.265	0.218	0.310
0.309	0.252	0.172	0.267
0.272	0.214	0.188	0.326
>WWWWTTHWGA	19-WWWWTTHWGA	4.991972	-0.000000	0	T:1620.0(8.63%),B:40120.5(49.33%),P:1e0	Tpos:25.7,Tstd:13.4,Bpos:14657.0,Bstd:17643.5,StrandBias:0.3,Multiplicity:1.03
0.396	0.161	0.145	0.298
0.302	0.180	0.147	0.371
0.369	0.164	0.041	0.426
0.278	0.163	0.143	0.416
0.001	0.316	0.128	0.555
0.279	0.171	0.119	0.431
0.288	0.321	0.144	0.248
0.536	0.001	0.001	0.462
0.211	0.129	0.459	0.201
0.997	0.001	0.001	0.001
>TTTTTTHTTT	20-TTTTTTHTTT	4.325197	-0.000000	0	T:4934.0(26.30%),B:58323.1(71.70%),P:1e0	Tpos:24.9,Tstd:13.2,Bpos:15547.9,Bstd:18063.5,StrandBias:0.1,Multiplicity:1.06
0.252	0.142	0.001	0.605
0.111	0.137	0.129	0.623
0.004	0.152	0.144	0.700
0.001	0.001	0.211	0.787
0.029	0.246	0.251	0.474
0.188	0.225	0.129	0.458
0.223	0.226	0.185	0.366
0.235	0.193	0.136	0.435
0.248	0.157	0.138	0.457
0.312	0.113	0.104	0.471
>AACAGAMTTT	21-AACAGAMTTT	4.498624	-0.000000	0	T:4203.0(22.40%),B:52853.0(64.98%),P:1e0	Tpos:25.0,Tstd:12.8,Bpos:15204.6,Bstd:18064.8,StrandBias:-0.1,Multiplicity:1.04
0.499	0.143	0.083	0.274
0.572	0.098	0.175	0.155
0.235	0.497	0.190	0.078
0.716	0.001	0.001	0.282
0.160	0.251	0.443	0.146
0.498	0.119	0.088	0.295
0.263	0.353	0.183	0.201
0.295	0.052	0.010	0.643
0.135	0.115	0.203	0.547
0.258	0.046	0.052	0.644
>TTTYCTKSAA	22-TTTYCTKSAA	6.763344	-0.000000	0	T:120.0(0.64%),B:14183.1(17.44%),P:1e0	Tpos:24.2,Tstd:12.5,Bpos:15387.4,Bstd:17743.7,StrandBias:0.0,Multiplicity:1.00
0.196	0.128	0.051	0.625
0.122	0.153	0.095	0.630
0.081	0.118	0.130	0.671
0.120	0.362	0.184	0.333
0.122	0.672	0.034	0.172
0.295	0.087	0.001	0.617
0.196	0.018	0.385	0.400
0.078	0.357	0.380	0.185
0.533	0.245	0.084	0.138
0.570	0.097	0.146	0.187
>NHYTKAGATA	23-NHYTKAGATA	2.809020	-0.000000	0	T:2047.0(10.91%),B:31615.2(38.87%),P:1e0	Tpos:24.2,Tstd:13.0,Bpos:15469.1,Bstd:18872.4,StrandBias:-0.2,Multiplicity:1.01
0.255	0.313	0.175	0.256
0.221	0.302	0.151	0.326
0.001	0.453	0.001	0.545
0.001	0.001	0.001	0.997
0.001	0.001	0.477	0.521
0.592	0.001	0.001	0.406
0.001	0.001	0.997	0.001
0.997	0.001	0.001	0.001
0.001	0.001	0.001	0.997
0.997	0.001	0.001	0.001
>WHWGATBGNN	24-WHWGATBGNN	6.404783	-0.000000	0	T:710.0(3.78%),B:32057.4(39.41%),P:1e0	Tpos:23.6,Tstd:13.1,Bpos:15490.1,Bstd:17817.2,StrandBias:-0.0,Multiplicity:1.02
0.510	0.016	0.001	0.473
0.285	0.423	0.001	0.291
0.512	0.001	0.001	0.486
0.001	0.001	0.997	0.001
0.997	0.001	0.001	0.001
0.001	0.001	0.001	0.997
0.001	0.330	0.341	0.327
0.235	0.143	0.414	0.207
0.221	0.252	0.249	0.277
0.266	0.235	0.258	0.241
>TAATCAHHTN	25-TAATCAHHTN	4.665254	-0.000000	0	T:2537.0(13.52%),B:43224.3(53.14%),P:1e0	Tpos:25.2,Tstd:13.4,Bpos:14797.7,Bstd:18081.0,StrandBias:0.1,Multiplicity:1.06
0.016	0.001	0.032	0.951
0.958	0.016	0.025	0.001
0.967	0.001	0.016	0.016
0.001	0.001	0.001	0.997
0.032	0.935	0.001	0.032
0.593	0.001	0.021	0.385
0.330	0.267	0.001	0.403
0.364	0.330	0.001	0.305
0.227	0.207	0.065	0.501
0.191	0.280	0.235	0.294
>BTTATCTNNNNN	1-BTTATCTNNNNN	2.205936	-4.569445	0	T:8840.0(47.12%),B:37561.7(46.18%),P:1e-1	Tpos:25.3,Tstd:11.3,Bpos:14843.7,Bstd:18304.9,StrandBias:0.1,Multiplicity:1.14
0.037	0.417	0.274	0.272
0.001	0.001	0.001	0.997
0.001	0.001	0.001	0.997
0.997	0.001	0.001	0.001
0.001	0.001	0.001	0.997
0.001	0.997	0.001	0.001
0.381	0.001	0.001	0.617
0.205	0.269	0.317	0.209
0.267	0.269	0.172	0.292
0.245	0.249	0.226	0.280
0.231	0.290	0.226	0.253
0.250	0.254	0.234	0.262
>TATCTAATCAGC	2-TATCTAATCAGC	10.125443	-2.419084	0	T:15.0(0.08%),B:41.4(0.05%),P:1e-1	Tpos:13.2,Tstd:7.8,Bpos:16921.3,Bstd:19298.5,StrandBias:0.6,Multiplicity:1.00
0.122	0.113	0.056	0.709
0.694	0.101	0.089	0.116
0.099	0.060	0.085	0.756
0.092	0.749	0.090	0.069
0.155	0.039	0.027	0.779
0.463	0.163	0.172	0.202
0.574	0.162	0.105	0.159
0.182	0.132	0.100	0.586
0.133	0.594	0.114	0.159
0.661	0.078	0.027	0.234
0.185	0.140	0.505	0.170
0.216	0.509	0.127	0.148
>TCCTTATCTCTC	3-TCCTTATCTCTC	13.136502	-0.000190	0	T:31.0(0.17%),B:248.8(0.31%),P:1e0	Tpos:23.0,Tstd:0.0,Bpos:29374.0,Bstd:14311.7,StrandBias:10.0,Multiplicity:1.00
0.001	0.001	0.001	0.997
0.001	0.719	0.001	0.279
0.001	0.997	0.001	0.001
0.001	0.001	0.001	0.997
0.001	0.213	0.001	0.785
0.714	0.126	0.001	0.159
0.154	0.001	0.058	0.787
0.001	0.924	0.047	0.028
0.001	0.036	0.378	0.585
0.001	0.997	0.001	0.001
0.277	0.158	0.001	0.564
0.001	0.997	0.001	0.001
>AGADAAGAAACA	4-AGADAAGAAACA	14.692849	-0.000073	0	T:10.0(0.05%),B:124.0(0.15%),P:1e0	Tpos:40.0,Tstd:0.0,Bpos:0.0,Bstd:0.0,StrandBias:-10.0,Multiplicity:1.00
0.997	0.001	0.001	0.001
0.001	0.001	0.997	0.001
0.997	0.001	0.001	0.001
0.323	0.001	0.264	0.412
0.699	0.232	0.001	0.068
0.850	0.001	0.148	0.001
0.001	0.001	0.997	0.001
0.997	0.001	0.001	0.001
0.754	0.001	0.244	0.001
0.997	0.001	0.001	0.001
0.001	0.793	0.205	0.001
0.997	0.001	0.001	0.001
>ADAWDWYTTATC	5-ADAWDWYTTATC	9.716757	-0.000011	0	T:5.0(0.03%),B:96.5(0.12%),P:1e0	Tpos:43.0,Tstd:0.0,Bpos:23773.0,Bstd:24361.0,StrandBias:10.0,Multiplicity:1.00
0.997	0.001	0.001	0.001
0.265	0.188	0.347	0.200
0.536	0.129	0.001	0.334
0.286	0.185	0.130	0.399
0.327	0.152	0.203	0.318
0.282	0.182	0.185	0.351
0.136	0.370	0.209	0.285
0.368	0.001	0.001	0.630
0.415	0.008	0.001	0.576
0.962	0.001	0.018	0.019
0.068	0.001	0.001	0.930
0.001	0.997	0.001	0.001
>NAGATADGRNAD	6-NAGATADGRNAD	9.148557	-0.000008	0	T:5.0(0.03%),B:98.2(0.12%),P:1e0	Tpos:42.0,Tstd:0.0,Bpos:0.0,Bstd:0.0,StrandBias:-10.0,Multiplicity:1.00
0.248	0.220	0.259	0.273
0.684	0.024	0.041	0.251
0.009	0.031	0.928	0.032
0.939	0.020	0.020	0.021
0.010	0.012	0.023	0.955
0.760	0.019	0.018	0.203
0.359	0.027	0.330	0.283
0.046	0.066	0.675	0.213
0.407	0.187	0.340	0.066
0.322	0.207	0.193	0.277
0.450	0.210	0.253	0.087
0.297	0.165	0.206	0.332
>GATAARRWNDNN	7-GATAARRWNDNN	8.176557	-0.000001	0	T:8.0(0.04%),B:139.2(0.17%),P:1e0	Tpos:34.0,Tstd:0.0,Bpos:15579.6,Bstd:14062.6,StrandBias:10.0,Multiplicity:1.00
0.023	0.025	0.927	0.025
0.908	0.020	0.038	0.034
0.034	0.026	0.039	0.901
0.736	0.016	0.012	0.236
0.519	0.055	0.212	0.214
0.357	0.088	0.447	0.108
0.444	0.157	0.327	0.071
0.398	0.057	0.242	0.302
0.311	0.177	0.240	0.272
0.347	0.180	0.214	0.260
0.286	0.179	0.239	0.295
0.283	0.167	0.259	0.291
>AARARAAAAAAA	8-AARARAAAAAAA	6.269241	-0.000000	0	T:1360.0(7.25%),B:40481.4(49.77%),P:1e0	Tpos:24.4,Tstd:13.1,Bpos:14968.1,Bstd:16913.2,StrandBias:-0.1,Multiplicity:1.01
0.489	0.120	0.268	0.123
0.565	0.003	0.259	0.173
0.467	0.081	0.348	0.103
0.620	0.027	0.333	0.020
0.479	0.068	0.380	0.073
0.606	0.067	0.326	0.001
0.702	0.001	0.296	0.001
0.598	0.031	0.345	0.026
0.583	0.072	0.294	0.051
0.543	0.125	0.235	0.097
0.588	0.063	0.246	0.103
0.472	0.092	0.283	0.153
>AVARAMAVAVAR	9-AVARAMAVAVAR	6.775994	-0.000000	0	T:712.0(3.79%),B:33587.4(41.29%),P:1e0	Tpos:22.8,Tstd:13.0,Bpos:15695.1,Bstd:17592.9,StrandBias:-0.1,Multiplicity:1.01
0.705	0.080	0.101	0.114
0.344	0.210	0.269	0.176
0.729	0.067	0.102	0.102
0.422	0.090	0.412	0.075
0.682	0.090	0.123	0.105
0.411	0.274	0.258	0.056
0.724	0.075	0.090	0.111
0.356	0.290	0.290	0.065
0.722	0.073	0.090	0.115
0.360	0.220	0.364	0.056
0.751	0.072	0.076	0.101
0.381	0.061	0.340	0.218
>NTTATCTATCTN	10-NTTATCTATCTN	6.589963	-0.000000	0	T:1681.0(8.96%),B:32538.6(40.00%),P:1e0	Tpos:23.7,Tstd:12.8,Bpos:15227.2,Bstd:18342.4,StrandBias:0.0,Multiplicity:1.01
0.301	0.245	0.196	0.257
0.155	0.155	0.102	0.588
0.156	0.149	0.103	0.592
0.617	0.144	0.096	0.143
0.121	0.080	0.119	0.680
0.119	0.633	0.103	0.145
0.073	0.086	0.007	0.834
0.636	0.130	0.099	0.135
0.068	0.084	0.077	0.771
0.094	0.739	0.064	0.103
0.101	0.029	0.004	0.866
0.249	0.258	0.206	0.287
>NWGATTAVNDDN	11-NWGATTAVNDDN	8.300586	-0.000000	0	T:116.0(0.62%),B:7646.8(9.40%),P:1e0	Tpos:24.2,Tstd:11.3,Bpos:14736.8,Bstd:18461.1,StrandBias:0.8,Multiplicity:1.00
0.239	0.326	0.238	0.196
0.557	0.002	0.002	0.439
0.001	0.001	0.997	0.001
0.997	0.001	0.001	0.001
0.001	0.001	0.001	0.997
0.334	0.007	0.008	0.651
0.978	0.001	0.020	0.001
0.346	0.233	0.369	0.052
0.211	0.266	0.289	0.234
0.330	0.050	0.297	0.323
0.336	0.069	0.310	0.285
0.283	0.192	0.258	0.266
>WYYHTATCTNWN	12-WYYHTATCTNWN	6.182614	-0.000000	0	T:4799.0(25.58%),B:35312.2(43.41%),P:1e0	Tpos:25.0,Tstd:13.1,Bpos:14937.8,Bstd:18353.1,StrandBias:0.1,Multiplicity:1.03
0.263	0.179	0.195	0.363
0.113	0.305	0.191	0.391
0.212	0.368	0.160	0.260
0.291	0.232	0.113	0.364
0.405	0.001	0.001	0.593
0.814	0.115	0.001	0.070
0.001	0.001	0.001	0.997
0.001	0.974	0.018	0.007
0.276	0.137	0.048	0.539
0.231	0.290	0.184	0.296
0.410	0.001	0.150	0.439
0.235	0.216	0.257	0.291
>TATCTNTNNNNN	13-TATCTNTNNNNN	8.378213	-0.000000	0	T:119.0(0.63%),B:9134.1(11.23%),P:1e0	Tpos:25.8,Tstd:11.7,Bpos:15009.9,Bstd:18460.5,StrandBias:0.2,Multiplicity:1.00
0.001	0.001	0.001	0.997
0.997	0.001	0.001	0.001
0.001	0.001	0.001	0.997
0.001	0.997	0.001	0.001
0.328	0.001	0.001	0.670
0.206	0.226	0.283	0.285
0.032	0.181	0.124	0.663
0.261	0.204	0.209	0.326
0.236	0.261	0.191	0.312
0.260	0.219	0.196	0.325
0.267	0.216	0.196	0.321
0.263	0.231	0.182	0.324
>ATMAGGGAAGWT	14-ATMAGGGAAGWT	5.898514	-0.000000	0	T:1462.0(7.79%),B:34213.8(42.06%),P:1e0	Tpos:24.8,Tstd:12.5,Bpos:15204.8,Bstd:17933.7,StrandBias:-0.2,Multiplicity:1.02
0.893	0.035	0.038	0.034
0.134	0.025	0.147	0.694
0.500	0.435	0.034	0.031
0.832	0.001	0.120	0.047
0.076	0.012	0.878	0.034
0.051	0.025	0.665	0.259
0.017	0.285	0.531	0.167
0.574	0.311	0.073	0.042
0.706	0.019	0.238	0.037
0.025	0.234	0.464	0.277
0.378	0.201	0.033	0.388
0.070	0.015	0.081	0.834
>CTATCWGKTHKN	15-CTATCWGKTHKN	6.249941	-0.000000	0	T:2408.0(12.83%),B:33935.1(41.72%),P:1e0	Tpos:25.2,Tstd:11.7,Bpos:14994.8,Bstd:18189.7,StrandBias:0.1,Multiplicity:1.04
0.258	0.535	0.155	0.052
0.006	0.004	0.002	0.988
0.980	0.005	0.009	0.006
0.004	0.002	0.002	0.992
0.001	0.994	0.004	0.001
0.482	0.028	0.029	0.461
0.069	0.195	0.608	0.128
0.116	0.198	0.324	0.362
0.216	0.208	0.172	0.404
0.243	0.329	0.165	0.263
0.147	0.204	0.368	0.281
0.263	0.269	0.163	0.305
>TTTTTTTTTTTT	16-TTTTTTTTTTTT	5.829346	-0.000000	0	T:1791.0(9.55%),B:42915.3(52.76%),P:1e0	Tpos:26.6,Tstd:12.6,Bpos:14815.6,Bstd:16840.5,StrandBias:0.1,Multiplicity:1.01
0.137	0.179	0.089	0.595
0.094	0.274	0.103	0.529
0.145	0.001	0.094	0.760
0.093	0.229	0.173	0.505
0.112	0.245	0.079	0.564
0.120	0.171	0.090	0.619
0.098	0.231	0.109	0.562
0.115	0.246	0.088	0.551
0.105	0.221	0.077	0.597
0.114	0.247	0.106	0.533
0.160	0.152	0.083	0.605
0.129	0.245	0.104	0.522
>TCTCTSTTTTCT	17-TCTCTSTTTTCT	-4.806920	-0.000000	0	T:3740.0(19.93%),B:49667.2(61.06%),P:1e0	Tpos:24.8,Tstd:12.4,Bpos:15411.8,Bstd:17648.5,StrandBias:0.0,Multiplicity:1.05
0.001	0.001	0.001	0.997
0.001	0.997	0.001	0.001
0.001	0.001	0.001	0.997
0.001	0.997	0.001	0.001
0.001	0.001	0.001	0.997
0.001	0.499	0.499	0.001
0.001	0.001	0.001	0.997
0.001	0.001	0.001	0.997
0.001	0.001	0.001	0.997
0.001	0.001	0.001	0.997
0.001	0.997	0.001	0.001
0.001	0.001	0.001	0.997
>WGATAAGRNDDN	18-WGATAAGRNDDN	8.263567	-0.000000	0	T:170.0(0.91%),B:2627.3(3.23%),P:1e0	Tpos:28.4,Tstd:17.9,Bpos:553.4,Bstd:1444.7,StrandBias:-0.6,Multiplicity:1.00
0.479	0.001	0.104	0.416
0.001	0.001	0.997	0.001
0.997	0.001	0.001	0.001
0.001	0.001	0.001	0.997
0.586	0.001	0.001	0.412
0.543	0.001	0.171	0.285
0.319	0.137	0.506	0.038
0.393	0.174	0.247	0.185
0.298	0.159	0.236	0.307
0.319	0.126	0.222	0.333
0.314	0.157	0.235	0.294
0.292	0.181	0.215	0.312
>NCTCTGTGGTTN	19-NCTCTGTGGTTN	9.804539	-0.000000	0	T:3.0(0.02%),B:152.7(0.19%),P:1e0	Tpos:19.0,Tstd:0.0,Bpos:15722.0,Bstd:14658.0,StrandBias:10.0,Multiplicity:1.00
0.227	0.220	0.215	0.338
0.143	0.576	0.126	0.155
0.133	0.132	0.070	0.665
0.102	0.601	0.157	0.140
0.134	0.063	0.059	0.744
0.089	0.137	0.638	0.136
0.122	0.075	0.108	0.695
0.129	0.081	0.631	0.159
0.136	0.158	0.535	0.171
0.117	0.140	0.115	0.628
0.124	0.115	0.123	0.638
0.243	0.215	0.231	0.311
>NCACAGADAAGV	20-NCACAGADAAGV	6.136979	-0.000000	0	T:2307.0(12.30%),B:35670.6(43.85%),P:1e0	Tpos:25.6,Tstd:11.8,Bpos:15441.2,Bstd:18059.8,StrandBias:0.0,Multiplicity:1.01
0.320	0.191	0.287	0.202
0.118	0.678	0.100	0.104
0.769	0.093	0.044	0.094
0.097	0.723	0.125	0.055
0.834	0.036	0.042	0.088
0.055	0.053	0.809	0.083
0.742	0.093	0.087	0.078
0.285	0.179	0.203	0.333
0.522	0.125	0.279	0.074
0.760	0.046	0.091	0.103
0.118	0.081	0.716	0.085
0.386	0.242	0.253	0.119
>NNDNWTBTTATC	21-NNDNWTBTTATC	7.652521	-0.000000	0	T:6.0(0.03%),B:230.3(0.28%),P:1e0	Tpos:36.5,Tstd:2.5,Bpos:21222.4,Bstd:15690.6,StrandBias:-10.0,Multiplicity:1.00
0.233	0.230	0.255	0.282
0.275	0.173	0.231	0.321
0.271	0.146	0.260	0.323
0.240	0.209	0.241	0.309
0.270	0.194	0.176	0.360
0.074	0.264	0.221	0.440
0.146	0.354	0.220	0.280
0.186	0.211	0.113	0.489
0.340	0.028	0.037	0.595
0.933	0.001	0.002	0.064
0.011	0.048	0.001	0.940
0.001	0.971	0.027	0.001
>TATCTNHHNNNN	22-TATCTNHHNNNN	8.057244	-0.000000	0	T:2.0(0.01%),B:125.2(0.15%),P:1e0	Tpos:35.0,Tstd:0.0,Bpos:16186.0,Bstd:18542.8,StrandBias:10.0,Multiplicity:1.00
0.001	0.001	0.001	0.997
0.997	0.001	0.001	0.001
0.001	0.001	0.001	0.997
0.001	0.997	0.001	0.001
0.390	0.001	0.001	0.608
0.293	0.252	0.159	0.296
0.317	0.358	0.089	0.236
0.349	0.208	0.193	0.250
0.286	0.186	0.259	0.270
0.194	0.310	0.207	0.290
0.296	0.239	0.235	0.231
0.221	0.268	0.185	0.326
>ATCTATCTATCT	23-ATCTATCTATCT	6.227828	-0.000000	0	T:1520.0(8.10%),B:33464.1(41.14%),P:1e0	Tpos:24.9,Tstd:12.1,Bpos:15310.5,Bstd:18516.1,StrandBias:0.0,Multiplicity:1.11
0.619	0.135	0.113	0.133
0.127	0.123	0.143	0.607
0.130	0.681	0.101	0.088
0.136	0.112	0.001	0.751
0.575	0.157	0.139	0.129
0.076	0.127	0.128	0.669
0.117	0.658	0.092	0.133
0.134	0.107	0.019	0.740
0.581	0.145	0.139	0.135
0.111	0.110	0.090	0.689
0.102	0.678	0.099	0.121
0.161	0.122	0.028	0.689
>ATAGATAGATGA	24-ATAGATAGATGA	10.280802	-0.000000	0	T:17.0(0.09%),B:619.4(0.76%),P:1e0	Tpos:14.0,Tstd:0.0,Bpos:17492.8,Bstd:24805.4,StrandBias:10.0,Multiplicity:1.00
0.679	0.094	0.118	0.109
0.134	0.125	0.119	0.622
0.740	0.049	0.108	0.103
0.137	0.104	0.627	0.132
0.705	0.098	0.088	0.109
0.138	0.141	0.127	0.594
0.742	0.043	0.111	0.104
0.141	0.121	0.619	0.119
0.650	0.113	0.104	0.133
0.161	0.044	0.109	0.686
0.139	0.107	0.637	0.117
0.699	0.103	0.094	0.104
>NTCTGTGGTTTN	25-NTCTGTGGTTTN	8.434712	-0.000000	0	T:1.0(0.01%),B:111.2(0.14%),P:1e0	Tpos:38.0,Tstd:0.0,Bpos:15492.3,Bstd:15196.7,StrandBias:-10.0,Multiplicity:1.00
0.224	0.204	0.296	0.276
0.233	0.187	0.083	0.497
0.084	0.496	0.209	0.211
0.112	0.062	0.068	0.758
0.077	0.241	0.564	0.118
0.116	0.050	0.186	0.648
0.115	0.057	0.667	0.161
0.137	0.119	0.568	0.176
0.085	0.233	0.207	0.475
0.097	0.223	0.098	0.582
0.226	0.083	0.200	0.491
0.264	0.268	0.222	0.246
>CAGATAAG	1-CAGATAAG	3.625367	-98.320564	0	T:10413.0(55.50%),B:40611.8(49.93%),P:1e-42	Tpos:25.3,Tstd:12.6,Bpos:14879.4,Bstd:18261.8,StrandBias:-0.1,Multiplicity:1.23
0.171	0.516	0.202	0.111
0.833	0.007	0.001	0.159
0.001	0.001	0.997	0.001
0.997	0.001	0.001	0.001
0.001	0.001	0.001	0.997
0.988	0.001	0.001	0.010
0.978	0.001	0.010	0.011
0.050	0.047	0.881	0.022
>ADAWAWGA	2-ADAWAWGA	4.967821	-0.000000	0	T:3901.0(20.79%),B:47566.4(58.48%),P:1e0	Tpos:24.3,Tstd:13.6,Bpos:15363.9,Bstd:17859.7,StrandBias:0.0,Multiplicity:1.05
0.575	0.042	0.190	0.193
0.332	0.106	0.272	0.290
0.486	0.234	0.069	0.211
0.467	0.049	0.134	0.349
0.488	0.290	0.072	0.150
0.501	0.006	0.003	0.490
0.039	0.281	0.645	0.035
0.912	0.031	0.013	0.044
>AWKVAWAW	3-AWKVAWAW	3.530620	-0.000000	0	T:6462.0(34.44%),B:61029.1(75.03%),P:1e0	Tpos:25.2,Tstd:13.5,Bpos:15463.1,Bstd:18108.8,StrandBias:-0.0,Multiplicity:1.04
0.423	0.209	0.167	0.201
0.478	0.001	0.161	0.360
0.256	0.070	0.409	0.264
0.344	0.251	0.298	0.108
0.595	0.163	0.117	0.125
0.429	0.081	0.124	0.366
0.529	0.094	0.108	0.269
0.446	0.062	0.113	0.379
>NTTTTTTW	4-NTTTTTTW	3.322071	-0.000000	0	T:5161.0(27.51%),B:57201.1(70.32%),P:1e0	Tpos:25.8,Tstd:13.4,Bpos:15210.9,Bstd:18020.7,StrandBias:0.4,Multiplicity:1.02
0.326	0.178	0.203	0.293
0.150	0.258	0.144	0.448
0.215	0.020	0.040	0.725
0.098	0.172	0.265	0.465
0.147	0.237	0.204	0.411
0.263	0.221	0.035	0.481
0.255	0.163	0.122	0.461
0.350	0.172	0.179	0.299
>WAAAMANW	5-WAAAMANW	2.950448	-0.000000	0	T:7261.0(38.70%),B:63401.5(77.95%),P:1e0	Tpos:24.7,Tstd:13.6,Bpos:15269.7,Bstd:17941.7,StrandBias:0.1,Multiplicity:1.03
0.363	0.202	0.133	0.302
0.518	0.111	0.128	0.243
0.448	0.132	0.197	0.223
0.420	0.210	0.235	0.135
0.391	0.336	0.121	0.152
0.607	0.055	0.065	0.273
0.315	0.191	0.292	0.202
0.374	0.178	0.139	0.309
>AGATTATC	6-AGATTATC	5.337107	-0.000000	0	T:2422.0(12.91%),B:38282.4(47.07%),P:1e0	Tpos:24.6,Tstd:13.4,Bpos:14860.3,Bstd:18224.9,StrandBias:0.1,Multiplicity:1.02
0.956	0.003	0.016	0.025
0.055	0.057	0.858	0.030
0.910	0.049	0.008	0.033
0.019	0.011	0.022	0.948
0.005	0.014	0.001	0.980
0.893	0.001	0.024	0.082
0.101	0.047	0.011	0.841
0.109	0.664	0.131	0.096
>TATCATBH	7-TATCATBH	2.020832	-0.000000	0	T:4421.0(23.56%),B:37703.4(46.35%),P:1e0	Tpos:25.3,Tstd:13.7,Bpos:15388.4,Bstd:19047.1,StrandBias:0.0,Multiplicity:1.06
0.001	0.001	0.001	0.997
0.997	0.001	0.001	0.001
0.001	0.001	0.001	0.997
0.001	0.997	0.001	0.001
0.997	0.001	0.001	0.001
0.001	0.005	0.228	0.766
0.166	0.332	0.275	0.228
0.352	0.236	0.073	0.339
>AAAAAAAA	8-AAAAAAAA	4.000933	-0.000000	0	T:4966.0(26.47%),B:54393.0(66.87%),P:1e0	Tpos:25.0,Tstd:14.1,Bpos:14851.0,Bstd:17472.4,StrandBias:-0.1,Multiplicity:1.05
0.549	0.117	0.139	0.195
0.452	0.086	0.180	0.283
0.589	0.073	0.171	0.167
0.596	0.096	0.161	0.147
0.601	0.090	0.178	0.131
0.565	0.102	0.140	0.193
0.559	0.128	0.163	0.150
0.573	0.053	0.152	0.222
>ATCTTTTW	9-ATCTTTTW	5.978196	-0.000000	0	T:4226.0(22.52%),B:46442.2(57.10%),P:1e0	Tpos:25.0,Tstd:13.7,Bpos:14821.7,Bstd:18177.6,StrandBias:0.3,Multiplicity:1.05
0.997	0.001	0.001	0.001
0.001	0.001	0.001	0.997
0.001	0.997	0.001	0.001
0.040	0.001	0.001	0.958
0.212	0.020	0.241	0.527
0.309	0.225	0.001	0.464
0.284	0.051	0.165	0.500
0.341	0.158	0.085	0.416
>DCTATCTM	10-DCTATCTM	4.679568	-0.000000	0	T:3040.0(16.20%),B:40704.0(50.04%),P:1e0	Tpos:24.5,Tstd:13.7,Bpos:14802.9,Bstd:18836.1,StrandBias:-0.0,Multiplicity:1.24
0.360	0.001	0.345	0.294
0.283	0.580	0.136	0.001
0.001	0.001	0.001	0.997
0.997	0.001	0.001	0.001
0.001	0.001	0.001	0.997
0.065	0.933	0.001	0.001
0.043	0.001	0.001	0.955
0.236	0.360	0.198	0.206
>TTTTTTTT	11-TTTTTTTT	3.306971	-0.000000	0	T:7181.0(38.27%),B:62988.1(77.44%),P:1e0	Tpos:24.6,Tstd:13.5,Bpos:15348.1,Bstd:18251.5,StrandBias:0.1,Multiplicity:1.05
0.248	0.160	0.078	0.514
0.228	0.170	0.104	0.499
0.186	0.183	0.138	0.493
0.174	0.160	0.101	0.565
0.161	0.156	0.135	0.548
0.203	0.162	0.111	0.524
0.256	0.161	0.088	0.496
0.256	0.139	0.093	0.512
>TCAGANAT	12-TCAGANAT	5.400702	-0.000000	0	T:3259.0(17.37%),B:45318.9(55.72%),P:1e0	Tpos:24.5,Tstd:13.2,Bpos:15236.7,Bstd:17955.4,StrandBias:-0.1,Multiplicity:1.11
0.206	0.001	0.001	0.792
0.291	0.600	0.032	0.077
0.608	0.001	0.001	0.390
0.001	0.001	0.909	0.089
0.797	0.001	0.001	0.201
0.288	0.260	0.243	0.209
0.528	0.001	0.168	0.303
0.248	0.107	0.185	0.460
>TTTTTTTY	13-TTTTTTTY	5.769477	-0.000000	0	T:2495.0(13.30%),B:46799.9(57.54%),P:1e0	Tpos:25.3,Tstd:13.6,Bpos:14999.5,Bstd:17128.9,StrandBias:0.1,Multiplicity:1.06
0.179	0.176	0.001	0.644
0.037	0.131	0.001	0.831
0.108	0.001	0.001	0.890
0.036	0.165	0.039	0.760
0.036	0.164	0.035	0.765
0.182	0.268	0.071	0.480
0.018	0.120	0.001	0.861
0.129	0.352	0.030	0.489
>WTTNWTTW	14-WTTNWTTW	3.499108	-0.000000	0	T:5901.0(31.45%),B:59046.0(72.59%),P:1e0	Tpos:24.9,Tstd:14.0,Bpos:15331.1,Bstd:18175.2,StrandBias:0.1,Multiplicity:1.03
0.326	0.206	0.043	0.424
0.240	0.135	0.038	0.587
0.189	0.095	0.198	0.518
0.199	0.301	0.196	0.305
0.338	0.249	0.001	0.412
0.278	0.087	0.124	0.511
0.218	0.235	0.140	0.408
0.375	0.126	0.067	0.432
>TCWKWAAD	15-TCWKWAAD	6.196428	-0.000000	0	T:1650.0(8.79%),B:40245.2(49.48%),P:1e0	Tpos:24.6,Tstd:13.5,Bpos:14964.9,Bstd:18037.5,StrandBias:-0.1,Multiplicity:1.05
0.001	0.001	0.001	0.997
0.001	0.997	0.001	0.001
0.495	0.001	0.001	0.503
0.123	0.001	0.412	0.464
0.501	0.001	0.001	0.497
0.463	0.238	0.001	0.298
0.628	0.001	0.101	0.270
0.350	0.001	0.353	0.296
>TCTGATTA	16-TCTGATTA	4.970774	-0.000000	0	T:3476.0(18.53%),B:42647.3(52.43%),P:1e0	Tpos:24.9,Tstd:13.6,Bpos:15058.5,Bstd:18117.4,StrandBias:-0.0,Multiplicity:1.03
0.112	0.061	0.099	0.728
0.134	0.648	0.082	0.136
0.249	0.018	0.014	0.719
0.170	0.186	0.468	0.176
0.670	0.076	0.059	0.195
0.162	0.083	0.091	0.664
0.185	0.177	0.126	0.512
0.590	0.082	0.119	0.209
>WDNMWGAT	17-WDNMWGAT	5.383298	-0.000000	0	T:4781.0(25.48%),B:51186.4(62.93%),P:1e0	Tpos:24.6,Tstd:13.6,Bpos:15055.1,Bstd:18133.2,StrandBias:-0.1,Multiplicity:1.03
0.394	0.223	0.086	0.297
0.307	0.116	0.260	0.318
0.330	0.181	0.201	0.288
0.435	0.373	0.191	0.001
0.536	0.001	0.001	0.462
0.144	0.004	0.850	0.002
0.950	0.048	0.001	0.001
0.050	0.009	0.001	0.940
>WWTTTTWW	18-WWTTTTWW	3.238432	-0.000000	0	T:6888.0(36.71%),B:61103.9(75.12%),P:1e0	Tpos:23.6,Tstd:14.2,Bpos:15018.4,Bstd:18031.4,StrandBias:-0.1,Multiplicity:1.01
0.332	0.209	0.035	0.424
0.263	0.152	0.182	0.404
0.001	0.246	0.241	0.512
0.001	0.325	0.185	0.488
0.228	0.260	0.001	0.511
0.262	0.203	0.105	0.430
0.313	0.200	0.061	0.426
0.307	0.167	0.126	0.400
>AAAAAAAA	19-AAAAAAAA	3.644053	-0.000000	0	T:4622.0(24.63%),B:53185.6(65.39%),P:1e0	Tpos:24.5,Tstd:13.6,Bpos:14823.6,Bstd:18178.0,StrandBias:0.2,Multiplicity:1.02
0.494	0.108	0.134	0.265
0.485	0.095	0.171	0.249
0.517	0.124	0.131	0.228
0.536	0.121	0.183	0.160
0.589	0.106	0.162	0.143
0.491	0.138	0.147	0.223
0.483	0.136	0.150	0.230
0.476	0.103	0.155	0.266
>WWWTTWTW	20-WWWTTWTW	3.172776	-0.000000	0	T:5546.0(29.56%),B:56968.3(70.04%),P:1e0	Tpos:25.7,Tstd:14.0,Bpos:14918.0,Bstd:18509.8,StrandBias:-0.1,Multiplicity:1.02
0.384	0.203	0.001	0.411
0.308	0.175	0.155	0.362
0.286	0.176	0.167	0.371
0.001	0.286	0.190	0.523
0.202	0.267	0.001	0.530
0.264	0.207	0.126	0.403
0.310	0.212	0.001	0.476
0.284	0.182	0.151	0.383
>WKTBTBTD	21-WKTBTBTD	2.957159	-0.000000	0	T:6653.0(35.46%),B:63198.4(77.70%),P:1e0	Tpos:24.4,Tstd:13.3,Bpos:15299.1,Bstd:17753.5,StrandBias:0.1,Multiplicity:1.04
0.403	0.136	0.132	0.329
0.187	0.200	0.245	0.367
0.242	0.161	0.142	0.454
0.170	0.332	0.232	0.266
0.283	0.039	0.051	0.627
0.154	0.257	0.256	0.333
0.219	0.133	0.098	0.550
0.274	0.175	0.224	0.327
>HTTBTNHH	22-HTTBTNHH	2.766510	-0.000000	0	T:7179.0(38.26%),B:66932.8(82.29%),P:1e0	Tpos:24.6,Tstd:13.5,Bpos:15462.2,Bstd:17687.3,StrandBias:0.0,Multiplicity:1.03
0.359	0.253	0.102	0.286
0.188	0.166	0.145	0.501
0.189	0.148	0.188	0.475
0.129	0.344	0.201	0.326
0.304	0.081	0.050	0.565
0.196	0.184	0.313	0.307
0.240	0.254	0.156	0.350
0.304	0.234	0.139	0.322
>TATCTBVW	23-TATCTBVW	5.922433	-0.000000	0	T:6985.0(37.23%),B:40911.2(50.30%),P:1e0	Tpos:24.6,Tstd:13.9,Bpos:15208.8,Bstd:18806.7,StrandBias:0.0,Multiplicity:1.07
0.001	0.001	0.001	0.997
0.997	0.001	0.001	0.001
0.001	0.001	0.001	0.997
0.001	0.997	0.001	0.001
0.105	0.001	0.001	0.893
0.144	0.307	0.327	0.221
0.311	0.361	0.223	0.106
0.360	0.131	0.141	0.367
>TWAASWTW	24-TWAASWTW	4.857991	-0.000000	0	T:6431.0(34.28%),B:53146.3(65.34%),P:1e0	Tpos:24.4,Tstd:14.0,Bpos:14644.0,Bstd:18290.6,StrandBias:0.1,Multiplicity:1.07
0.256	0.203	0.001	0.540
0.436	0.001	0.001	0.562
0.546	0.203	0.008	0.243
0.590	0.001	0.001	0.408
0.249	0.312	0.434	0.005
0.452	0.001	0.001	0.546
0.420	0.001	0.001	0.578
0.554	0.001	0.001	0.444
>GATNAGAT	25-GATNAGAT	6.632896	-0.000000	0	T:854.0(4.55%),B:14073.0(17.30%),P:1e0	Tpos:26.1,Tstd:12.5,Bpos:15538.3,Bstd:17884.1,StrandBias:0.2,Multiplicity:1.00
0.135	0.149	0.578	0.138
0.657	0.131	0.099	0.113
0.109	0.086	0.118	0.687
0.271	0.203	0.200	0.327
0.726	0.037	0.045	0.192
0.140	0.042	0.614	0.204
0.734	0.059	0.093	0.114
0.146	0.073	0.102	0.679
