>BTTATCTNNNNN	1-BTTATCTNNNNN	2.205936	-4.569445	0	T:8840.0(47.12%),B:37561.7(46.18%),P:1e-1	Tpos:25.3,Tstd:11.3,Bpos:14843.7,Bstd:18304.9,StrandBias:0.1,Multiplicity:1.14
0.037	0.417	0.274	0.272
0.001	0.001	0.001	0.997
0.001	0.001	0.001	0.997
0.997	0.001	0.001	0.001
0.001	0.001	0.001	0.997
0.001	0.997	0.001	0.001
0.381	0.001	0.001	0.617
0.205	0.269	0.317	0.209
0.267	0.269	0.172	0.292
0.245	0.249	0.226	0.280
0.231	0.290	0.226	0.253
0.250	0.254	0.234	0.262
>TATCTAATCAGC	2-TATCTAATCAGC	10.125443	-2.419084	0	T:15.0(0.08%),B:41.4(0.05%),P:1e-1	Tpos:13.2,Tstd:7.8,Bpos:16921.3,Bstd:19298.5,StrandBias:0.6,Multiplicity:1.00
0.122	0.113	0.056	0.709
0.694	0.101	0.089	0.116
0.099	0.060	0.085	0.756
0.092	0.749	0.090	0.069
0.155	0.039	0.027	0.779
0.463	0.163	0.172	0.202
0.574	0.162	0.105	0.159
0.182	0.132	0.100	0.586
0.133	0.594	0.114	0.159
0.661	0.078	0.027	0.234
0.185	0.140	0.505	0.170
0.216	0.509	0.127	0.148
>TCCTTATCTCTC	3-TCCTTATCTCTC	13.136502	-0.000190	0	T:31.0(0.17%),B:248.8(0.31%),P:1e0	Tpos:23.0,Tstd:0.0,Bpos:29374.0,Bstd:14311.7,StrandBias:10.0,Multiplicity:1.00
0.001	0.001	0.001	0.997
0.001	0.719	0.001	0.279
0.001	0.997	0.001	0.001
0.001	0.001	0.001	0.997
0.001	0.213	0.001	0.785
0.714	0.126	0.001	0.159
0.154	0.001	0.058	0.787
0.001	0.924	0.047	0.028
0.001	0.036	0.378	0.585
0.001	0.997	0.001	0.001
0.277	0.158	0.001	0.564
0.001	0.997	0.001	0.001
>AGADAAGAAACA	4-AGADAAGAAACA	14.692849	-0.000073	0	T:10.0(0.05%),B:124.0(0.15%),P:1e0	Tpos:40.0,Tstd:0.0,Bpos:0.0,Bstd:0.0,StrandBias:-10.0,Multiplicity:1.00
0.997	0.001	0.001	0.001
0.001	0.001	0.997	0.001
0.997	0.001	0.001	0.001
0.323	0.001	0.264	0.412
0.699	0.232	0.001	0.068
0.850	0.001	0.148	0.001
0.001	0.001	0.997	0.001
0.997	0.001	0.001	0.001
0.754	0.001	0.244	0.001
0.997	0.001	0.001	0.001
0.001	0.793	0.205	0.001
0.997	0.001	0.001	0.001
>ADAWDWYTTATC	5-ADAWDWYTTATC	9.716757	-0.000011	0	T:5.0(0.03%),B:96.5(0.12%),P:1e0	Tpos:43.0,Tstd:0.0,Bpos:23773.0,Bstd:24361.0,StrandBias:10.0,Multiplicity:1.00
0.997	0.001	0.001	0.001
0.265	0.188	0.347	0.200
0.536	0.129	0.001	0.334
0.286	0.185	0.130	0.399
0.327	0.152	0.203	0.318
0.282	0.182	0.185	0.351
0.136	0.370	0.209	0.285
0.368	0.001	0.001	0.630
0.415	0.008	0.001	0.576
0.962	0.001	0.018	0.019
0.068	0.001	0.001	0.930
0.001	0.997	0.001	0.001
>NAGATADGRNAD	6-NAGATADGRNAD	9.148557	-0.000008	0	T:5.0(0.03%),B:98.2(0.12%),P:1e0	Tpos:42.0,Tstd:0.0,Bpos:0.0,Bstd:0.0,StrandBias:-10.0,Multiplicity:1.00
0.248	0.220	0.259	0.273
0.684	0.024	0.041	0.251
0.009	0.031	0.928	0.032
0.939	0.020	0.020	0.021
0.010	0.012	0.023	0.955
0.760	0.019	0.018	0.203
0.359	0.027	0.330	0.283
0.046	0.066	0.675	0.213
0.407	0.187	0.340	0.066
0.322	0.207	0.193	0.277
0.450	0.210	0.253	0.087
0.297	0.165	0.206	0.332
>GATAARRWNDNN	7-GATAARRWNDNN	8.176557	-0.000001	0	T:8.0(0.04%),B:139.2(0.17%),P:1e0	Tpos:34.0,Tstd:0.0,Bpos:15579.6,Bstd:14062.6,StrandBias:10.0,Multiplicity:1.00
0.023	0.025	0.927	0.025
0.908	0.020	0.038	0.034
0.034	0.026	0.039	0.901
0.736	0.016	0.012	0.236
0.519	0.055	0.212	0.214
0.357	0.088	0.447	0.108
0.444	0.157	0.327	0.071
0.398	0.057	0.242	0.302
0.311	0.177	0.240	0.272
0.347	0.180	0.214	0.260
0.286	0.179	0.239	0.295
0.283	0.167	0.259	0.291
>AARARAAAAAAA	8-AARARAAAAAAA	6.269241	-0.000000	0	T:1360.0(7.25%),B:40481.4(49.77%),P:1e0	Tpos:24.4,Tstd:13.1,Bpos:14968.1,Bstd:16913.2,StrandBias:-0.1,Multiplicity:1.01
0.489	0.120	0.268	0.123
0.565	0.003	0.259	0.173
0.467	0.081	0.348	0.103
0.620	0.027	0.333	0.020
0.479	0.068	0.380	0.073
0.606	0.067	0.326	0.001
0.702	0.001	0.296	0.001
0.598	0.031	0.345	0.026
0.583	0.072	0.294	0.051
0.543	0.125	0.235	0.097
0.588	0.063	0.246	0.103
0.472	0.092	0.283	0.153
>AVARAMAVAVAR	9-AVARAMAVAVAR	6.775994	-0.000000	0	T:712.0(3.79%),B:33587.4(41.29%),P:1e0	Tpos:22.8,Tstd:13.0,Bpos:15695.1,Bstd:17592.9,StrandBias:-0.1,Multiplicity:1.01
0.705	0.080	0.101	0.114
0.344	0.210	0.269	0.176
0.729	0.067	0.102	0.102
0.422	0.090	0.412	0.075
0.682	0.090	0.123	0.105
0.411	0.274	0.258	0.056
0.724	0.075	0.090	0.111
0.356	0.290	0.290	0.065
0.722	0.073	0.090	0.115
0.360	0.220	0.364	0.056
0.751	0.072	0.076	0.101
0.381	0.061	0.340	0.218
>NTTATCTATCTN	10-NTTATCTATCTN	6.589963	-0.000000	0	T:1681.0(8.96%),B:32538.6(40.00%),P:1e0	Tpos:23.7,Tstd:12.8,Bpos:15227.2,Bstd:18342.4,StrandBias:0.0,Multiplicity:1.01
0.301	0.245	0.196	0.257
0.155	0.155	0.102	0.588
0.156	0.149	0.103	0.592
0.617	0.144	0.096	0.143
0.121	0.080	0.119	0.680
0.119	0.633	0.103	0.145
0.073	0.086	0.007	0.834
0.636	0.130	0.099	0.135
0.068	0.084	0.077	0.771
0.094	0.739	0.064	0.103
0.101	0.029	0.004	0.866
0.249	0.258	0.206	0.287
>NWGATTAVNDDN	11-NWGATTAVNDDN	8.300586	-0.000000	0	T:116.0(0.62%),B:7646.8(9.40%),P:1e0	Tpos:24.2,Tstd:11.3,Bpos:14736.8,Bstd:18461.1,StrandBias:0.8,Multiplicity:1.00
0.239	0.326	0.238	0.196
0.557	0.002	0.002	0.439
0.001	0.001	0.997	0.001
0.997	0.001	0.001	0.001
0.001	0.001	0.001	0.997
0.334	0.007	0.008	0.651
0.978	0.001	0.020	0.001
0.346	0.233	0.369	0.052
0.211	0.266	0.289	0.234
0.330	0.050	0.297	0.323
0.336	0.069	0.310	0.285
0.283	0.192	0.258	0.266
>WYYHTATCTNWN	12-WYYHTATCTNWN	6.182614	-0.000000	0	T:4799.0(25.58%),B:35312.2(43.41%),P:1e0	Tpos:25.0,Tstd:13.1,Bpos:14937.8,Bstd:18353.1,StrandBias:0.1,Multiplicity:1.03
0.263	0.179	0.195	0.363
0.113	0.305	0.191	0.391
0.212	0.368	0.160	0.260
0.291	0.232	0.113	0.364
0.405	0.001	0.001	0.593
0.814	0.115	0.001	0.070
0.001	0.001	0.001	0.997
0.001	0.974	0.018	0.007
0.276	0.137	0.048	0.539
0.231	0.290	0.184	0.296
0.410	0.001	0.150	0.439
0.235	0.216	0.257	0.291
>TATCTNTNNNNN	13-TATCTNTNNNNN	8.378213	-0.000000	0	T:119.0(0.63%),B:9134.1(11.23%),P:1e0	Tpos:25.8,Tstd:11.7,Bpos:15009.9,Bstd:18460.5,StrandBias:0.2,Multiplicity:1.00
0.001	0.001	0.001	0.997
0.997	0.001	0.001	0.001
0.001	0.001	0.001	0.997
0.001	0.997	0.001	0.001
0.328	0.001	0.001	0.670
0.206	0.226	0.283	0.285
0.032	0.181	0.124	0.663
0.261	0.204	0.209	0.326
0.236	0.261	0.191	0.312
0.260	0.219	0.196	0.325
0.267	0.216	0.196	0.321
0.263	0.231	0.182	0.324
>ATMAGGGAAGWT	14-ATMAGGGAAGWT	5.898514	-0.000000	0	T:1462.0(7.79%),B:34213.8(42.06%),P:1e0	Tpos:24.8,Tstd:12.5,Bpos:15204.8,Bstd:17933.7,StrandBias:-0.2,Multiplicity:1.02
0.893	0.035	0.038	0.034
0.134	0.025	0.147	0.694
0.500	0.435	0.034	0.031
0.832	0.001	0.120	0.047
0.076	0.012	0.878	0.034
0.051	0.025	0.665	0.259
0.017	0.285	0.531	0.167
0.574	0.311	0.073	0.042
0.706	0.019	0.238	0.037
0.025	0.234	0.464	0.277
0.378	0.201	0.033	0.388
0.070	0.015	0.081	0.834
>CTATCWGKTHKN	15-CTATCWGKTHKN	6.249941	-0.000000	0	T:2408.0(12.83%),B:33935.1(41.72%),P:1e0	Tpos:25.2,Tstd:11.7,Bpos:14994.8,Bstd:18189.7,StrandBias:0.1,Multiplicity:1.04
0.258	0.535	0.155	0.052
0.006	0.004	0.002	0.988
0.980	0.005	0.009	0.006
0.004	0.002	0.002	0.992
0.001	0.994	0.004	0.001
0.482	0.028	0.029	0.461
0.069	0.195	0.608	0.128
0.116	0.198	0.324	0.362
0.216	0.208	0.172	0.404
0.243	0.329	0.165	0.263
0.147	0.204	0.368	0.281
0.263	0.269	0.163	0.305
>TTTTTTTTTTTT	16-TTTTTTTTTTTT	5.829346	-0.000000	0	T:1791.0(9.55%),B:42915.3(52.76%),P:1e0	Tpos:26.6,Tstd:12.6,Bpos:14815.6,Bstd:16840.5,StrandBias:0.1,Multiplicity:1.01
0.137	0.179	0.089	0.595
0.094	0.274	0.103	0.529
0.145	0.001	0.094	0.760
0.093	0.229	0.173	0.505
0.112	0.245	0.079	0.564
0.120	0.171	0.090	0.619
0.098	0.231	0.109	0.562
0.115	0.246	0.088	0.551
0.105	0.221	0.077	0.597
0.114	0.247	0.106	0.533
0.160	0.152	0.083	0.605
0.129	0.245	0.104	0.522
>TCTCTSTTTTCT	17-TCTCTSTTTTCT	-4.806920	-0.000000	0	T:3740.0(19.93%),B:49667.2(61.06%),P:1e0	Tpos:24.8,Tstd:12.4,Bpos:15411.8,Bstd:17648.5,StrandBias:0.0,Multiplicity:1.05
0.001	0.001	0.001	0.997
0.001	0.997	0.001	0.001
0.001	0.001	0.001	0.997
0.001	0.997	0.001	0.001
0.001	0.001	0.001	0.997
0.001	0.499	0.499	0.001
0.001	0.001	0.001	0.997
0.001	0.001	0.001	0.997
0.001	0.001	0.001	0.997
0.001	0.001	0.001	0.997
0.001	0.997	0.001	0.001
0.001	0.001	0.001	0.997
>WGATAAGRNDDN	18-WGATAAGRNDDN	8.263567	-0.000000	0	T:170.0(0.91%),B:2627.3(3.23%),P:1e0	Tpos:28.4,Tstd:17.9,Bpos:553.4,Bstd:1444.7,StrandBias:-0.6,Multiplicity:1.00
0.479	0.001	0.104	0.416
0.001	0.001	0.997	0.001
0.997	0.001	0.001	0.001
0.001	0.001	0.001	0.997
0.586	0.001	0.001	0.412
0.543	0.001	0.171	0.285
0.319	0.137	0.506	0.038
0.393	0.174	0.247	0.185
0.298	0.159	0.236	0.307
0.319	0.126	0.222	0.333
0.314	0.157	0.235	0.294
0.292	0.181	0.215	0.312
>NCTCTGTGGTTN	19-NCTCTGTGGTTN	9.804539	-0.000000	0	T:3.0(0.02%),B:152.7(0.19%),P:1e0	Tpos:19.0,Tstd:0.0,Bpos:15722.0,Bstd:14658.0,StrandBias:10.0,Multiplicity:1.00
0.227	0.220	0.215	0.338
0.143	0.576	0.126	0.155
0.133	0.132	0.070	0.665
0.102	0.601	0.157	0.140
0.134	0.063	0.059	0.744
0.089	0.137	0.638	0.136
0.122	0.075	0.108	0.695
0.129	0.081	0.631	0.159
0.136	0.158	0.535	0.171
0.117	0.140	0.115	0.628
0.124	0.115	0.123	0.638
0.243	0.215	0.231	0.311
>NCACAGADAAGV	20-NCACAGADAAGV	6.136979	-0.000000	0	T:2307.0(12.30%),B:35670.6(43.85%),P:1e0	Tpos:25.6,Tstd:11.8,Bpos:15441.2,Bstd:18059.8,StrandBias:0.0,Multiplicity:1.01
0.320	0.191	0.287	0.202
0.118	0.678	0.100	0.104
0.769	0.093	0.044	0.094
0.097	0.723	0.125	0.055
0.834	0.036	0.042	0.088
0.055	0.053	0.809	0.083
0.742	0.093	0.087	0.078
0.285	0.179	0.203	0.333
0.522	0.125	0.279	0.074
0.760	0.046	0.091	0.103
0.118	0.081	0.716	0.085
0.386	0.242	0.253	0.119
>NNDNWTBTTATC	21-NNDNWTBTTATC	7.652521	-0.000000	0	T:6.0(0.03%),B:230.3(0.28%),P:1e0	Tpos:36.5,Tstd:2.5,Bpos:21222.4,Bstd:15690.6,StrandBias:-10.0,Multiplicity:1.00
0.233	0.230	0.255	0.282
0.275	0.173	0.231	0.321
0.271	0.146	0.260	0.323
0.240	0.209	0.241	0.309
0.270	0.194	0.176	0.360
0.074	0.264	0.221	0.440
0.146	0.354	0.220	0.280
0.186	0.211	0.113	0.489
0.340	0.028	0.037	0.595
0.933	0.001	0.002	0.064
0.011	0.048	0.001	0.940
0.001	0.971	0.027	0.001
>TATCTNHHNNNN	22-TATCTNHHNNNN	8.057244	-0.000000	0	T:2.0(0.01%),B:125.2(0.15%),P:1e0	Tpos:35.0,Tstd:0.0,Bpos:16186.0,Bstd:18542.8,StrandBias:10.0,Multiplicity:1.00
0.001	0.001	0.001	0.997
0.997	0.001	0.001	0.001
0.001	0.001	0.001	0.997
0.001	0.997	0.001	0.001
0.390	0.001	0.001	0.608
0.293	0.252	0.159	0.296
0.317	0.358	0.089	0.236
0.349	0.208	0.193	0.250
0.286	0.186	0.259	0.270
0.194	0.310	0.207	0.290
0.296	0.239	0.235	0.231
0.221	0.268	0.185	0.326
>ATCTATCTATCT	23-ATCTATCTATCT	6.227828	-0.000000	0	T:1520.0(8.10%),B:33464.1(41.14%),P:1e0	Tpos:24.9,Tstd:12.1,Bpos:15310.5,Bstd:18516.1,StrandBias:0.0,Multiplicity:1.11
0.619	0.135	0.113	0.133
0.127	0.123	0.143	0.607
0.130	0.681	0.101	0.088
0.136	0.112	0.001	0.751
0.575	0.157	0.139	0.129
0.076	0.127	0.128	0.669
0.117	0.658	0.092	0.133
0.134	0.107	0.019	0.740
0.581	0.145	0.139	0.135
0.111	0.110	0.090	0.689
0.102	0.678	0.099	0.121
0.161	0.122	0.028	0.689
>ATAGATAGATGA	24-ATAGATAGATGA	10.280802	-0.000000	0	T:17.0(0.09%),B:619.4(0.76%),P:1e0	Tpos:14.0,Tstd:0.0,Bpos:17492.8,Bstd:24805.4,StrandBias:10.0,Multiplicity:1.00
0.679	0.094	0.118	0.109
0.134	0.125	0.119	0.622
0.740	0.049	0.108	0.103
0.137	0.104	0.627	0.132
0.705	0.098	0.088	0.109
0.138	0.141	0.127	0.594
0.742	0.043	0.111	0.104
0.141	0.121	0.619	0.119
0.650	0.113	0.104	0.133
0.161	0.044	0.109	0.686
0.139	0.107	0.637	0.117
0.699	0.103	0.094	0.104
>NTCTGTGGTTTN	25-NTCTGTGGTTTN	8.434712	-0.000000	0	T:1.0(0.01%),B:111.2(0.14%),P:1e0	Tpos:38.0,Tstd:0.0,Bpos:15492.3,Bstd:15196.7,StrandBias:-10.0,Multiplicity:1.00
0.224	0.204	0.296	0.276
0.233	0.187	0.083	0.497
0.084	0.496	0.209	0.211
0.112	0.062	0.068	0.758
0.077	0.241	0.564	0.118
0.116	0.050	0.186	0.648
0.115	0.057	0.667	0.161
0.137	0.119	0.568	0.176
0.085	0.233	0.207	0.475
0.097	0.223	0.098	0.582
0.226	0.083	0.200	0.491
0.264	0.268	0.222	0.246
