>NYYCTTATCT	1-NYYCTTATCT	3.832351	-9.097960	0	T:9363.0(49.90%),B:39374.0(48.41%),P:1e-3	Tpos:25.2,Tstd:12.0,Bpos:14893.1,Bstd:18203.2,StrandBias:0.1,Multiplicity:1.19
0.270	0.298	0.209	0.223
0.177	0.261	0.188	0.373
0.027	0.390	0.224	0.360
0.012	0.820	0.104	0.064
0.005	0.002	0.001	0.992
0.052	0.002	0.001	0.945
0.995	0.001	0.003	0.001
0.001	0.001	0.001	0.997
0.001	0.997	0.001	0.001
0.240	0.002	0.004	0.754
>TTATCWDRVN	2-TTATCWDRVN	1.824837	-0.000879	0	T:9638.0(51.37%),B:42810.5(52.63%),P:1e0	Tpos:25.3,Tstd:14.6,Bpos:14945.3,Bstd:18255.5,StrandBias:-0.0,Multiplicity:1.03
0.001	0.001	0.001	0.997
0.001	0.001	0.001	0.997
0.997	0.001	0.001	0.001
0.001	0.001	0.001	0.997
0.001	0.997	0.001	0.001
0.563	0.001	0.001	0.435
0.289	0.152	0.337	0.223
0.384	0.190	0.341	0.085
0.394	0.289	0.270	0.047
0.218	0.270	0.218	0.294
>NNNNNNWGAT	3-NNNNNNWGAT	5.868153	-0.000000	0	T:71.0(0.38%),B:8482.8(10.43%),P:1e0	Tpos:21.6,Tstd:11.0,Bpos:13904.8,Bstd:17980.9,StrandBias:-0.1,Multiplicity:1.00
0.292	0.243	0.211	0.254
0.315	0.194	0.197	0.294
0.341	0.194	0.214	0.251
0.310	0.166	0.240	0.283
0.258	0.198	0.265	0.279
0.277	0.309	0.210	0.204
0.543	0.028	0.002	0.427
0.047	0.015	0.908	0.030
0.967	0.016	0.004	0.013
0.011	0.001	0.018	0.970
>AAAAANMANW	4-AAAAANMANW	4.632812	-0.000000	0	T:4588.0(24.45%),B:56080.2(68.95%),P:1e0	Tpos:24.5,Tstd:12.9,Bpos:15151.4,Bstd:17988.2,StrandBias:-0.0,Multiplicity:1.03
0.617	0.103	0.079	0.201
0.693	0.097	0.151	0.059
0.813	0.107	0.043	0.037
0.538	0.237	0.132	0.093
0.451	0.137	0.169	0.242
0.279	0.233	0.273	0.215
0.319	0.414	0.043	0.223
0.519	0.133	0.001	0.347
0.215	0.286	0.271	0.227
0.524	0.085	0.001	0.390
>WTTTTTTTTT	5-WTTTTTTTTT	4.347319	-0.000000	0	T:4250.0(22.65%),B:53923.3(66.29%),P:1e0	Tpos:25.2,Tstd:13.7,Bpos:15241.3,Bstd:18090.6,StrandBias:-0.0,Multiplicity:1.03
0.373	0.207	0.081	0.338
0.283	0.001	0.147	0.569
0.221	0.158	0.184	0.437
0.245	0.167	0.149	0.438
0.204	0.178	0.170	0.449
0.193	0.170	0.118	0.519
0.153	0.145	0.109	0.593
0.030	0.122	0.106	0.742
0.066	0.125	0.071	0.738
0.277	0.153	0.116	0.454
>HACASHCAMA	6-HACASHCAMA	4.503238	-0.000000	0	T:3970.0(21.16%),B:51973.9(63.90%),P:1e0	Tpos:24.9,Tstd:12.8,Bpos:15409.7,Bstd:17861.2,StrandBias:-0.0,Multiplicity:1.06
0.287	0.330	0.154	0.229
0.624	0.087	0.026	0.263
0.159	0.469	0.181	0.190
0.752	0.010	0.001	0.237
0.169	0.377	0.258	0.196
0.381	0.344	0.025	0.250
0.224	0.590	0.020	0.166
0.732	0.069	0.001	0.198
0.279	0.365	0.185	0.171
0.541	0.108	0.019	0.332
>NNNNNNWGAT	7-NNNNNNWGAT	5.083875	-0.000000	0	T:4171.0(22.23%),B:49403.5(60.74%),P:1e0	Tpos:24.1,Tstd:13.2,Bpos:15210.2,Bstd:18126.2,StrandBias:-0.0,Multiplicity:1.04
0.295	0.235	0.187	0.283
0.240	0.226	0.278	0.256
0.278	0.236	0.205	0.281
0.216	0.233	0.225	0.326
0.280	0.228	0.214	0.278
0.248	0.286	0.222	0.244
0.528	0.001	0.005	0.466
0.040	0.002	0.931	0.027
0.990	0.004	0.002	0.004
0.022	0.004	0.005	0.969
>WAAAAAAAAA	8-WAAAAAAAAA	4.886190	-0.000000	0	T:2468.0(13.15%),B:45919.1(56.45%),P:1e0	Tpos:29.8,Tstd:14.9,Bpos:16260.2,Bstd:17679.6,StrandBias:0.4,Multiplicity:1.00
0.423	0.132	0.128	0.318
0.437	0.127	0.180	0.256
0.588	0.164	0.247	0.001
0.582	0.210	0.207	0.001
0.568	0.205	0.226	0.001
0.522	0.106	0.175	0.197
0.511	0.239	0.224	0.026
0.660	0.001	0.001	0.338
0.424	0.117	0.220	0.238
0.449	0.097	0.156	0.298
>TGATTAATCT	9-TGATTAATCT	8.433898	-0.000000	0	T:115.0(0.61%),B:10301.6(12.67%),P:1e0	Tpos:24.0,Tstd:11.7,Bpos:15302.8,Bstd:18542.5,StrandBias:0.0,Multiplicity:1.00
0.022	0.001	0.022	0.955
0.001	0.045	0.909	0.045
0.797	0.090	0.045	0.068
0.045	0.001	0.045	0.909
0.001	0.001	0.001	0.997
0.863	0.135	0.001	0.001
0.932	0.022	0.001	0.045
0.113	0.001	0.006	0.880
0.001	0.865	0.067	0.067
0.089	0.001	0.001	0.909
>TCTGTTTTGA	10-TCTGTTTTGA	10.296193	-0.000000	0	T:4.0(0.02%),B:1506.8(1.85%),P:1e0	Tpos:21.0,Tstd:0.0,Bpos:15358.3,Bstd:18171.7,StrandBias:10.0,Multiplicity:1.00
0.100	0.100	0.100	0.700
0.100	0.700	0.100	0.100
0.100	0.100	0.100	0.700
0.100	0.100	0.700	0.100
0.100	0.100	0.100	0.700
0.100	0.100	0.100	0.700
0.100	0.100	0.100	0.700
0.100	0.100	0.100	0.700
0.100	0.100	0.700	0.100
0.700	0.100	0.100	0.100
>ATCWNNNNNN	11-ATCWNNNNNN	5.348931	-0.000000	0	T:1396.0(7.44%),B:35590.3(43.76%),P:1e0	Tpos:24.8,Tstd:12.8,Bpos:15284.3,Bstd:18098.9,StrandBias:0.4,Multiplicity:1.02
0.997	0.001	0.001	0.001
0.001	0.001	0.001	0.997
0.001	0.997	0.001	0.001
0.496	0.001	0.001	0.502
0.259	0.221	0.278	0.242
0.294	0.240	0.200	0.266
0.310	0.228	0.216	0.246
0.269	0.242	0.230	0.259
0.278	0.271	0.230	0.221
0.309	0.211	0.214	0.265
>TATCWNNNNN	12-TATCWNNNNN	5.733090	-0.000000	0	T:11095.0(59.14%),B:50824.5(62.49%),P:1e0	Tpos:25.2,Tstd:12.8,Bpos:15317.1,Bstd:18810.8,StrandBias:0.1,Multiplicity:1.08
0.001	0.001	0.001	0.997
0.997	0.001	0.001	0.001
0.001	0.001	0.001	0.997
0.001	0.997	0.001	0.001
0.552	0.001	0.001	0.446
0.193	0.204	0.330	0.274
0.182	0.270	0.281	0.267
0.198	0.267	0.225	0.310
0.223	0.272	0.277	0.227
0.241	0.263	0.222	0.274
>TCTGTKBTTT	13-TCTGTKBTTT	4.709056	-0.000000	0	T:4682.0(24.95%),B:54909.4(67.51%),P:1e0	Tpos:24.9,Tstd:13.2,Bpos:15453.3,Bstd:17746.3,StrandBias:-0.0,Multiplicity:1.04
0.202	0.042	0.015	0.741
0.085	0.442	0.206	0.267
0.160	0.001	0.001	0.838
0.040	0.338	0.544	0.078
0.259	0.012	0.068	0.661
0.167	0.135	0.410	0.288
0.161	0.261	0.247	0.331
0.209	0.200	0.164	0.426
0.235	0.192	0.168	0.405
0.271	0.101	0.142	0.487
>WAAAAAAAAW	14-WAAAAAAAAW	4.472762	-0.000000	0	T:3881.0(20.69%),B:52077.0(64.02%),P:1e0	Tpos:24.5,Tstd:13.2,Bpos:15221.7,Bstd:17737.8,StrandBias:-0.1,Multiplicity:1.05
0.487	0.079	0.070	0.365
0.515	0.042	0.118	0.325
0.609	0.056	0.145	0.190
0.615	0.105	0.141	0.139
0.569	0.117	0.161	0.153
0.591	0.073	0.145	0.191
0.532	0.162	0.157	0.149
0.568	0.068	0.092	0.272
0.470	0.098	0.197	0.235
0.448	0.074	0.113	0.364
>WWWTTTTTWW	15-WWWTTTTTWW	5.513399	-0.000000	0	T:1731.0(9.23%),B:40886.1(50.27%),P:1e0	Tpos:25.0,Tstd:13.4,Bpos:14870.1,Bstd:17201.2,StrandBias:-0.0,Multiplicity:1.05
0.394	0.137	0.072	0.396
0.319	0.177	0.131	0.374
0.333	0.109	0.100	0.459
0.216	0.176	0.098	0.510
0.231	0.083	0.021	0.665
0.109	0.161	0.072	0.658
0.109	0.077	0.001	0.813
0.231	0.123	0.052	0.594
0.400	0.103	0.001	0.495
0.371	0.021	0.118	0.490
>ATCWWTCTDW	16-ATCWWTCTDW	5.212438	-0.000000	0	T:1564.0(8.34%),B:35983.6(44.24%),P:1e0	Tpos:25.0,Tstd:13.1,Bpos:15162.8,Bstd:18267.8,StrandBias:0.2,Multiplicity:1.02
0.585	0.137	0.080	0.198
0.208	0.089	0.086	0.617
0.202	0.488	0.138	0.172
0.450	0.149	0.001	0.400
0.418	0.119	0.141	0.323
0.135	0.097	0.085	0.683
0.001	0.577	0.126	0.296
0.268	0.128	0.001	0.603
0.248	0.096	0.381	0.275
0.419	0.140	0.124	0.317
>WTTTTTTTTW	17-WTTTTTTTTW	5.233301	-0.000000	0	T:1210.0(6.45%),B:38859.1(47.77%),P:1e0	Tpos:21.4,Tstd:12.5,Bpos:15014.7,Bstd:18059.6,StrandBias:-0.9,Multiplicity:1.00
0.391	0.183	0.058	0.369
0.179	0.157	0.083	0.581
0.144	0.006	0.128	0.722
0.125	0.177	0.212	0.487
0.171	0.172	0.112	0.545
0.188	0.161	0.162	0.489
0.152	0.185	0.135	0.528
0.155	0.155	0.071	0.619
0.169	0.124	0.116	0.591
0.361	0.134	0.128	0.377
>TATCTNTNNN	18-TATCTNTNNN	6.985333	-0.000000	0	T:4829.0(25.74%),B:35673.2(43.86%),P:1e0	Tpos:24.8,Tstd:13.4,Bpos:15150.3,Bstd:18653.1,StrandBias:-0.0,Multiplicity:1.07
0.001	0.001	0.001	0.997
0.997	0.001	0.001	0.001
0.001	0.001	0.001	0.997
0.001	0.997	0.001	0.001
0.019	0.001	0.001	0.979
0.189	0.297	0.281	0.233
0.168	0.277	0.054	0.501
0.207	0.265	0.218	0.310
0.309	0.252	0.172	0.267
0.272	0.214	0.188	0.326
>WWWWTTHWGA	19-WWWWTTHWGA	4.991972	-0.000000	0	T:1620.0(8.63%),B:40120.5(49.33%),P:1e0	Tpos:25.7,Tstd:13.4,Bpos:14657.0,Bstd:17643.5,StrandBias:0.3,Multiplicity:1.03
0.396	0.161	0.145	0.298
0.302	0.180	0.147	0.371
0.369	0.164	0.041	0.426
0.278	0.163	0.143	0.416
0.001	0.316	0.128	0.555
0.279	0.171	0.119	0.431
0.288	0.321	0.144	0.248
0.536	0.001	0.001	0.462
0.211	0.129	0.459	0.201
0.997	0.001	0.001	0.001
>TTTTTTHTTT	20-TTTTTTHTTT	4.325197	-0.000000	0	T:4934.0(26.30%),B:58323.1(71.70%),P:1e0	Tpos:24.9,Tstd:13.2,Bpos:15547.9,Bstd:18063.5,StrandBias:0.1,Multiplicity:1.06
0.252	0.142	0.001	0.605
0.111	0.137	0.129	0.623
0.004	0.152	0.144	0.700
0.001	0.001	0.211	0.787
0.029	0.246	0.251	0.474
0.188	0.225	0.129	0.458
0.223	0.226	0.185	0.366
0.235	0.193	0.136	0.435
0.248	0.157	0.138	0.457
0.312	0.113	0.104	0.471
>AACAGAMTTT	21-AACAGAMTTT	4.498624	-0.000000	0	T:4203.0(22.40%),B:52853.0(64.98%),P:1e0	Tpos:25.0,Tstd:12.8,Bpos:15204.6,Bstd:18064.8,StrandBias:-0.1,Multiplicity:1.04
0.499	0.143	0.083	0.274
0.572	0.098	0.175	0.155
0.235	0.497	0.190	0.078
0.716	0.001	0.001	0.282
0.160	0.251	0.443	0.146
0.498	0.119	0.088	0.295
0.263	0.353	0.183	0.201
0.295	0.052	0.010	0.643
0.135	0.115	0.203	0.547
0.258	0.046	0.052	0.644
>TTTYCTKSAA	22-TTTYCTKSAA	6.763344	-0.000000	0	T:120.0(0.64%),B:14183.1(17.44%),P:1e0	Tpos:24.2,Tstd:12.5,Bpos:15387.4,Bstd:17743.7,StrandBias:0.0,Multiplicity:1.00
0.196	0.128	0.051	0.625
0.122	0.153	0.095	0.630
0.081	0.118	0.130	0.671
0.120	0.362	0.184	0.333
0.122	0.672	0.034	0.172
0.295	0.087	0.001	0.617
0.196	0.018	0.385	0.400
0.078	0.357	0.380	0.185
0.533	0.245	0.084	0.138
0.570	0.097	0.146	0.187
>NHYTKAGATA	23-NHYTKAGATA	2.809020	-0.000000	0	T:2047.0(10.91%),B:31615.2(38.87%),P:1e0	Tpos:24.2,Tstd:13.0,Bpos:15469.1,Bstd:18872.4,StrandBias:-0.2,Multiplicity:1.01
0.255	0.313	0.175	0.256
0.221	0.302	0.151	0.326
0.001	0.453	0.001	0.545
0.001	0.001	0.001	0.997
0.001	0.001	0.477	0.521
0.592	0.001	0.001	0.406
0.001	0.001	0.997	0.001
0.997	0.001	0.001	0.001
0.001	0.001	0.001	0.997
0.997	0.001	0.001	0.001
>WHWGATBGNN	24-WHWGATBGNN	6.404783	-0.000000	0	T:710.0(3.78%),B:32057.4(39.41%),P:1e0	Tpos:23.6,Tstd:13.1,Bpos:15490.1,Bstd:17817.2,StrandBias:-0.0,Multiplicity:1.02
0.510	0.016	0.001	0.473
0.285	0.423	0.001	0.291
0.512	0.001	0.001	0.486
0.001	0.001	0.997	0.001
0.997	0.001	0.001	0.001
0.001	0.001	0.001	0.997
0.001	0.330	0.341	0.327
0.235	0.143	0.414	0.207
0.221	0.252	0.249	0.277
0.266	0.235	0.258	0.241
>TAATCAHHTN	25-TAATCAHHTN	4.665254	-0.000000	0	T:2537.0(13.52%),B:43224.3(53.14%),P:1e0	Tpos:25.2,Tstd:13.4,Bpos:14797.7,Bstd:18081.0,StrandBias:0.1,Multiplicity:1.06
0.016	0.001	0.032	0.951
0.958	0.016	0.025	0.001
0.967	0.001	0.016	0.016
0.001	0.001	0.001	0.997
0.032	0.935	0.001	0.032
0.593	0.001	0.021	0.385
0.330	0.267	0.001	0.403
0.364	0.330	0.001	0.305
0.227	0.207	0.065	0.501
0.191	0.280	0.235	0.294
