>NGYBCGCGCKNN	3-NGYBCGCGCKNN	7.251395	-2.148838	0	T:2.0(0.51%),B:96.8(0.15%),P:1e0
0.202	0.255	0.313	0.229
0.084	0.229	0.484	0.202
0.029	0.345	0.226	0.400
0.029	0.371	0.229	0.371
0.145	0.513	0.200	0.142
0.115	0.001	0.829	0.055
0.057	0.887	0.001	0.055
0.001	0.168	0.661	0.170
0.029	0.572	0.260	0.139
0.029	0.229	0.318	0.424
0.229	0.255	0.229	0.287
0.313	0.229	0.174	0.284
