>NCTCGGCAGMTG	4-CAKCTGCCGAGN	9.512562	-1.835501	0	T:1.0(0.26%),B:28.4(0.04%),P:1e0
0.231	0.223	0.320	0.226
0.001	0.551	0.399	0.049
0.255	0.178	0.001	0.566
0.194	0.454	0.249	0.103
0.228	0.062	0.447	0.263
0.001	0.392	0.565	0.042
0.014	0.852	0.133	0.001
0.611	0.050	0.083	0.256
0.057	0.187	0.755	0.001
0.323	0.438	0.091	0.148
0.047	0.196	0.027	0.730
0.028	0.036	0.794	0.142
