>GSMDCKCGCGAR	5-GSMDCKCGCGAR	8.373446	-0.177991	0	T:1.0(0.26%),B:301.8(0.46%),P:1e0
0.273	0.152	0.485	0.091
0.060	0.515	0.424	0.001
0.333	0.364	0.152	0.151
0.305	0.151	0.302	0.242
0.122	0.514	0.091	0.273
0.061	0.152	0.395	0.393
0.090	0.788	0.121	0.001
0.001	0.120	0.758	0.121
0.001	0.969	0.001	0.029
0.092	0.121	0.726	0.061
0.425	0.151	0.273	0.151
0.393	0.183	0.393	0.030
