>NCTCCAGGCGCS	8-NCTCCAGGCGCS,BestGuess:brk/dmmpmm(Papatsenko)/fly(0.716)	8.292157	-2.117236	0	T:22.0(2.01%),B:1051.8(1.52%),P:1e0
0.214	0.226	0.341	0.218
0.109	0.670	0.135	0.086
0.113	0.159	0.190	0.538
0.104	0.653	0.128	0.115
0.126	0.605	0.166	0.103
0.480	0.214	0.181	0.125
0.104	0.142	0.656	0.098
0.121	0.135	0.639	0.105
0.107	0.683	0.108	0.102
0.100	0.089	0.729	0.082
0.098	0.705	0.128	0.069
0.165	0.300	0.351	0.184
