>SKYCGCCGCGGN	2-SKYCGCCGCGGN,BestGuess:ERF118/MA1671.1/Jaspar(0.787)	9.323312	-4.599436	0	T:2.0(0.18%),B:8.2(0.01%),P:1e-1
0.204	0.369	0.254	0.172
0.006	0.166	0.483	0.344
0.101	0.323	0.103	0.473
0.025	0.606	0.203	0.166
0.017	0.193	0.592	0.198
0.001	0.684	0.260	0.055
0.014	0.615	0.331	0.040
0.001	0.143	0.845	0.011
0.001	0.651	0.320	0.028
0.095	0.310	0.517	0.078
0.069	0.292	0.580	0.059
0.262	0.239	0.318	0.181
