>AGATCTGCAAGC	1-AGATCTGCAAGC,BestGuess:GATA11/MA1014.1/Jaspar(0.684)	11.801709	-3.860436	0	T:2.0(0.18%),B:13.6(0.02%),P:1e-1
0.714	0.063	0.128	0.095
0.156	0.156	0.657	0.031
0.448	0.200	0.214	0.138
0.102	0.202	0.189	0.507
0.023	0.865	0.056	0.056
0.091	0.073	0.013	0.823
0.046	0.212	0.672	0.070
0.090	0.702	0.185	0.023
0.734	0.225	0.014	0.027
0.610	0.018	0.259	0.113
0.120	0.061	0.757	0.062
0.113	0.656	0.209	0.022
