>AMABGGCCTCTG	12-CAGAGGCCVTKT	9.312739	-0.073260	0	T:2.0(0.18%),B:294.5(0.39%),P:1e0
0.560	0.072	0.213	0.155
0.443	0.365	0.001	0.191
0.562	0.339	0.001	0.098
0.115	0.309	0.347	0.229
0.001	0.192	0.649	0.158
0.076	0.157	0.766	0.001
0.115	0.613	0.271	0.001
0.038	0.697	0.111	0.154
0.001	0.152	0.307	0.540
0.001	0.636	0.115	0.248
0.018	0.077	0.344	0.561
0.038	0.096	0.712	0.154
