>CGGAMSCGCGCG	14-CGGAMSCGCGCG	9.023821	-0.000049	0	T:1.0(0.09%),B:676.2(0.91%),P:1e0
0.136	0.716	0.147	0.001
0.148	0.251	0.575	0.026
0.130	0.196	0.648	0.026
0.486	0.130	0.163	0.222
0.355	0.416	0.228	0.001
0.181	0.333	0.408	0.078
0.026	0.922	0.026	0.026
0.001	0.051	0.947	0.001
0.026	0.740	0.233	0.001
0.326	0.078	0.518	0.078
0.261	0.492	0.118	0.130
0.149	0.147	0.508	0.196
