>TCCCCTCCCCGC	13-TCCCCTCCCCGC	9.611155	-0.061318	0	T:1.0(0.09%),B:192.6(0.26%),P:1e0
0.122	0.225	0.250	0.403
0.076	0.604	0.148	0.172
0.083	0.648	0.149	0.120
0.123	0.605	0.201	0.071
0.129	0.632	0.086	0.153
0.129	0.183	0.223	0.465
0.129	0.561	0.206	0.104
0.091	0.662	0.132	0.115
0.072	0.582	0.283	0.063
0.102	0.586	0.198	0.114
0.091	0.208	0.563	0.138
0.129	0.445	0.254	0.172
