>TCCCTGCCCGCC	5-GGCGGGCAGGGA	11.715484	-0.630776	0	T:1.0(0.09%),B:51.7(0.07%),P:1e0
0.099	0.189	0.145	0.567
0.053	0.689	0.144	0.114
0.075	0.731	0.098	0.096
0.072	0.743	0.094	0.091
0.131	0.164	0.133	0.572
0.079	0.175	0.647	0.099
0.045	0.717	0.150	0.088
0.078	0.707	0.123	0.092
0.110	0.628	0.121	0.141
0.120	0.174	0.585	0.121
0.055	0.713	0.143	0.089
0.096	0.700	0.101	0.103
