>YGCTCGCTCGCK	3-MGCGAGCGAGCR	9.701476	-1.254089	0	T:1.0(0.09%),B:22.5(0.03%),P:1e0
0.155	0.289	0.195	0.361
0.078	0.103	0.664	0.155
0.181	0.546	0.066	0.207
0.155	0.131	0.233	0.481
0.104	0.778	0.066	0.052
0.129	0.170	0.649	0.052
0.129	0.487	0.270	0.115
0.068	0.182	0.219	0.531
0.027	0.739	0.145	0.089
0.026	0.108	0.814	0.052
0.144	0.648	0.104	0.104
0.129	0.204	0.363	0.304
