>CGGSGCTCYTKC	6-CGGSGCTCYTKC	8.741067	-0.605770	0	T:1.0(0.09%),B:53.2(0.07%),P:1e0
0.063	0.646	0.290	0.001
0.001	0.367	0.631	0.001
0.001	0.348	0.538	0.113
0.103	0.343	0.492	0.062
0.250	0.181	0.473	0.096
0.039	0.508	0.293	0.160
0.158	0.272	0.128	0.442
0.039	0.593	0.149	0.219
0.001	0.497	0.078	0.425
0.017	0.369	0.060	0.554
0.062	0.236	0.393	0.309
0.001	0.507	0.334	0.158
