>CKCCCRGGAGWR	11-YWCTCCYGGGMG	9.090191	-0.087895	0	T:6.0(0.55%),B:652.3(0.87%),P:1e0
0.124	0.605	0.170	0.101
0.082	0.080	0.399	0.439
0.065	0.672	0.170	0.093
0.055	0.525	0.083	0.337
0.117	0.628	0.136	0.119
0.455	0.064	0.403	0.079
0.089	0.063	0.804	0.044
0.099	0.126	0.733	0.042
0.690	0.076	0.131	0.103
0.126	0.127	0.684	0.063
0.422	0.146	0.124	0.308
0.359	0.106	0.495	0.040
