>NCGCGCSGCKBB	9-NCGCGCSGCKBB	8.465747	-0.212901	0	T:1.0(0.09%),B:112.7(0.15%),P:1e0
0.223	0.323	0.212	0.242
0.114	0.722	0.082	0.082
0.035	0.142	0.683	0.140
0.023	0.766	0.175	0.036
0.116	0.104	0.688	0.092
0.149	0.521	0.235	0.095
0.070	0.417	0.431	0.082
0.080	0.187	0.539	0.194
0.107	0.740	0.118	0.035
0.068	0.210	0.302	0.421
0.117	0.348	0.218	0.317
0.142	0.231	0.370	0.257
