>GCGCSCGSCKNS	8-GCGCSCGSCKNS	8.756604	-0.246850	0	T:1.0(0.09%),B:103.2(0.14%),P:1e0
0.089	0.236	0.611	0.064
0.048	0.718	0.057	0.177
0.048	0.236	0.620	0.096
0.072	0.514	0.351	0.063
0.062	0.457	0.355	0.126
0.071	0.772	0.085	0.072
0.089	0.054	0.626	0.231
0.112	0.375	0.434	0.080
0.150	0.658	0.135	0.057
0.088	0.182	0.335	0.395
0.279	0.198	0.222	0.301
0.110	0.408	0.418	0.064
