>NACCCAGAAGCV	7-NACCCAGAAGCV	9.641909	-0.277493	0	T:1.0(0.09%),B:96.3(0.13%),P:1e0
0.198	0.331	0.245	0.226
0.639	0.154	0.112	0.095
0.001	0.682	0.091	0.226
0.038	0.763	0.161	0.038
0.109	0.724	0.076	0.091
0.439	0.257	0.199	0.105
0.115	0.149	0.643	0.093
0.584	0.167	0.175	0.074
0.587	0.183	0.088	0.142
0.113	0.151	0.678	0.058
0.151	0.670	0.068	0.111
0.230	0.262	0.357	0.151
