>CCBGCGSCNGCG	4-CGCNGSCGCVGG	9.796641	-0.678578	0	T:2.0(0.18%),B:115.4(0.15%),P:1e0
0.001	0.635	0.276	0.088
0.016	0.597	0.113	0.274
0.124	0.315	0.281	0.281
0.037	0.225	0.559	0.179
0.001	0.762	0.218	0.019
0.103	0.082	0.735	0.080
0.071	0.356	0.502	0.071
0.055	0.705	0.169	0.071
0.316	0.255	0.177	0.253
0.060	0.093	0.727	0.120
0.035	0.664	0.300	0.001
0.267	0.074	0.595	0.064
