>GAAGKTTGGTTA	6-GAAGKTTGGTTA,BestGuess:MYB4(MYB)/col200-MYB4-DAP-Seq(GSE60143)/Homer(0.676)	10.239397	-79.060645	0	T:19.0(6.17%),B:10.1(0.02%),P:1e-34
0.146	0.082	0.694	0.078
0.617	0.067	0.197	0.119
0.742	0.056	0.067	0.135
0.112	0.232	0.538	0.118
0.141	0.107	0.425	0.327
0.055	0.047	0.088	0.810
0.089	0.078	0.059	0.774
0.105	0.113	0.642	0.140
0.098	0.107	0.707	0.088
0.131	0.137	0.047	0.685
0.128	0.087	0.099	0.686
0.682	0.140	0.040	0.138
