>CGCGGVVN	1-CGCGGVVN	5.952734	-0.061615	0	T:2.0(0.18%),B:308.7(0.41%),P:1e0	Tpos:24.0,Tstd:16.0,Bpos:7161.2,Bstd:16746.1,StrandBias:0.0,Multiplicity:1.00
0.100	0.691	0.134	0.075
0.009	0.149	0.839	0.003
0.011	0.660	0.328	0.001
0.150	0.265	0.584	0.001
0.115	0.290	0.594	0.001
0.296	0.393	0.310	0.001
0.335	0.290	0.256	0.120
0.336	0.187	0.286	0.191
>CGCGCGGA	2-CGCGCGGA	6.690936	-0.000024	0	T:3.0(0.27%),B:1057.9(1.42%),P:1e0	Tpos:3.0,Tstd:0.0,Bpos:4905.7,Bstd:12443.1,StrandBias:-10.0,Multiplicity:1.00
0.120	0.453	0.217	0.210
0.068	0.146	0.661	0.125
0.126	0.582	0.180	0.112
0.143	0.194	0.588	0.075
0.144	0.599	0.179	0.078
0.200	0.117	0.560	0.123
0.071	0.154	0.722	0.053
0.495	0.237	0.131	0.137
>BGCGGCSS	3-BGCGGCSS	6.919247	-0.000001	0	T:3.0(0.27%),B:1308.1(1.75%),P:1e0	Tpos:15.3,Tstd:11.7,Bpos:2663.0,Bstd:9634.1,StrandBias:-10.0,Multiplicity:1.00
0.130	0.226	0.317	0.326
0.001	0.221	0.777	0.001
0.001	0.919	0.079	0.001
0.047	0.215	0.546	0.192
0.001	0.208	0.790	0.001
0.001	0.789	0.209	0.001
0.066	0.352	0.451	0.131
0.070	0.432	0.365	0.134
>SCGCSSCK	4-SCGCSSCK	6.873695	-0.000000	0	T:6.0(0.55%),B:1829.3(2.45%),P:1e0	Tpos:28.4,Tstd:12.5,Bpos:6540.9,Bstd:15949.2,StrandBias:2.0,Multiplicity:1.00
0.072	0.417	0.510	0.001
0.001	0.935	0.040	0.024
0.001	0.306	0.692	0.001
0.001	0.649	0.349	0.001
0.001	0.452	0.491	0.056
0.001	0.533	0.465	0.001
0.001	0.590	0.408	0.001
0.023	0.227	0.304	0.446
>SCSSGCCS	5-SCSSGCCS	5.910408	-0.000000	0	T:59.0(5.38%),B:20604.8(27.63%),P:1e0	Tpos:9.0,Tstd:0.0,Bpos:7497.4,Bstd:15660.4,StrandBias:-10.0,Multiplicity:1.00
0.105	0.485	0.360	0.051
0.114	0.648	0.021	0.217
0.032	0.396	0.350	0.221
0.002	0.526	0.423	0.049
0.001	0.365	0.601	0.033
0.001	0.997	0.001	0.001
0.180	0.534	0.058	0.228
0.054	0.362	0.428	0.156
>GCGCGCVG	6-GCGCGCVG	7.199115	-0.000000	0	T:10.0(0.91%),B:5281.2(7.08%),P:1e0	Tpos:6.0,Tstd:0.0,Bpos:5975.5,Bstd:17713.3,StrandBias:10.0,Multiplicity:1.00
0.001	0.283	0.715	0.001
0.001	0.617	0.381	0.001
0.001	0.212	0.786	0.001
0.001	0.624	0.374	0.001
0.001	0.001	0.997	0.001
0.001	0.607	0.391	0.001
0.282	0.340	0.306	0.072
0.036	0.123	0.553	0.288
>CSGCSGCG	7-CSGCSGCG	4.233800	-0.000000	0	T:237.0(21.60%),B:41891.5(56.18%),P:1e0	Tpos:25.9,Tstd:13.0,Bpos:8011.7,Bstd:17233.6,StrandBias:0.2,Multiplicity:1.10
0.087	0.501	0.306	0.106
0.190	0.412	0.303	0.095
0.011	0.229	0.759	0.001
0.041	0.811	0.147	0.001
0.159	0.354	0.394	0.093
0.023	0.185	0.757	0.035
0.035	0.612	0.286	0.067
0.166	0.175	0.459	0.201
>GCTGCCGG	8-GCTGCCGG	5.350282	-0.000000	0	T:119.0(10.85%),B:33315.6(44.68%),P:1e0	Tpos:26.3,Tstd:12.2,Bpos:8979.4,Bstd:17082.8,StrandBias:-0.2,Multiplicity:1.15
0.097	0.069	0.790	0.044
0.066	0.783	0.089	0.062
0.091	0.143	0.094	0.672
0.053	0.108	0.735	0.104
0.034	0.835	0.090	0.041
0.056	0.743	0.112	0.089
0.083	0.105	0.686	0.126
0.066	0.106	0.759	0.069
>GCGSSGCS	9-GCGSSGCS	4.530597	-0.000000	0	T:178.0(16.23%),B:34910.6(46.82%),P:1e0	Tpos:27.1,Tstd:13.0,Bpos:7036.7,Bstd:17388.7,StrandBias:0.1,Multiplicity:1.02
0.070	0.314	0.471	0.145
0.058	0.786	0.122	0.034
0.105	0.263	0.588	0.044
0.011	0.449	0.509	0.031
0.148	0.391	0.336	0.126
0.001	0.312	0.640	0.047
0.205	0.575	0.201	0.019
0.163	0.338	0.393	0.106
>CSGCSGCG	10-CSGCSGCG	4.636189	-0.000000	0	T:102.0(9.30%),B:22266.5(29.86%),P:1e0	Tpos:10.0,Tstd:0.0,Bpos:8991.2,Bstd:16833.2,StrandBias:10.0,Multiplicity:1.00
0.159	0.491	0.149	0.202
0.101	0.432	0.334	0.133
0.067	0.330	0.547	0.056
0.006	0.866	0.061	0.067
0.168	0.361	0.291	0.180
0.083	0.248	0.621	0.048
0.182	0.534	0.160	0.124
0.134	0.253	0.435	0.179
>GGGYMGCG	11-GGGYMGCG	6.307301	-0.000000	0	T:104.0(9.48%),B:27109.3(36.35%),P:1e0	Tpos:22.4,Tstd:12.7,Bpos:8902.5,Bstd:18249.8,StrandBias:0.9,Multiplicity:1.05
0.001	0.413	0.585	0.001
0.001	0.288	0.710	0.001
0.001	0.281	0.717	0.001
0.159	0.412	0.113	0.315
0.379	0.265	0.185	0.171
0.001	0.001	0.997	0.001
0.001	0.588	0.410	0.001
0.107	0.001	0.891	0.001
>CGGGCGCG	12-CGGGCGCG	7.301052	-0.000000	0	T:8.0(0.73%),B:5009.1(6.72%),P:1e0	Tpos:19.5,Tstd:3.5,Bpos:2625.1,Bstd:9827.9,StrandBias:-10.0,Multiplicity:1.00
0.112	0.615	0.166	0.107
0.127	0.171	0.593	0.109
0.097	0.068	0.735	0.100
0.107	0.137	0.664	0.092
0.142	0.586	0.168	0.104
0.134	0.081	0.658	0.127
0.138	0.576	0.168	0.118
0.144	0.149	0.572	0.135
>GCCCGCRG	13-GCCCGCRG	5.554674	-0.000000	0	T:127.0(11.58%),B:34621.2(46.43%),P:1e0	Tpos:25.0,Tstd:13.3,Bpos:10731.8,Bstd:16564.0,StrandBias:0.6,Multiplicity:1.05
0.055	0.229	0.709	0.007
0.057	0.696	0.231	0.016
0.050	0.581	0.311	0.058
0.268	0.441	0.248	0.043
0.060	0.040	0.890	0.010
0.051	0.656	0.292	0.001
0.413	0.190	0.278	0.119
0.058	0.141	0.659	0.142
>CGCCGGGC	14-CGCCGGGC	5.006451	-0.000000	0	T:124.0(11.30%),B:31469.8(42.20%),P:1e0	Tpos:28.2,Tstd:13.2,Bpos:8324.9,Bstd:18504.9,StrandBias:0.4,Multiplicity:1.14
0.077	0.639	0.124	0.160
0.023	0.264	0.504	0.209
0.001	0.646	0.349	0.004
0.061	0.553	0.338	0.048
0.064	0.330	0.522	0.084
0.144	0.237	0.449	0.170
0.001	0.230	0.709	0.060
0.110	0.684	0.091	0.115
>GCCCGCCH	15-GCCCGCCH	7.945359	-0.000000	0	T:11.0(1.00%),B:6557.0(8.79%),P:1e0	Tpos:27.4,Tstd:10.1,Bpos:9135.4,Bstd:17814.3,StrandBias:0.6,Multiplicity:1.00
0.001	0.259	0.739	0.001
0.001	0.997	0.001	0.001
0.001	0.763	0.235	0.001
0.001	0.765	0.233	0.001
0.001	0.275	0.723	0.001
0.001	0.609	0.389	0.001
0.001	0.683	0.315	0.001
0.247	0.300	0.120	0.333
>CCSGSCCC	16-CCSGSCCC	5.688012	-0.000000	0	T:128.0(11.67%),B:28734.8(38.53%),P:1e0	Tpos:23.4,Tstd:14.7,Bpos:6350.3,Bstd:16919.2,StrandBias:0.4,Multiplicity:1.08
0.022	0.791	0.157	0.030
0.111	0.729	0.082	0.078
0.009	0.525	0.438	0.028
0.037	0.304	0.614	0.045
0.033	0.462	0.445	0.060
0.001	0.607	0.368	0.024
0.090	0.532	0.341	0.037
0.056	0.562	0.281	0.101
>GCNGCGCN	17-GCNGCGCN	5.200643	-0.000000	0	T:40.0(3.65%),B:10555.2(14.15%),P:1e0	Tpos:25.0,Tstd:21.0,Bpos:9476.7,Bstd:15221.2,StrandBias:0.0,Multiplicity:1.00
0.113	0.317	0.514	0.056
0.061	0.716	0.171	0.052
0.232	0.285	0.298	0.185
0.075	0.235	0.645	0.045
0.111	0.574	0.207	0.108
0.103	0.247	0.539	0.111
0.147	0.613	0.195	0.045
0.308	0.184	0.265	0.243
>HCGCGCGC	18-HCGCGCGC	7.556829	-0.000000	0	T:5.0(0.46%),B:3183.7(4.27%),P:1e0	Tpos:30.0,Tstd:14.9,Bpos:2187.5,Bstd:10274.3,StrandBias:-1.0,Multiplicity:1.00
0.214	0.361	0.139	0.286
0.104	0.623	0.157	0.116
0.064	0.232	0.633	0.071
0.081	0.709	0.098	0.112
0.053	0.127	0.733	0.087
0.112	0.614	0.206	0.068
0.043	0.154	0.728	0.075
0.014	0.883	0.093	0.010
>GCGCGCGG	19-GCGCGCGG	6.907917	-0.000000	0	T:22.0(2.01%),B:10397.4(13.94%),P:1e0	Tpos:5.0,Tstd:0.0,Bpos:1677.2,Bstd:6390.6,StrandBias:10.0,Multiplicity:1.00
0.098	0.264	0.632	0.006
0.052	0.569	0.245	0.134
0.042	0.147	0.666	0.145
0.068	0.652	0.219	0.061
0.011	0.104	0.877	0.008
0.060	0.782	0.145	0.013
0.254	0.109	0.546	0.091
0.261	0.016	0.635	0.088
>CGCGGCNB	20-CGCGGCNB	5.947372	-0.000000	0	T:25.0(2.28%),B:8892.6(11.93%),P:1e0	Tpos:21.5,Tstd:16.0,Bpos:4440.5,Bstd:12996.4,StrandBias:0.0,Multiplicity:1.00
0.001	0.635	0.226	0.138
0.022	0.096	0.807	0.075
0.001	0.844	0.154	0.001
0.121	0.265	0.432	0.182
0.076	0.260	0.596	0.068
0.004	0.639	0.349	0.008
0.175	0.284	0.295	0.245
0.128	0.332	0.335	0.205
>GGSSSSGS	21-GGSSSSGS	6.286492	-0.000000	0	T:5.0(0.46%),B:2728.4(3.66%),P:1e0	Tpos:14.5,Tstd:6.5,Bpos:10510.3,Bstd:17849.5,StrandBias:10.0,Multiplicity:1.00
0.173	0.273	0.435	0.119
0.139	0.219	0.524	0.118
0.032	0.434	0.533	0.001
0.109	0.405	0.486	0.001
0.001	0.449	0.549	0.001
0.028	0.416	0.555	0.001
0.001	0.001	0.890	0.108
0.062	0.512	0.425	0.001
>CCCCCSCS	22-CCCCCSCS	6.537602	-0.000000	0	T:4.0(0.36%),B:3130.9(4.20%),P:1e0	Tpos:30.0,Tstd:0.0,Bpos:9179.6,Bstd:20928.4,StrandBias:-10.0,Multiplicity:1.00
0.206	0.410	0.147	0.236
0.181	0.477	0.250	0.092
0.001	0.773	0.204	0.022
0.003	0.650	0.301	0.046
0.008	0.990	0.001	0.001
0.029	0.486	0.362	0.124
0.026	0.609	0.322	0.043
0.136	0.468	0.366	0.030
>GCCGCGCG	23-GCCGCGCG	7.763631	0.000000	0	T:12.0(1.09%),B:3843.3(5.15%),P:1e0	Tpos:35.5,Tstd:1.5,Bpos:6446.7,Bstd:14599.5,StrandBias:0.0,Multiplicity:1.00
0.031	0.301	0.550	0.118
0.084	0.827	0.088	0.001
0.001	0.791	0.207	0.001
0.001	0.197	0.801	0.001
0.001	0.615	0.325	0.059
0.001	0.234	0.764	0.001
0.001	0.997	0.001	0.001
0.266	0.132	0.472	0.130
>WGGGGSCG	24-WGGGGSCG	9.122188	0.000000	0	T:3.0(0.27%),B:3847.5(5.16%),P:1e0	Tpos:8.0,Tstd:0.0,Bpos:7755.7,Bstd:15810.5,StrandBias:10.0,Multiplicity:1.00
0.486	0.001	0.003	0.510
0.001	0.001	0.997	0.001
0.001	0.005	0.993	0.001
0.001	0.001	0.997	0.001
0.001	0.262	0.736	0.001
0.001	0.482	0.516	0.001
0.001	0.733	0.265	0.001
0.001	0.001	0.997	0.001
>CGCGGCGS	25-CGCGGCGS	4.860171	0.000000	0	T:98.0(8.93%),B:19441.5(26.07%),P:1e0	Tpos:25.2,Tstd:13.0,Bpos:3138.9,Bstd:12327.3,StrandBias:-0.1,Multiplicity:1.20
0.094	0.492	0.280	0.133
0.010	0.372	0.557	0.061
0.028	0.733	0.238	0.001
0.170	0.153	0.520	0.157
0.071	0.345	0.583	0.001
0.271	0.471	0.195	0.064
0.135	0.272	0.549	0.044
0.180	0.371	0.329	0.120
