>TCCGGACGCG	1-TCCGGACGCG	10.296193	-2.050274	0	T:2.0(0.18%),B:41.3(0.06%),P:1e0	Tpos:14.5,Tstd:6.5,Bpos:4833.5,Bstd:13184.9,StrandBias:0.0,Multiplicity:1.00
0.100	0.100	0.100	0.700
0.100	0.700	0.100	0.100
0.100	0.700	0.100	0.100
0.100	0.100	0.700	0.100
0.100	0.100	0.700	0.100
0.700	0.100	0.100	0.100
0.100	0.700	0.100	0.100
0.100	0.100	0.700	0.100
0.100	0.700	0.100	0.100
0.100	0.100	0.700	0.100
>GAAGCGGTGA	2-GAAGCGGTGA	10.757195	-1.642576	0	T:6.0(0.55%),B:261.1(0.35%),P:1e0	Tpos:30.5,Tstd:11.1,Bpos:10943.7,Bstd:13973.3,StrandBias:1.0,Multiplicity:1.00
0.001	0.001	0.997	0.001
0.792	0.090	0.001	0.117
0.892	0.001	0.001	0.106
0.001	0.001	0.862	0.136
0.001	0.997	0.001	0.001
0.001	0.090	0.850	0.059
0.001	0.001	0.870	0.128
0.001	0.001	0.081	0.917
0.001	0.001	0.997	0.001
0.921	0.001	0.077	0.001
>GCCGTACCTC	3-GCCGTACCTC	8.672206	-1.063307	0	T:1.0(0.09%),B:28.3(0.04%),P:1e0	Tpos:31.0,Tstd:0.0,Bpos:10112.3,Bstd:16022.4,StrandBias:10.0,Multiplicity:1.00
0.103	0.182	0.590	0.125
0.075	0.711	0.129	0.085
0.149	0.614	0.096	0.141
0.137	0.182	0.535	0.146
0.127	0.212	0.173	0.489
0.476	0.154	0.208	0.163
0.104	0.601	0.152	0.143
0.095	0.690	0.080	0.135
0.105	0.167	0.081	0.647
0.087	0.647	0.149	0.117
>GGGAAGCGCC	4-GGGAAGCGCC	10.296193	-0.336889	0	T:2.0(0.18%),B:170.2(0.23%),P:1e0	Tpos:31.0,Tstd:2.0,Bpos:7398.2,Bstd:15694.2,StrandBias:0.0,Multiplicity:1.00
0.100	0.100	0.700	0.100
0.100	0.100	0.700	0.100
0.100	0.100	0.700	0.100
0.700	0.100	0.100	0.100
0.700	0.100	0.100	0.100
0.100	0.100	0.700	0.100
0.100	0.700	0.100	0.100
0.100	0.100	0.700	0.100
0.100	0.700	0.100	0.100
0.100	0.700	0.100	0.100
>GGCTCGCCGC	5-GGCTCGCCGC	10.296193	-0.291939	0	T:1.0(0.09%),B:93.1(0.12%),P:1e0	Tpos:41.0,Tstd:0.0,Bpos:5448.8,Bstd:14897.2,StrandBias:10.0,Multiplicity:1.00
0.100	0.100	0.700	0.100
0.100	0.100	0.700	0.100
0.100	0.700	0.100	0.100
0.100	0.100	0.100	0.700
0.100	0.700	0.100	0.100
0.100	0.100	0.700	0.100
0.100	0.700	0.100	0.100
0.100	0.700	0.100	0.100
0.100	0.100	0.700	0.100
0.100	0.700	0.100	0.100
>GCGCTCCCGG	6-GCGCTCCCGG	10.180968	-0.244274	0	T:3.0(0.27%),B:282.3(0.38%),P:1e0	Tpos:21.3,Tstd:15.0,Bpos:2928.6,Bstd:11083.6,StrandBias:-1.0,Multiplicity:1.00
0.001	0.253	0.717	0.029
0.145	0.577	0.203	0.075
0.046	0.119	0.747	0.088
0.001	0.943	0.055	0.001
0.095	0.229	0.201	0.475
0.001	0.750	0.211	0.038
0.001	0.950	0.048	0.001
0.013	0.513	0.344	0.130
0.161	0.151	0.606	0.082
0.001	0.177	0.821	0.001
>GGGCGGGTGT	7-GGGCGGGTGT	10.296193	-0.095333	0	T:1.0(0.09%),B:163.0(0.22%),P:1e0	Tpos:9.0,Tstd:0.0,Bpos:10534.4,Bstd:15570.2,StrandBias:10.0,Multiplicity:1.00
0.100	0.100	0.700	0.100
0.100	0.100	0.700	0.100
0.100	0.100	0.700	0.100
0.100	0.700	0.100	0.100
0.100	0.100	0.700	0.100
0.100	0.100	0.700	0.100
0.100	0.100	0.700	0.100
0.100	0.100	0.100	0.700
0.100	0.100	0.700	0.100
0.100	0.100	0.100	0.700
>CGGCCGCGGC	8-CGGCCGCGGC	10.296193	-0.005692	0	T:4.0(0.36%),B:735.7(0.99%),P:1e0	Tpos:22.7,Tstd:7.4,Bpos:2290.1,Bstd:9788.3,StrandBias:1.0,Multiplicity:1.00
0.100	0.700	0.100	0.100
0.100	0.100	0.700	0.100
0.100	0.100	0.700	0.100
0.100	0.700	0.100	0.100
0.100	0.700	0.100	0.100
0.100	0.100	0.700	0.100
0.100	0.700	0.100	0.100
0.100	0.100	0.700	0.100
0.100	0.100	0.700	0.100
0.100	0.700	0.100	0.100
>VAGCGCCAGS	9-VAGCGCCAGS	6.837211	-0.003623	0	T:1.0(0.09%),B:383.4(0.51%),P:1e0	Tpos:15.0,Tstd:0.0,Bpos:6622.5,Bstd:14247.2,StrandBias:10.0,Multiplicity:1.00
0.220	0.329	0.289	0.162
0.429	0.157	0.265	0.149
0.104	0.153	0.651	0.092
0.133	0.591	0.171	0.105
0.109	0.241	0.489	0.161
0.112	0.535	0.237	0.116
0.147	0.587	0.159	0.107
0.464	0.198	0.185	0.153
0.113	0.170	0.638	0.079
0.165	0.291	0.360	0.185
>GCTCTTGCCC	10-GCTCTTGCCC	10.271596	-0.003518	0	T:1.0(0.09%),B:385.0(0.52%),P:1e0	Tpos:14.0,Tstd:0.0,Bpos:11535.5,Bstd:14677.1,StrandBias:10.0,Multiplicity:1.00
0.078	0.099	0.711	0.112
0.064	0.782	0.076	0.078
0.110	0.158	0.116	0.616
0.046	0.754	0.091	0.109
0.097	0.174	0.091	0.638
0.059	0.116	0.162	0.663
0.059	0.102	0.703	0.136
0.047	0.726	0.130	0.097
0.074	0.727	0.104	0.095
0.100	0.680	0.081	0.139
>CCGCYSCSCN	11-CCGCYSCSCN	7.284164	-0.000423	0	T:1.0(0.09%),B:530.0(0.71%),P:1e0	Tpos:5.0,Tstd:0.0,Bpos:1208.6,Bstd:5497.6,StrandBias:-10.0,Multiplicity:1.00
0.087	0.549	0.294	0.070
0.177	0.583	0.229	0.011
0.096	0.166	0.608	0.130
0.001	0.652	0.346	0.001
0.174	0.387	0.200	0.240
0.001	0.429	0.569	0.001
0.167	0.557	0.214	0.062
0.071	0.387	0.434	0.108
0.075	0.679	0.199	0.047
0.180	0.243	0.303	0.274
>CCBSCSSCCB	12-CCBSCSSCCB	7.474247	-0.000055	0	T:1.0(0.09%),B:668.8(0.90%),P:1e0	Tpos:21.0,Tstd:0.0,Bpos:5587.8,Bstd:15473.9,StrandBias:10.0,Multiplicity:1.00
0.060	0.563	0.290	0.087
0.159	0.823	0.009	0.009
0.063	0.387	0.308	0.242
0.020	0.465	0.495	0.020
0.022	0.630	0.262	0.086
0.201	0.280	0.425	0.093
0.008	0.467	0.524	0.001
0.038	0.677	0.284	0.001
0.155	0.604	0.154	0.087
0.139	0.330	0.313	0.217
>GGCCCCGGGG	13-GGCCCCGGGG	10.291389	-0.000012	0	T:1.0(0.09%),B:769.2(1.03%),P:1e0	Tpos:42.0,Tstd:0.0,Bpos:7840.1,Bstd:16949.4,StrandBias:10.0,Multiplicity:1.00
0.120	0.108	0.695	0.077
0.081	0.091	0.749	0.079
0.069	0.721	0.103	0.107
0.083	0.643	0.151	0.123
0.080	0.685	0.159	0.076
0.099	0.692	0.106	0.103
0.096	0.106	0.692	0.106
0.080	0.115	0.724	0.081
0.111	0.083	0.731	0.075
0.123	0.122	0.671	0.084
>CCCCGCMGCC	14-CCCCGCMGCC	10.157413	-0.000012	0	T:1.0(0.09%),B:772.5(1.04%),P:1e0	Tpos:14.0,Tstd:0.0,Bpos:6139.4,Bstd:18421.2,StrandBias:10.0,Multiplicity:1.00
0.020	0.808	0.157	0.015
0.001	0.782	0.184	0.033
0.075	0.794	0.130	0.001
0.098	0.705	0.179	0.018
0.048	0.210	0.635	0.107
0.043	0.735	0.221	0.001
0.474	0.327	0.097	0.101
0.001	0.300	0.698	0.001
0.001	0.915	0.083	0.001
0.304	0.492	0.057	0.147
>GGCSSCGSSG	15-GGCSSCGSSG	9.048259	-0.000000	0	T:1.0(0.09%),B:1275.7(1.71%),P:1e0	Tpos:36.0,Tstd:0.0,Bpos:1576.5,Bstd:7879.0,StrandBias:-10.0,Multiplicity:1.00
0.125	0.119	0.703	0.053
0.001	0.020	0.978	0.001
0.007	0.827	0.165	0.001
0.026	0.353	0.424	0.197
0.001	0.421	0.555	0.023
0.019	0.640	0.297	0.044
0.001	0.205	0.752	0.042
0.001	0.563	0.435	0.001
0.179	0.308	0.431	0.082
0.035	0.348	0.519	0.098
>GRGCTSCGGG	16-GRGCTSCGGG	10.585605	-0.000000	0	T:2.0(0.18%),B:1603.2(2.15%),P:1e0	Tpos:28.0,Tstd:16.0,Bpos:4764.5,Bstd:15862.8,StrandBias:0.0,Multiplicity:1.00
0.001	0.052	0.946	0.001
0.257	0.207	0.364	0.173
0.001	0.035	0.963	0.001
0.001	0.971	0.027	0.001
0.029	0.108	0.348	0.515
0.001	0.475	0.450	0.074
0.037	0.897	0.036	0.030
0.001	0.170	0.700	0.129
0.001	0.084	0.914	0.001
0.001	0.117	0.881	0.001
>GGGGSSGGGG	17-GGGGSSGGGG	6.084538	-0.000000	0	T:121.0(11.03%),B:30177.3(40.47%),P:1e0	Tpos:25.7,Tstd:12.1,Bpos:7435.2,Bstd:18506.4,StrandBias:-0.5,Multiplicity:1.12
0.115	0.094	0.759	0.032
0.092	0.216	0.682	0.010
0.110	0.269	0.559	0.062
0.129	0.200	0.545	0.126
0.165	0.367	0.467	0.001
0.129	0.352	0.426	0.094
0.171	0.001	0.827	0.001
0.161	0.266	0.572	0.001
0.062	0.204	0.697	0.037
0.140	0.280	0.579	0.001
>SCCYSSCCSS	18-SCCYSSCCSS	5.539781	-0.000000	0	T:86.0(7.84%),B:26861.5(36.02%),P:1e0	Tpos:23.6,Tstd:13.1,Bpos:6125.4,Bstd:17909.3,StrandBias:0.2,Multiplicity:1.13
0.021	0.380	0.410	0.190
0.117	0.807	0.075	0.001
0.001	0.677	0.001	0.321
0.196	0.367	0.212	0.225
0.062	0.311	0.413	0.214
0.017	0.442	0.372	0.168
0.048	0.452	0.293	0.207
0.222	0.601	0.001	0.176
0.202	0.394	0.280	0.124
0.112	0.473	0.381	0.034
>GGCGSRGSVR	19-GGCGSRGSVR	5.414315	-0.000000	0	T:97.0(8.84%),B:28252.7(37.89%),P:1e0	Tpos:26.7,Tstd:12.3,Bpos:9209.7,Bstd:17525.4,StrandBias:-1.3,Multiplicity:1.04
0.108	0.299	0.463	0.130
0.104	0.198	0.573	0.125
0.129	0.528	0.288	0.055
0.149	0.290	0.458	0.103
0.011	0.429	0.559	0.001
0.459	0.118	0.406	0.017
0.025	0.273	0.701	0.001
0.224	0.428	0.347	0.001
0.308	0.255	0.308	0.129
0.350	0.197	0.452	0.001
>GGGGGGSGGG	20-GGGGGGSGGG	8.326353	-0.000000	0	T:5.0(0.46%),B:6541.6(8.77%),P:1e0	Tpos:33.0,Tstd:0.0,Bpos:4120.9,Bstd:12640.3,StrandBias:10.0,Multiplicity:1.00
0.167	0.149	0.512	0.172
0.055	0.047	0.841	0.057
0.065	0.140	0.758	0.037
0.094	0.320	0.561	0.025
0.084	0.210	0.633	0.073
0.083	0.325	0.578	0.014
0.091	0.416	0.456	0.037
0.127	0.062	0.691	0.120
0.035	0.304	0.659	0.002
0.091	0.114	0.673	0.122
>NGCCGCGCCV	21-NGCCGCGCCV	6.476105	-0.000000	0	T:3.0(0.27%),B:2269.4(3.04%),P:1e0	Tpos:30.0,Tstd:0.0,Bpos:1472.0,Bstd:7273.7,StrandBias:10.0,Multiplicity:1.00
0.226	0.286	0.268	0.220
0.067	0.294	0.514	0.125
0.088	0.751	0.111	0.050
0.152	0.448	0.197	0.204
0.080	0.284	0.468	0.168
0.120	0.511	0.227	0.142
0.075	0.261	0.496	0.167
0.143	0.624	0.167	0.066
0.129	0.617	0.162	0.092
0.197	0.332	0.347	0.124
>SSCGCCGSCS	22-SSCGCCGSCS	7.130151	0.000000	0	T:1.0(0.09%),B:2435.4(3.27%),P:1e0	Tpos:19.0,Tstd:0.0,Bpos:2251.4,Bstd:10725.6,StrandBias:10.0,Multiplicity:1.00
0.025	0.470	0.439	0.066
0.024	0.482	0.380	0.114
0.113	0.515	0.254	0.118
0.024	0.256	0.603	0.117
0.001	0.583	0.415	0.001
0.155	0.570	0.106	0.169
0.009	0.323	0.543	0.125
0.019	0.522	0.417	0.042
0.068	0.466	0.312	0.154
0.123	0.413	0.270	0.194
>SGCCGGCSSS	23-SGCCGGCSSS	7.149303	0.000000	0	T:2.0(0.18%),B:1957.1(2.62%),P:1e0	Tpos:32.0,Tstd:0.0,Bpos:2345.9,Bstd:9606.7,StrandBias:-10.0,Multiplicity:1.00
0.153	0.408	0.339	0.100
0.016	0.381	0.556	0.047
0.001	0.629	0.369	0.001
0.001	0.687	0.311	0.001
0.141	0.207	0.472	0.180
0.001	0.282	0.716	0.001
0.066	0.566	0.367	0.001
0.183	0.391	0.375	0.051
0.088	0.423	0.455	0.034
0.182	0.429	0.364	0.025
>NCGCCCCCCN	24-NCGCCCCCCN	6.531116	0.000000	0	T:3.0(0.27%),B:2704.2(3.63%),P:1e0	Tpos:16.0,Tstd:0.0,Bpos:6829.7,Bstd:19836.2,StrandBias:10.0,Multiplicity:1.00
0.191	0.309	0.292	0.208
0.156	0.535	0.159	0.150
0.143	0.214	0.483	0.159
0.115	0.576	0.175	0.134
0.128	0.558	0.160	0.154
0.127	0.571	0.155	0.147
0.126	0.590	0.144	0.140
0.113	0.580	0.166	0.141
0.129	0.573	0.151	0.147
0.218	0.284	0.256	0.241
>GGSGGSSSGG	25-GGSGGSSSGG	7.213252	0.000000	0	T:5.0(0.46%),B:2725.9(3.66%),P:1e0	Tpos:13.0,Tstd:4.0,Bpos:5191.5,Bstd:15329.0,StrandBias:0.0,Multiplicity:1.00
0.063	0.022	0.545	0.370
0.001	0.359	0.618	0.022
0.072	0.436	0.342	0.150
0.042	0.323	0.523	0.112
0.066	0.341	0.576	0.017
0.001	0.508	0.442	0.049
0.001	0.377	0.473	0.149
0.001	0.323	0.442	0.234
0.001	0.363	0.579	0.057
0.001	0.192	0.597	0.210
>CAATCCTGGATT	1-CAATCCTGGATT	14.358230	-3.378723	0	T:4.0(0.36%),B:80.6(0.11%),P:1e-1	Tpos:17.8,Tstd:9.7,Bpos:12103.1,Bstd:11119.3,StrandBias:2.0,Multiplicity:1.00
0.001	0.997	0.001	0.001
0.997	0.001	0.001	0.001
0.997	0.001	0.001	0.001
0.001	0.001	0.001	0.997
0.001	0.997	0.001	0.001
0.001	0.997	0.001	0.001
0.209	0.001	0.001	0.789
0.001	0.001	0.997	0.001
0.001	0.001	0.997	0.001
0.639	0.180	0.001	0.180
0.209	0.001	0.001	0.789
0.001	0.001	0.001	0.997
>AGGGGACTCCTT	2-AGGGGACTCCTT	11.730906	-1.687808	0	T:1.0(0.09%),B:13.2(0.02%),P:1e0	Tpos:24.0,Tstd:0.0,Bpos:16683.1,Bstd:15376.7,StrandBias:10.0,Multiplicity:1.00
0.637	0.103	0.132	0.128
0.072	0.075	0.778	0.075
0.155	0.094	0.645	0.106
0.096	0.085	0.659	0.160
0.099	0.109	0.670	0.122
0.576	0.179	0.158	0.087
0.073	0.701	0.129	0.097
0.120	0.097	0.092	0.691
0.028	0.700	0.156	0.116
0.095	0.705	0.065	0.135
0.096	0.158	0.094	0.652
0.088	0.146	0.181	0.585
>MGCGAGCGAGCR	3-MGCGAGCGAGCR	9.701476	-1.254089	0	T:1.0(0.09%),B:22.5(0.03%),P:1e0	Tpos:30.0,Tstd:0.0,Bpos:1764.7,Bstd:4810.2,StrandBias:10.0,Multiplicity:1.00
0.304	0.363	0.204	0.129
0.104	0.104	0.648	0.144
0.052	0.814	0.108	0.026
0.089	0.145	0.739	0.027
0.531	0.219	0.182	0.068
0.115	0.270	0.487	0.129
0.052	0.649	0.170	0.129
0.052	0.066	0.778	0.104
0.481	0.233	0.131	0.155
0.207	0.066	0.546	0.181
0.155	0.664	0.103	0.078
0.361	0.195	0.289	0.155
>CGCNGSCGCVGG	4-CGCNGSCGCVGG	9.796641	-0.678578	0	T:2.0(0.18%),B:115.4(0.15%),P:1e0	Tpos:26.0,Tstd:4.0,Bpos:2758.2,Bstd:11959.2,StrandBias:-10.0,Multiplicity:1.00
0.064	0.595	0.074	0.267
0.001	0.300	0.664	0.035
0.120	0.727	0.093	0.060
0.253	0.177	0.255	0.316
0.071	0.169	0.705	0.055
0.071	0.502	0.356	0.071
0.080	0.735	0.082	0.103
0.019	0.218	0.762	0.001
0.179	0.559	0.225	0.037
0.281	0.281	0.315	0.124
0.274	0.113	0.597	0.016
0.088	0.276	0.635	0.001
>GGCGGGCAGGGA	5-GGCGGGCAGGGA	11.715484	-0.630776	0	T:1.0(0.09%),B:51.7(0.07%),P:1e0	Tpos:21.0,Tstd:0.0,Bpos:8968.0,Bstd:15235.6,StrandBias:10.0,Multiplicity:1.00
0.103	0.101	0.700	0.096
0.089	0.143	0.713	0.055
0.121	0.585	0.174	0.120
0.141	0.121	0.628	0.110
0.092	0.123	0.707	0.078
0.088	0.150	0.717	0.045
0.099	0.647	0.175	0.079
0.572	0.133	0.164	0.131
0.091	0.094	0.743	0.072
0.096	0.098	0.731	0.075
0.114	0.144	0.689	0.053
0.567	0.145	0.189	0.099
>CGGSGCTCYTKC	6-CGGSGCTCYTKC	8.741067	-0.605770	0	T:1.0(0.09%),B:53.2(0.07%),P:1e0	Tpos:19.0,Tstd:0.0,Bpos:10751.4,Bstd:18100.1,StrandBias:10.0,Multiplicity:1.00
0.063	0.646	0.290	0.001
0.001	0.367	0.631	0.001
0.001	0.348	0.538	0.113
0.103	0.343	0.492	0.062
0.250	0.181	0.473	0.096
0.039	0.508	0.293	0.160
0.158	0.272	0.128	0.442
0.039	0.593	0.149	0.219
0.001	0.497	0.078	0.425
0.017	0.369	0.060	0.554
0.062	0.236	0.393	0.309
0.001	0.507	0.334	0.158
>NACCCAGAAGCV	7-NACCCAGAAGCV	9.641909	-0.277493	0	T:1.0(0.09%),B:96.3(0.13%),P:1e0	Tpos:14.0,Tstd:0.0,Bpos:15242.8,Bstd:15166.2,StrandBias:10.0,Multiplicity:1.00
0.198	0.331	0.245	0.226
0.639	0.154	0.112	0.095
0.001	0.682	0.091	0.226
0.038	0.763	0.161	0.038
0.109	0.724	0.076	0.091
0.439	0.257	0.199	0.105
0.115	0.149	0.643	0.093
0.584	0.167	0.175	0.074
0.587	0.183	0.088	0.142
0.113	0.151	0.678	0.058
0.151	0.670	0.068	0.111
0.230	0.262	0.357	0.151
>GCGCSCGSCKNS	8-GCGCSCGSCKNS	8.756604	-0.246850	0	T:1.0(0.09%),B:103.2(0.14%),P:1e0	Tpos:10.0,Tstd:0.0,Bpos:10317.7,Bstd:16377.8,StrandBias:-10.0,Multiplicity:1.00
0.089	0.236	0.611	0.064
0.048	0.718	0.057	0.177
0.048	0.236	0.620	0.096
0.072	0.514	0.351	0.063
0.062	0.457	0.355	0.126
0.071	0.772	0.085	0.072
0.089	0.054	0.626	0.231
0.112	0.375	0.434	0.080
0.150	0.658	0.135	0.057
0.088	0.182	0.335	0.395
0.279	0.198	0.222	0.301
0.110	0.408	0.418	0.064
>NCGCGCSGCKBB	9-NCGCGCSGCKBB	8.465747	-0.212901	0	T:1.0(0.09%),B:112.7(0.15%),P:1e0	Tpos:32.0,Tstd:0.0,Bpos:2675.6,Bstd:10486.1,StrandBias:-10.0,Multiplicity:1.00
0.223	0.323	0.212	0.242
0.114	0.722	0.082	0.082
0.035	0.142	0.683	0.140
0.023	0.766	0.175	0.036
0.116	0.104	0.688	0.092
0.149	0.521	0.235	0.095
0.070	0.417	0.431	0.082
0.080	0.187	0.539	0.194
0.107	0.740	0.118	0.035
0.068	0.210	0.302	0.421
0.117	0.348	0.218	0.317
0.142	0.231	0.370	0.257
>CGGCCGCGGCGC	10-CGGCCGCGGCGC	12.355432	-0.114723	0	T:1.0(0.09%),B:151.1(0.20%),P:1e0	Tpos:14.0,Tstd:0.0,Bpos:673.9,Bstd:3487.4,StrandBias:10.0,Multiplicity:1.00
0.100	0.700	0.100	0.100
0.100	0.100	0.700	0.100
0.100	0.100	0.700	0.100
0.100	0.700	0.100	0.100
0.100	0.700	0.100	0.100
0.100	0.100	0.700	0.100
0.100	0.700	0.100	0.100
0.100	0.100	0.700	0.100
0.100	0.100	0.700	0.100
0.100	0.700	0.100	0.100
0.100	0.100	0.700	0.100
0.100	0.700	0.100	0.100
>YWCTCCYGGGMG	11-YWCTCCYGGGMG	9.090191	-0.087895	0	T:6.0(0.55%),B:652.3(0.87%),P:1e0	Tpos:29.3,Tstd:6.4,Bpos:10368.4,Bstd:15622.6,StrandBias:-1.0,Multiplicity:1.00
0.040	0.495	0.106	0.359
0.308	0.124	0.146	0.422
0.063	0.684	0.127	0.126
0.103	0.131	0.076	0.690
0.042	0.733	0.126	0.099
0.044	0.804	0.063	0.089
0.079	0.403	0.064	0.455
0.119	0.136	0.628	0.117
0.337	0.083	0.525	0.055
0.093	0.170	0.672	0.065
0.439	0.399	0.080	0.082
0.101	0.170	0.605	0.124
>CAGAGGCCVTKT	12-CAGAGGCCVTKT	9.312739	-0.073260	0	T:2.0(0.18%),B:294.5(0.39%),P:1e0	Tpos:13.5,Tstd:1.5,Bpos:11936.2,Bstd:14880.6,StrandBias:0.0,Multiplicity:1.00
0.154	0.712	0.096	0.038
0.561	0.344	0.077	0.018
0.248	0.115	0.636	0.001
0.540	0.307	0.152	0.001
0.154	0.111	0.697	0.038
0.001	0.271	0.613	0.115
0.001	0.766	0.157	0.076
0.158	0.649	0.192	0.001
0.229	0.347	0.309	0.115
0.098	0.001	0.339	0.562
0.191	0.001	0.365	0.443
0.155	0.213	0.072	0.560
>TCCCCTCCCCGC	13-TCCCCTCCCCGC	9.611155	-0.061318	0	T:1.0(0.09%),B:192.6(0.26%),P:1e0	Tpos:24.0,Tstd:0.0,Bpos:4771.1,Bstd:15682.5,StrandBias:10.0,Multiplicity:1.00
0.122	0.225	0.250	0.403
0.076	0.604	0.148	0.172
0.083	0.648	0.149	0.120
0.123	0.605	0.201	0.071
0.129	0.632	0.086	0.153
0.129	0.183	0.223	0.465
0.129	0.561	0.206	0.104
0.091	0.662	0.132	0.115
0.072	0.582	0.283	0.063
0.102	0.586	0.198	0.114
0.091	0.208	0.563	0.138
0.129	0.445	0.254	0.172
>CGGAMSCGCGCG	14-CGGAMSCGCGCG	9.023821	-0.000049	0	T:1.0(0.09%),B:676.2(0.91%),P:1e0	Tpos:33.0,Tstd:0.0,Bpos:1333.4,Bstd:6705.5,StrandBias:-10.0,Multiplicity:1.00
0.136	0.716	0.147	0.001
0.148	0.251	0.575	0.026
0.130	0.196	0.648	0.026
0.486	0.130	0.163	0.222
0.355	0.416	0.228	0.001
0.181	0.333	0.408	0.078
0.026	0.922	0.026	0.026
0.001	0.051	0.947	0.001
0.026	0.740	0.233	0.001
0.326	0.078	0.518	0.078
0.261	0.492	0.118	0.130
0.149	0.147	0.508	0.196
>CGCGGVVN	1-CGCGGVVN	5.952734	-0.061615	0	T:2.0(0.18%),B:308.7(0.41%),P:1e0	Tpos:24.0,Tstd:16.0,Bpos:7161.2,Bstd:16746.1,StrandBias:0.0,Multiplicity:1.00
0.100	0.691	0.134	0.075
0.009	0.149	0.839	0.003
0.011	0.660	0.328	0.001
0.150	0.265	0.584	0.001
0.115	0.290	0.594	0.001
0.296	0.393	0.310	0.001
0.335	0.290	0.256	0.120
0.336	0.187	0.286	0.191
>CGCGCGGA	2-CGCGCGGA	6.690936	-0.000024	0	T:3.0(0.27%),B:1057.9(1.42%),P:1e0	Tpos:3.0,Tstd:0.0,Bpos:4905.7,Bstd:12443.1,StrandBias:-10.0,Multiplicity:1.00
0.120	0.453	0.217	0.210
0.068	0.146	0.661	0.125
0.126	0.582	0.180	0.112
0.143	0.194	0.588	0.075
0.144	0.599	0.179	0.078
0.200	0.117	0.560	0.123
0.071	0.154	0.722	0.053
0.495	0.237	0.131	0.137
>BGCGGCSS	3-BGCGGCSS	6.919247	-0.000001	0	T:3.0(0.27%),B:1308.1(1.75%),P:1e0	Tpos:15.3,Tstd:11.7,Bpos:2663.0,Bstd:9634.1,StrandBias:-10.0,Multiplicity:1.00
0.130	0.226	0.317	0.326
0.001	0.221	0.777	0.001
0.001	0.919	0.079	0.001
0.047	0.215	0.546	0.192
0.001	0.208	0.790	0.001
0.001	0.789	0.209	0.001
0.066	0.352	0.451	0.131
0.070	0.432	0.365	0.134
>SCGCSSCK	4-SCGCSSCK	6.873695	-0.000000	0	T:6.0(0.55%),B:1829.3(2.45%),P:1e0	Tpos:28.4,Tstd:12.5,Bpos:6540.9,Bstd:15949.2,StrandBias:2.0,Multiplicity:1.00
0.072	0.417	0.510	0.001
0.001	0.935	0.040	0.024
0.001	0.306	0.692	0.001
0.001	0.649	0.349	0.001
0.001	0.452	0.491	0.056
0.001	0.533	0.465	0.001
0.001	0.590	0.408	0.001
0.023	0.227	0.304	0.446
>SCSSGCCS	5-SCSSGCCS	5.910408	-0.000000	0	T:59.0(5.38%),B:20604.8(27.63%),P:1e0	Tpos:9.0,Tstd:0.0,Bpos:7497.4,Bstd:15660.4,StrandBias:-10.0,Multiplicity:1.00
0.105	0.485	0.360	0.051
0.114	0.648	0.021	0.217
0.032	0.396	0.350	0.221
0.002	0.526	0.423	0.049
0.001	0.365	0.601	0.033
0.001	0.997	0.001	0.001
0.180	0.534	0.058	0.228
0.054	0.362	0.428	0.156
>GCGCGCVG	6-GCGCGCVG	7.199115	-0.000000	0	T:10.0(0.91%),B:5281.2(7.08%),P:1e0	Tpos:6.0,Tstd:0.0,Bpos:5975.5,Bstd:17713.3,StrandBias:10.0,Multiplicity:1.00
0.001	0.283	0.715	0.001
0.001	0.617	0.381	0.001
0.001	0.212	0.786	0.001
0.001	0.624	0.374	0.001
0.001	0.001	0.997	0.001
0.001	0.607	0.391	0.001
0.282	0.340	0.306	0.072
0.036	0.123	0.553	0.288
>CSGCSGCG	7-CSGCSGCG	4.233800	-0.000000	0	T:237.0(21.60%),B:41891.5(56.18%),P:1e0	Tpos:25.9,Tstd:13.0,Bpos:8011.7,Bstd:17233.6,StrandBias:0.2,Multiplicity:1.10
0.087	0.501	0.306	0.106
0.190	0.412	0.303	0.095
0.011	0.229	0.759	0.001
0.041	0.811	0.147	0.001
0.159	0.354	0.394	0.093
0.023	0.185	0.757	0.035
0.035	0.612	0.286	0.067
0.166	0.175	0.459	0.201
>GCTGCCGG	8-GCTGCCGG	5.350282	-0.000000	0	T:119.0(10.85%),B:33315.6(44.68%),P:1e0	Tpos:26.3,Tstd:12.2,Bpos:8979.4,Bstd:17082.8,StrandBias:-0.2,Multiplicity:1.15
0.097	0.069	0.790	0.044
0.066	0.783	0.089	0.062
0.091	0.143	0.094	0.672
0.053	0.108	0.735	0.104
0.034	0.835	0.090	0.041
0.056	0.743	0.112	0.089
0.083	0.105	0.686	0.126
0.066	0.106	0.759	0.069
>GCGSSGCS	9-GCGSSGCS	4.530597	-0.000000	0	T:178.0(16.23%),B:34910.6(46.82%),P:1e0	Tpos:27.1,Tstd:13.0,Bpos:7036.7,Bstd:17388.7,StrandBias:0.1,Multiplicity:1.02
0.070	0.314	0.471	0.145
0.058	0.786	0.122	0.034
0.105	0.263	0.588	0.044
0.011	0.449	0.509	0.031
0.148	0.391	0.336	0.126
0.001	0.312	0.640	0.047
0.205	0.575	0.201	0.019
0.163	0.338	0.393	0.106
>CSGCSGCG	10-CSGCSGCG	4.636189	-0.000000	0	T:102.0(9.30%),B:22266.5(29.86%),P:1e0	Tpos:10.0,Tstd:0.0,Bpos:8991.2,Bstd:16833.2,StrandBias:10.0,Multiplicity:1.00
0.159	0.491	0.149	0.202
0.101	0.432	0.334	0.133
0.067	0.330	0.547	0.056
0.006	0.866	0.061	0.067
0.168	0.361	0.291	0.180
0.083	0.248	0.621	0.048
0.182	0.534	0.160	0.124
0.134	0.253	0.435	0.179
>GGGYMGCG	11-GGGYMGCG	6.307301	-0.000000	0	T:104.0(9.48%),B:27109.3(36.35%),P:1e0	Tpos:22.4,Tstd:12.7,Bpos:8902.5,Bstd:18249.8,StrandBias:0.9,Multiplicity:1.05
0.001	0.413	0.585	0.001
0.001	0.288	0.710	0.001
0.001	0.281	0.717	0.001
0.159	0.412	0.113	0.315
0.379	0.265	0.185	0.171
0.001	0.001	0.997	0.001
0.001	0.588	0.410	0.001
0.107	0.001	0.891	0.001
>CGGGCGCG	12-CGGGCGCG	7.301052	-0.000000	0	T:8.0(0.73%),B:5009.1(6.72%),P:1e0	Tpos:19.5,Tstd:3.5,Bpos:2625.1,Bstd:9827.9,StrandBias:-10.0,Multiplicity:1.00
0.112	0.615	0.166	0.107
0.127	0.171	0.593	0.109
0.097	0.068	0.735	0.100
0.107	0.137	0.664	0.092
0.142	0.586	0.168	0.104
0.134	0.081	0.658	0.127
0.138	0.576	0.168	0.118
0.144	0.149	0.572	0.135
>GCCCGCRG	13-GCCCGCRG	5.554674	-0.000000	0	T:127.0(11.58%),B:34621.2(46.43%),P:1e0	Tpos:25.0,Tstd:13.3,Bpos:10731.8,Bstd:16564.0,StrandBias:0.6,Multiplicity:1.05
0.055	0.229	0.709	0.007
0.057	0.696	0.231	0.016
0.050	0.581	0.311	0.058
0.268	0.441	0.248	0.043
0.060	0.040	0.890	0.010
0.051	0.656	0.292	0.001
0.413	0.190	0.278	0.119
0.058	0.141	0.659	0.142
>CGCCGGGC	14-CGCCGGGC	5.006451	-0.000000	0	T:124.0(11.30%),B:31469.8(42.20%),P:1e0	Tpos:28.2,Tstd:13.2,Bpos:8324.9,Bstd:18504.9,StrandBias:0.4,Multiplicity:1.14
0.077	0.639	0.124	0.160
0.023	0.264	0.504	0.209
0.001	0.646	0.349	0.004
0.061	0.553	0.338	0.048
0.064	0.330	0.522	0.084
0.144	0.237	0.449	0.170
0.001	0.230	0.709	0.060
0.110	0.684	0.091	0.115
>GCCCGCCH	15-GCCCGCCH	7.945359	-0.000000	0	T:11.0(1.00%),B:6557.0(8.79%),P:1e0	Tpos:27.4,Tstd:10.1,Bpos:9135.4,Bstd:17814.3,StrandBias:0.6,Multiplicity:1.00
0.001	0.259	0.739	0.001
0.001	0.997	0.001	0.001
0.001	0.763	0.235	0.001
0.001	0.765	0.233	0.001
0.001	0.275	0.723	0.001
0.001	0.609	0.389	0.001
0.001	0.683	0.315	0.001
0.247	0.300	0.120	0.333
>CCSGSCCC	16-CCSGSCCC	5.688012	-0.000000	0	T:128.0(11.67%),B:28734.8(38.53%),P:1e0	Tpos:23.4,Tstd:14.7,Bpos:6350.3,Bstd:16919.2,StrandBias:0.4,Multiplicity:1.08
0.022	0.791	0.157	0.030
0.111	0.729	0.082	0.078
0.009	0.525	0.438	0.028
0.037	0.304	0.614	0.045
0.033	0.462	0.445	0.060
0.001	0.607	0.368	0.024
0.090	0.532	0.341	0.037
0.056	0.562	0.281	0.101
>GCNGCGCN	17-GCNGCGCN	5.200643	-0.000000	0	T:40.0(3.65%),B:10555.2(14.15%),P:1e0	Tpos:25.0,Tstd:21.0,Bpos:9476.7,Bstd:15221.2,StrandBias:0.0,Multiplicity:1.00
0.113	0.317	0.514	0.056
0.061	0.716	0.171	0.052
0.232	0.285	0.298	0.185
0.075	0.235	0.645	0.045
0.111	0.574	0.207	0.108
0.103	0.247	0.539	0.111
0.147	0.613	0.195	0.045
0.308	0.184	0.265	0.243
>HCGCGCGC	18-HCGCGCGC	7.556829	-0.000000	0	T:5.0(0.46%),B:3183.7(4.27%),P:1e0	Tpos:30.0,Tstd:14.9,Bpos:2187.5,Bstd:10274.3,StrandBias:-1.0,Multiplicity:1.00
0.214	0.361	0.139	0.286
0.104	0.623	0.157	0.116
0.064	0.232	0.633	0.071
0.081	0.709	0.098	0.112
0.053	0.127	0.733	0.087
0.112	0.614	0.206	0.068
0.043	0.154	0.728	0.075
0.014	0.883	0.093	0.010
>GCGCGCGG	19-GCGCGCGG	6.907917	-0.000000	0	T:22.0(2.01%),B:10397.4(13.94%),P:1e0	Tpos:5.0,Tstd:0.0,Bpos:1677.2,Bstd:6390.6,StrandBias:10.0,Multiplicity:1.00
0.098	0.264	0.632	0.006
0.052	0.569	0.245	0.134
0.042	0.147	0.666	0.145
0.068	0.652	0.219	0.061
0.011	0.104	0.877	0.008
0.060	0.782	0.145	0.013
0.254	0.109	0.546	0.091
0.261	0.016	0.635	0.088
>CGCGGCNB	20-CGCGGCNB	5.947372	-0.000000	0	T:25.0(2.28%),B:8892.6(11.93%),P:1e0	Tpos:21.5,Tstd:16.0,Bpos:4440.5,Bstd:12996.4,StrandBias:0.0,Multiplicity:1.00
0.001	0.635	0.226	0.138
0.022	0.096	0.807	0.075
0.001	0.844	0.154	0.001
0.121	0.265	0.432	0.182
0.076	0.260	0.596	0.068
0.004	0.639	0.349	0.008
0.175	0.284	0.295	0.245
0.128	0.332	0.335	0.205
>GGSSSSGS	21-GGSSSSGS	6.286492	-0.000000	0	T:5.0(0.46%),B:2728.4(3.66%),P:1e0	Tpos:14.5,Tstd:6.5,Bpos:10510.3,Bstd:17849.5,StrandBias:10.0,Multiplicity:1.00
0.173	0.273	0.435	0.119
0.139	0.219	0.524	0.118
0.032	0.434	0.533	0.001
0.109	0.405	0.486	0.001
0.001	0.449	0.549	0.001
0.028	0.416	0.555	0.001
0.001	0.001	0.890	0.108
0.062	0.512	0.425	0.001
>CCCCCSCS	22-CCCCCSCS	6.537602	-0.000000	0	T:4.0(0.36%),B:3130.9(4.20%),P:1e0	Tpos:30.0,Tstd:0.0,Bpos:9179.6,Bstd:20928.4,StrandBias:-10.0,Multiplicity:1.00
0.206	0.410	0.147	0.236
0.181	0.477	0.250	0.092
0.001	0.773	0.204	0.022
0.003	0.650	0.301	0.046
0.008	0.990	0.001	0.001
0.029	0.486	0.362	0.124
0.026	0.609	0.322	0.043
0.136	0.468	0.366	0.030
>GCCGCGCG	23-GCCGCGCG	7.763631	0.000000	0	T:12.0(1.09%),B:3843.3(5.15%),P:1e0	Tpos:35.5,Tstd:1.5,Bpos:6446.7,Bstd:14599.5,StrandBias:0.0,Multiplicity:1.00
0.031	0.301	0.550	0.118
0.084	0.827	0.088	0.001
0.001	0.791	0.207	0.001
0.001	0.197	0.801	0.001
0.001	0.615	0.325	0.059
0.001	0.234	0.764	0.001
0.001	0.997	0.001	0.001
0.266	0.132	0.472	0.130
>WGGGGSCG	24-WGGGGSCG	9.122188	0.000000	0	T:3.0(0.27%),B:3847.5(5.16%),P:1e0	Tpos:8.0,Tstd:0.0,Bpos:7755.7,Bstd:15810.5,StrandBias:10.0,Multiplicity:1.00
0.486	0.001	0.003	0.510
0.001	0.001	0.997	0.001
0.001	0.005	0.993	0.001
0.001	0.001	0.997	0.001
0.001	0.262	0.736	0.001
0.001	0.482	0.516	0.001
0.001	0.733	0.265	0.001
0.001	0.001	0.997	0.001
>CGCGGCGS	25-CGCGGCGS	4.860171	0.000000	0	T:98.0(8.93%),B:19441.5(26.07%),P:1e0	Tpos:25.2,Tstd:13.0,Bpos:3138.9,Bstd:12327.3,StrandBias:-0.1,Multiplicity:1.20
0.094	0.492	0.280	0.133
0.010	0.372	0.557	0.061
0.028	0.733	0.238	0.001
0.170	0.153	0.520	0.157
0.071	0.345	0.583	0.001
0.271	0.471	0.195	0.064
0.135	0.272	0.549	0.044
0.180	0.371	0.329	0.120
