>TCCGGACGCG	1-TCCGGACGCG	10.296193	-2.050274	0	T:2.0(0.18%),B:41.3(0.06%),P:1e0	Tpos:14.5,Tstd:6.5,Bpos:4833.5,Bstd:13184.9,StrandBias:0.0,Multiplicity:1.00
0.100	0.100	0.100	0.700
0.100	0.700	0.100	0.100
0.100	0.700	0.100	0.100
0.100	0.100	0.700	0.100
0.100	0.100	0.700	0.100
0.700	0.100	0.100	0.100
0.100	0.700	0.100	0.100
0.100	0.100	0.700	0.100
0.100	0.700	0.100	0.100
0.100	0.100	0.700	0.100
>GAAGCGGTGA	2-GAAGCGGTGA	10.757195	-1.642576	0	T:6.0(0.55%),B:261.1(0.35%),P:1e0	Tpos:30.5,Tstd:11.1,Bpos:10943.7,Bstd:13973.3,StrandBias:1.0,Multiplicity:1.00
0.001	0.001	0.997	0.001
0.792	0.090	0.001	0.117
0.892	0.001	0.001	0.106
0.001	0.001	0.862	0.136
0.001	0.997	0.001	0.001
0.001	0.090	0.850	0.059
0.001	0.001	0.870	0.128
0.001	0.001	0.081	0.917
0.001	0.001	0.997	0.001
0.921	0.001	0.077	0.001
>GCCGTACCTC	3-GCCGTACCTC	8.672206	-1.063307	0	T:1.0(0.09%),B:28.3(0.04%),P:1e0	Tpos:31.0,Tstd:0.0,Bpos:10112.3,Bstd:16022.4,StrandBias:10.0,Multiplicity:1.00
0.103	0.182	0.590	0.125
0.075	0.711	0.129	0.085
0.149	0.614	0.096	0.141
0.137	0.182	0.535	0.146
0.127	0.212	0.173	0.489
0.476	0.154	0.208	0.163
0.104	0.601	0.152	0.143
0.095	0.690	0.080	0.135
0.105	0.167	0.081	0.647
0.087	0.647	0.149	0.117
>GGGAAGCGCC	4-GGGAAGCGCC	10.296193	-0.336889	0	T:2.0(0.18%),B:170.2(0.23%),P:1e0	Tpos:31.0,Tstd:2.0,Bpos:7398.2,Bstd:15694.2,StrandBias:0.0,Multiplicity:1.00
0.100	0.100	0.700	0.100
0.100	0.100	0.700	0.100
0.100	0.100	0.700	0.100
0.700	0.100	0.100	0.100
0.700	0.100	0.100	0.100
0.100	0.100	0.700	0.100
0.100	0.700	0.100	0.100
0.100	0.100	0.700	0.100
0.100	0.700	0.100	0.100
0.100	0.700	0.100	0.100
>GGCTCGCCGC	5-GGCTCGCCGC	10.296193	-0.291939	0	T:1.0(0.09%),B:93.1(0.12%),P:1e0	Tpos:41.0,Tstd:0.0,Bpos:5448.8,Bstd:14897.2,StrandBias:10.0,Multiplicity:1.00
0.100	0.100	0.700	0.100
0.100	0.100	0.700	0.100
0.100	0.700	0.100	0.100
0.100	0.100	0.100	0.700
0.100	0.700	0.100	0.100
0.100	0.100	0.700	0.100
0.100	0.700	0.100	0.100
0.100	0.700	0.100	0.100
0.100	0.100	0.700	0.100
0.100	0.700	0.100	0.100
>GCGCTCCCGG	6-GCGCTCCCGG	10.180968	-0.244274	0	T:3.0(0.27%),B:282.3(0.38%),P:1e0	Tpos:21.3,Tstd:15.0,Bpos:2928.6,Bstd:11083.6,StrandBias:-1.0,Multiplicity:1.00
0.001	0.253	0.717	0.029
0.145	0.577	0.203	0.075
0.046	0.119	0.747	0.088
0.001	0.943	0.055	0.001
0.095	0.229	0.201	0.475
0.001	0.750	0.211	0.038
0.001	0.950	0.048	0.001
0.013	0.513	0.344	0.130
0.161	0.151	0.606	0.082
0.001	0.177	0.821	0.001
>GGGCGGGTGT	7-GGGCGGGTGT	10.296193	-0.095333	0	T:1.0(0.09%),B:163.0(0.22%),P:1e0	Tpos:9.0,Tstd:0.0,Bpos:10534.4,Bstd:15570.2,StrandBias:10.0,Multiplicity:1.00
0.100	0.100	0.700	0.100
0.100	0.100	0.700	0.100
0.100	0.100	0.700	0.100
0.100	0.700	0.100	0.100
0.100	0.100	0.700	0.100
0.100	0.100	0.700	0.100
0.100	0.100	0.700	0.100
0.100	0.100	0.100	0.700
0.100	0.100	0.700	0.100
0.100	0.100	0.100	0.700
>CGGCCGCGGC	8-CGGCCGCGGC	10.296193	-0.005692	0	T:4.0(0.36%),B:735.7(0.99%),P:1e0	Tpos:22.7,Tstd:7.4,Bpos:2290.1,Bstd:9788.3,StrandBias:1.0,Multiplicity:1.00
0.100	0.700	0.100	0.100
0.100	0.100	0.700	0.100
0.100	0.100	0.700	0.100
0.100	0.700	0.100	0.100
0.100	0.700	0.100	0.100
0.100	0.100	0.700	0.100
0.100	0.700	0.100	0.100
0.100	0.100	0.700	0.100
0.100	0.100	0.700	0.100
0.100	0.700	0.100	0.100
>VAGCGCCAGS	9-VAGCGCCAGS	6.837211	-0.003623	0	T:1.0(0.09%),B:383.4(0.51%),P:1e0	Tpos:15.0,Tstd:0.0,Bpos:6622.5,Bstd:14247.2,StrandBias:10.0,Multiplicity:1.00
0.220	0.329	0.289	0.162
0.429	0.157	0.265	0.149
0.104	0.153	0.651	0.092
0.133	0.591	0.171	0.105
0.109	0.241	0.489	0.161
0.112	0.535	0.237	0.116
0.147	0.587	0.159	0.107
0.464	0.198	0.185	0.153
0.113	0.170	0.638	0.079
0.165	0.291	0.360	0.185
>GCTCTTGCCC	10-GCTCTTGCCC	10.271596	-0.003518	0	T:1.0(0.09%),B:385.0(0.52%),P:1e0	Tpos:14.0,Tstd:0.0,Bpos:11535.5,Bstd:14677.1,StrandBias:10.0,Multiplicity:1.00
0.078	0.099	0.711	0.112
0.064	0.782	0.076	0.078
0.110	0.158	0.116	0.616
0.046	0.754	0.091	0.109
0.097	0.174	0.091	0.638
0.059	0.116	0.162	0.663
0.059	0.102	0.703	0.136
0.047	0.726	0.130	0.097
0.074	0.727	0.104	0.095
0.100	0.680	0.081	0.139
>CCGCYSCSCN	11-CCGCYSCSCN	7.284164	-0.000423	0	T:1.0(0.09%),B:530.0(0.71%),P:1e0	Tpos:5.0,Tstd:0.0,Bpos:1208.6,Bstd:5497.6,StrandBias:-10.0,Multiplicity:1.00
0.087	0.549	0.294	0.070
0.177	0.583	0.229	0.011
0.096	0.166	0.608	0.130
0.001	0.652	0.346	0.001
0.174	0.387	0.200	0.240
0.001	0.429	0.569	0.001
0.167	0.557	0.214	0.062
0.071	0.387	0.434	0.108
0.075	0.679	0.199	0.047
0.180	0.243	0.303	0.274
>CCBSCSSCCB	12-CCBSCSSCCB	7.474247	-0.000055	0	T:1.0(0.09%),B:668.8(0.90%),P:1e0	Tpos:21.0,Tstd:0.0,Bpos:5587.8,Bstd:15473.9,StrandBias:10.0,Multiplicity:1.00
0.060	0.563	0.290	0.087
0.159	0.823	0.009	0.009
0.063	0.387	0.308	0.242
0.020	0.465	0.495	0.020
0.022	0.630	0.262	0.086
0.201	0.280	0.425	0.093
0.008	0.467	0.524	0.001
0.038	0.677	0.284	0.001
0.155	0.604	0.154	0.087
0.139	0.330	0.313	0.217
>GGCCCCGGGG	13-GGCCCCGGGG	10.291389	-0.000012	0	T:1.0(0.09%),B:769.2(1.03%),P:1e0	Tpos:42.0,Tstd:0.0,Bpos:7840.1,Bstd:16949.4,StrandBias:10.0,Multiplicity:1.00
0.120	0.108	0.695	0.077
0.081	0.091	0.749	0.079
0.069	0.721	0.103	0.107
0.083	0.643	0.151	0.123
0.080	0.685	0.159	0.076
0.099	0.692	0.106	0.103
0.096	0.106	0.692	0.106
0.080	0.115	0.724	0.081
0.111	0.083	0.731	0.075
0.123	0.122	0.671	0.084
>CCCCGCMGCC	14-CCCCGCMGCC	10.157413	-0.000012	0	T:1.0(0.09%),B:772.5(1.04%),P:1e0	Tpos:14.0,Tstd:0.0,Bpos:6139.4,Bstd:18421.2,StrandBias:10.0,Multiplicity:1.00
0.020	0.808	0.157	0.015
0.001	0.782	0.184	0.033
0.075	0.794	0.130	0.001
0.098	0.705	0.179	0.018
0.048	0.210	0.635	0.107
0.043	0.735	0.221	0.001
0.474	0.327	0.097	0.101
0.001	0.300	0.698	0.001
0.001	0.915	0.083	0.001
0.304	0.492	0.057	0.147
>GGCSSCGSSG	15-GGCSSCGSSG	9.048259	-0.000000	0	T:1.0(0.09%),B:1275.7(1.71%),P:1e0	Tpos:36.0,Tstd:0.0,Bpos:1576.5,Bstd:7879.0,StrandBias:-10.0,Multiplicity:1.00
0.125	0.119	0.703	0.053
0.001	0.020	0.978	0.001
0.007	0.827	0.165	0.001
0.026	0.353	0.424	0.197
0.001	0.421	0.555	0.023
0.019	0.640	0.297	0.044
0.001	0.205	0.752	0.042
0.001	0.563	0.435	0.001
0.179	0.308	0.431	0.082
0.035	0.348	0.519	0.098
>GRGCTSCGGG	16-GRGCTSCGGG	10.585605	-0.000000	0	T:2.0(0.18%),B:1603.2(2.15%),P:1e0	Tpos:28.0,Tstd:16.0,Bpos:4764.5,Bstd:15862.8,StrandBias:0.0,Multiplicity:1.00
0.001	0.052	0.946	0.001
0.257	0.207	0.364	0.173
0.001	0.035	0.963	0.001
0.001	0.971	0.027	0.001
0.029	0.108	0.348	0.515
0.001	0.475	0.450	0.074
0.037	0.897	0.036	0.030
0.001	0.170	0.700	0.129
0.001	0.084	0.914	0.001
0.001	0.117	0.881	0.001
>GGGGSSGGGG	17-GGGGSSGGGG	6.084538	-0.000000	0	T:121.0(11.03%),B:30177.3(40.47%),P:1e0	Tpos:25.7,Tstd:12.1,Bpos:7435.2,Bstd:18506.4,StrandBias:-0.5,Multiplicity:1.12
0.115	0.094	0.759	0.032
0.092	0.216	0.682	0.010
0.110	0.269	0.559	0.062
0.129	0.200	0.545	0.126
0.165	0.367	0.467	0.001
0.129	0.352	0.426	0.094
0.171	0.001	0.827	0.001
0.161	0.266	0.572	0.001
0.062	0.204	0.697	0.037
0.140	0.280	0.579	0.001
>SCCYSSCCSS	18-SCCYSSCCSS	5.539781	-0.000000	0	T:86.0(7.84%),B:26861.5(36.02%),P:1e0	Tpos:23.6,Tstd:13.1,Bpos:6125.4,Bstd:17909.3,StrandBias:0.2,Multiplicity:1.13
0.021	0.380	0.410	0.190
0.117	0.807	0.075	0.001
0.001	0.677	0.001	0.321
0.196	0.367	0.212	0.225
0.062	0.311	0.413	0.214
0.017	0.442	0.372	0.168
0.048	0.452	0.293	0.207
0.222	0.601	0.001	0.176
0.202	0.394	0.280	0.124
0.112	0.473	0.381	0.034
>GGCGSRGSVR	19-GGCGSRGSVR	5.414315	-0.000000	0	T:97.0(8.84%),B:28252.7(37.89%),P:1e0	Tpos:26.7,Tstd:12.3,Bpos:9209.7,Bstd:17525.4,StrandBias:-1.3,Multiplicity:1.04
0.108	0.299	0.463	0.130
0.104	0.198	0.573	0.125
0.129	0.528	0.288	0.055
0.149	0.290	0.458	0.103
0.011	0.429	0.559	0.001
0.459	0.118	0.406	0.017
0.025	0.273	0.701	0.001
0.224	0.428	0.347	0.001
0.308	0.255	0.308	0.129
0.350	0.197	0.452	0.001
>GGGGGGSGGG	20-GGGGGGSGGG	8.326353	-0.000000	0	T:5.0(0.46%),B:6541.6(8.77%),P:1e0	Tpos:33.0,Tstd:0.0,Bpos:4120.9,Bstd:12640.3,StrandBias:10.0,Multiplicity:1.00
0.167	0.149	0.512	0.172
0.055	0.047	0.841	0.057
0.065	0.140	0.758	0.037
0.094	0.320	0.561	0.025
0.084	0.210	0.633	0.073
0.083	0.325	0.578	0.014
0.091	0.416	0.456	0.037
0.127	0.062	0.691	0.120
0.035	0.304	0.659	0.002
0.091	0.114	0.673	0.122
>NGCCGCGCCV	21-NGCCGCGCCV	6.476105	-0.000000	0	T:3.0(0.27%),B:2269.4(3.04%),P:1e0	Tpos:30.0,Tstd:0.0,Bpos:1472.0,Bstd:7273.7,StrandBias:10.0,Multiplicity:1.00
0.226	0.286	0.268	0.220
0.067	0.294	0.514	0.125
0.088	0.751	0.111	0.050
0.152	0.448	0.197	0.204
0.080	0.284	0.468	0.168
0.120	0.511	0.227	0.142
0.075	0.261	0.496	0.167
0.143	0.624	0.167	0.066
0.129	0.617	0.162	0.092
0.197	0.332	0.347	0.124
>SSCGCCGSCS	22-SSCGCCGSCS	7.130151	0.000000	0	T:1.0(0.09%),B:2435.4(3.27%),P:1e0	Tpos:19.0,Tstd:0.0,Bpos:2251.4,Bstd:10725.6,StrandBias:10.0,Multiplicity:1.00
0.025	0.470	0.439	0.066
0.024	0.482	0.380	0.114
0.113	0.515	0.254	0.118
0.024	0.256	0.603	0.117
0.001	0.583	0.415	0.001
0.155	0.570	0.106	0.169
0.009	0.323	0.543	0.125
0.019	0.522	0.417	0.042
0.068	0.466	0.312	0.154
0.123	0.413	0.270	0.194
>SGCCGGCSSS	23-SGCCGGCSSS	7.149303	0.000000	0	T:2.0(0.18%),B:1957.1(2.62%),P:1e0	Tpos:32.0,Tstd:0.0,Bpos:2345.9,Bstd:9606.7,StrandBias:-10.0,Multiplicity:1.00
0.153	0.408	0.339	0.100
0.016	0.381	0.556	0.047
0.001	0.629	0.369	0.001
0.001	0.687	0.311	0.001
0.141	0.207	0.472	0.180
0.001	0.282	0.716	0.001
0.066	0.566	0.367	0.001
0.183	0.391	0.375	0.051
0.088	0.423	0.455	0.034
0.182	0.429	0.364	0.025
>NCGCCCCCCN	24-NCGCCCCCCN	6.531116	0.000000	0	T:3.0(0.27%),B:2704.2(3.63%),P:1e0	Tpos:16.0,Tstd:0.0,Bpos:6829.7,Bstd:19836.2,StrandBias:10.0,Multiplicity:1.00
0.191	0.309	0.292	0.208
0.156	0.535	0.159	0.150
0.143	0.214	0.483	0.159
0.115	0.576	0.175	0.134
0.128	0.558	0.160	0.154
0.127	0.571	0.155	0.147
0.126	0.590	0.144	0.140
0.113	0.580	0.166	0.141
0.129	0.573	0.151	0.147
0.218	0.284	0.256	0.241
>GGSGGSSSGG	25-GGSGGSSSGG	7.213252	0.000000	0	T:5.0(0.46%),B:2725.9(3.66%),P:1e0	Tpos:13.0,Tstd:4.0,Bpos:5191.5,Bstd:15329.0,StrandBias:0.0,Multiplicity:1.00
0.063	0.022	0.545	0.370
0.001	0.359	0.618	0.022
0.072	0.436	0.342	0.150
0.042	0.323	0.523	0.112
0.066	0.341	0.576	0.017
0.001	0.508	0.442	0.049
0.001	0.377	0.473	0.149
0.001	0.323	0.442	0.234
0.001	0.363	0.579	0.057
0.001	0.192	0.597	0.210
