>CAATCCTGGATT	1-CAATCCTGGATT	14.358230	-3.378723	0	T:4.0(0.36%),B:80.6(0.11%),P:1e-1	Tpos:17.8,Tstd:9.7,Bpos:12103.1,Bstd:11119.3,StrandBias:2.0,Multiplicity:1.00
0.001	0.997	0.001	0.001
0.997	0.001	0.001	0.001
0.997	0.001	0.001	0.001
0.001	0.001	0.001	0.997
0.001	0.997	0.001	0.001
0.001	0.997	0.001	0.001
0.209	0.001	0.001	0.789
0.001	0.001	0.997	0.001
0.001	0.001	0.997	0.001
0.639	0.180	0.001	0.180
0.209	0.001	0.001	0.789
0.001	0.001	0.001	0.997
>AGGGGACTCCTT	2-AGGGGACTCCTT	11.730906	-1.687808	0	T:1.0(0.09%),B:13.2(0.02%),P:1e0	Tpos:24.0,Tstd:0.0,Bpos:16683.1,Bstd:15376.7,StrandBias:10.0,Multiplicity:1.00
0.637	0.103	0.132	0.128
0.072	0.075	0.778	0.075
0.155	0.094	0.645	0.106
0.096	0.085	0.659	0.160
0.099	0.109	0.670	0.122
0.576	0.179	0.158	0.087
0.073	0.701	0.129	0.097
0.120	0.097	0.092	0.691
0.028	0.700	0.156	0.116
0.095	0.705	0.065	0.135
0.096	0.158	0.094	0.652
0.088	0.146	0.181	0.585
>MGCGAGCGAGCR	3-MGCGAGCGAGCR	9.701476	-1.254089	0	T:1.0(0.09%),B:22.5(0.03%),P:1e0	Tpos:30.0,Tstd:0.0,Bpos:1764.7,Bstd:4810.2,StrandBias:10.0,Multiplicity:1.00
0.304	0.363	0.204	0.129
0.104	0.104	0.648	0.144
0.052	0.814	0.108	0.026
0.089	0.145	0.739	0.027
0.531	0.219	0.182	0.068
0.115	0.270	0.487	0.129
0.052	0.649	0.170	0.129
0.052	0.066	0.778	0.104
0.481	0.233	0.131	0.155
0.207	0.066	0.546	0.181
0.155	0.664	0.103	0.078
0.361	0.195	0.289	0.155
>CGCNGSCGCVGG	4-CGCNGSCGCVGG	9.796641	-0.678578	0	T:2.0(0.18%),B:115.4(0.15%),P:1e0	Tpos:26.0,Tstd:4.0,Bpos:2758.2,Bstd:11959.2,StrandBias:-10.0,Multiplicity:1.00
0.064	0.595	0.074	0.267
0.001	0.300	0.664	0.035
0.120	0.727	0.093	0.060
0.253	0.177	0.255	0.316
0.071	0.169	0.705	0.055
0.071	0.502	0.356	0.071
0.080	0.735	0.082	0.103
0.019	0.218	0.762	0.001
0.179	0.559	0.225	0.037
0.281	0.281	0.315	0.124
0.274	0.113	0.597	0.016
0.088	0.276	0.635	0.001
>GGCGGGCAGGGA	5-GGCGGGCAGGGA	11.715484	-0.630776	0	T:1.0(0.09%),B:51.7(0.07%),P:1e0	Tpos:21.0,Tstd:0.0,Bpos:8968.0,Bstd:15235.6,StrandBias:10.0,Multiplicity:1.00
0.103	0.101	0.700	0.096
0.089	0.143	0.713	0.055
0.121	0.585	0.174	0.120
0.141	0.121	0.628	0.110
0.092	0.123	0.707	0.078
0.088	0.150	0.717	0.045
0.099	0.647	0.175	0.079
0.572	0.133	0.164	0.131
0.091	0.094	0.743	0.072
0.096	0.098	0.731	0.075
0.114	0.144	0.689	0.053
0.567	0.145	0.189	0.099
>CGGSGCTCYTKC	6-CGGSGCTCYTKC	8.741067	-0.605770	0	T:1.0(0.09%),B:53.2(0.07%),P:1e0	Tpos:19.0,Tstd:0.0,Bpos:10751.4,Bstd:18100.1,StrandBias:10.0,Multiplicity:1.00
0.063	0.646	0.290	0.001
0.001	0.367	0.631	0.001
0.001	0.348	0.538	0.113
0.103	0.343	0.492	0.062
0.250	0.181	0.473	0.096
0.039	0.508	0.293	0.160
0.158	0.272	0.128	0.442
0.039	0.593	0.149	0.219
0.001	0.497	0.078	0.425
0.017	0.369	0.060	0.554
0.062	0.236	0.393	0.309
0.001	0.507	0.334	0.158
>NACCCAGAAGCV	7-NACCCAGAAGCV	9.641909	-0.277493	0	T:1.0(0.09%),B:96.3(0.13%),P:1e0	Tpos:14.0,Tstd:0.0,Bpos:15242.8,Bstd:15166.2,StrandBias:10.0,Multiplicity:1.00
0.198	0.331	0.245	0.226
0.639	0.154	0.112	0.095
0.001	0.682	0.091	0.226
0.038	0.763	0.161	0.038
0.109	0.724	0.076	0.091
0.439	0.257	0.199	0.105
0.115	0.149	0.643	0.093
0.584	0.167	0.175	0.074
0.587	0.183	0.088	0.142
0.113	0.151	0.678	0.058
0.151	0.670	0.068	0.111
0.230	0.262	0.357	0.151
>GCGCSCGSCKNS	8-GCGCSCGSCKNS	8.756604	-0.246850	0	T:1.0(0.09%),B:103.2(0.14%),P:1e0	Tpos:10.0,Tstd:0.0,Bpos:10317.7,Bstd:16377.8,StrandBias:-10.0,Multiplicity:1.00
0.089	0.236	0.611	0.064
0.048	0.718	0.057	0.177
0.048	0.236	0.620	0.096
0.072	0.514	0.351	0.063
0.062	0.457	0.355	0.126
0.071	0.772	0.085	0.072
0.089	0.054	0.626	0.231
0.112	0.375	0.434	0.080
0.150	0.658	0.135	0.057
0.088	0.182	0.335	0.395
0.279	0.198	0.222	0.301
0.110	0.408	0.418	0.064
>NCGCGCSGCKBB	9-NCGCGCSGCKBB	8.465747	-0.212901	0	T:1.0(0.09%),B:112.7(0.15%),P:1e0	Tpos:32.0,Tstd:0.0,Bpos:2675.6,Bstd:10486.1,StrandBias:-10.0,Multiplicity:1.00
0.223	0.323	0.212	0.242
0.114	0.722	0.082	0.082
0.035	0.142	0.683	0.140
0.023	0.766	0.175	0.036
0.116	0.104	0.688	0.092
0.149	0.521	0.235	0.095
0.070	0.417	0.431	0.082
0.080	0.187	0.539	0.194
0.107	0.740	0.118	0.035
0.068	0.210	0.302	0.421
0.117	0.348	0.218	0.317
0.142	0.231	0.370	0.257
>CGGCCGCGGCGC	10-CGGCCGCGGCGC	12.355432	-0.114723	0	T:1.0(0.09%),B:151.1(0.20%),P:1e0	Tpos:14.0,Tstd:0.0,Bpos:673.9,Bstd:3487.4,StrandBias:10.0,Multiplicity:1.00
0.100	0.700	0.100	0.100
0.100	0.100	0.700	0.100
0.100	0.100	0.700	0.100
0.100	0.700	0.100	0.100
0.100	0.700	0.100	0.100
0.100	0.100	0.700	0.100
0.100	0.700	0.100	0.100
0.100	0.100	0.700	0.100
0.100	0.100	0.700	0.100
0.100	0.700	0.100	0.100
0.100	0.100	0.700	0.100
0.100	0.700	0.100	0.100
>YWCTCCYGGGMG	11-YWCTCCYGGGMG	9.090191	-0.087895	0	T:6.0(0.55%),B:652.3(0.87%),P:1e0	Tpos:29.3,Tstd:6.4,Bpos:10368.4,Bstd:15622.6,StrandBias:-1.0,Multiplicity:1.00
0.040	0.495	0.106	0.359
0.308	0.124	0.146	0.422
0.063	0.684	0.127	0.126
0.103	0.131	0.076	0.690
0.042	0.733	0.126	0.099
0.044	0.804	0.063	0.089
0.079	0.403	0.064	0.455
0.119	0.136	0.628	0.117
0.337	0.083	0.525	0.055
0.093	0.170	0.672	0.065
0.439	0.399	0.080	0.082
0.101	0.170	0.605	0.124
>CAGAGGCCVTKT	12-CAGAGGCCVTKT	9.312739	-0.073260	0	T:2.0(0.18%),B:294.5(0.39%),P:1e0	Tpos:13.5,Tstd:1.5,Bpos:11936.2,Bstd:14880.6,StrandBias:0.0,Multiplicity:1.00
0.154	0.712	0.096	0.038
0.561	0.344	0.077	0.018
0.248	0.115	0.636	0.001
0.540	0.307	0.152	0.001
0.154	0.111	0.697	0.038
0.001	0.271	0.613	0.115
0.001	0.766	0.157	0.076
0.158	0.649	0.192	0.001
0.229	0.347	0.309	0.115
0.098	0.001	0.339	0.562
0.191	0.001	0.365	0.443
0.155	0.213	0.072	0.560
>TCCCCTCCCCGC	13-TCCCCTCCCCGC	9.611155	-0.061318	0	T:1.0(0.09%),B:192.6(0.26%),P:1e0	Tpos:24.0,Tstd:0.0,Bpos:4771.1,Bstd:15682.5,StrandBias:10.0,Multiplicity:1.00
0.122	0.225	0.250	0.403
0.076	0.604	0.148	0.172
0.083	0.648	0.149	0.120
0.123	0.605	0.201	0.071
0.129	0.632	0.086	0.153
0.129	0.183	0.223	0.465
0.129	0.561	0.206	0.104
0.091	0.662	0.132	0.115
0.072	0.582	0.283	0.063
0.102	0.586	0.198	0.114
0.091	0.208	0.563	0.138
0.129	0.445	0.254	0.172
>CGGAMSCGCGCG	14-CGGAMSCGCGCG	9.023821	-0.000049	0	T:1.0(0.09%),B:676.2(0.91%),P:1e0	Tpos:33.0,Tstd:0.0,Bpos:1333.4,Bstd:6705.5,StrandBias:-10.0,Multiplicity:1.00
0.136	0.716	0.147	0.001
0.148	0.251	0.575	0.026
0.130	0.196	0.648	0.026
0.486	0.130	0.163	0.222
0.355	0.416	0.228	0.001
0.181	0.333	0.408	0.078
0.026	0.922	0.026	0.026
0.001	0.051	0.947	0.001
0.026	0.740	0.233	0.001
0.326	0.078	0.518	0.078
0.261	0.492	0.118	0.130
0.149	0.147	0.508	0.196
