# universalmotif version 1.16.0

---
name: motif2.motif_starved_raw
alphabet: DNA
type: PPM
icscore: 8.1099999999999994315658
nsites: 8.0
pseudocount: 0.3333333333333333148296
bkg:
  A: 0.2856602519965287800829
  C: 0.2138880414880616198658
  G: 0.2141303788709418287617
  T: 0.2863213276444677712895
  AA: 0.0921065956232380300683
  AC: 0.0505694230625429938519
  AG: 0.0717884491420850007204
  AT: 0.0712014850579675145914
  CA: 0.073603320599594207474
  CC: 0.0568245042557005211603
  CG: 0.0115561369746991059876
  CT: 0.0718952565151840111701
  GA: 0.0600080170254320421908
  GC: 0.0464661632476187774765
  GG: 0.0569482048930810558218
  GT: 0.0507033532443075182772
  TA: 0.0599547584993621110461
  TC: 0.0600278886412003304107
  TG: 0.0738151831734152746867
  TT: 0.0925312600445715033315
bkgsites: 269.3000000000000113686838
consensus: CTCCCCGGCGCG
strand: +-
pval: 0.0010000000000000000208
extrainfo:
  logodds.threshold: '11.335931'
motif:
- 5.500e-02 7.590e-01 1.090e-01 7.700e-02
- 9.300e-02 1.100e-01 9.500e-02 7.020e-01
- 3.000e-02 7.680e-01 1.390e-01 6.300e-02
- 2.900e-02 8.630e-01 4.400e-02 6.400e-02
- 5.300e-02 7.580e-01 1.140e-01 7.500e-02
- 3.000e-02 7.180e-01 1.740e-01 7.800e-02
- 9.100e-02 1.020e-01 7.640e-01 4.300e-02
- 5.400e-02 1.470e-01 7.730e-01 2.600e-02
- 8.200e-02 7.750e-01 1.170e-01 2.600e-02
- 6.500e-02 1.330e-01 7.150e-01 8.700e-02
- 8.000e-02 7.490e-01 1.250e-01 4.600e-02
- 1.430e-01 9.600e-02 6.550e-01 1.060e-01

