>TGATTTCTGGGT	19-TGATTTCTGGGT,BestGuess:MEIS2(var.2)/MA1640.1/Jaspar(0.732)	9.812466	-57.723892	0	T:36.0(5.42%),B:185.8(0.44%),P:1e-25
0.034	0.001	0.062	0.903
0.033	0.001	0.965	0.001
0.707	0.063	0.229	0.001
0.059	0.062	0.001	0.878
0.126	0.069	0.001	0.804
0.104	0.001	0.127	0.768
0.069	0.742	0.098	0.091
0.069	0.001	0.001	0.929
0.034	0.028	0.882	0.056
0.001	0.090	0.875	0.034
0.103	0.001	0.671	0.225
0.052	0.062	0.001	0.885
