>TCGTRGCAGT	1-TCGTRGCAGT	10.281766	-9.140328	0	T:6.0(1.53%),B:110.1(0.18%),P:1e-3	Tpos:50.5,Tstd:30.2,Bpos:9232.9,Bstd:13039.9,StrandBias:2.3,Multiplicity:1.00
0.001	0.169	0.001	0.829
0.001	0.902	0.001	0.096
0.001	0.128	0.743	0.128
0.001	0.194	0.128	0.677
0.334	0.257	0.409	0.001
0.169	0.001	0.829	0.001
0.001	0.870	0.001	0.128
0.997	0.001	0.001	0.001
0.001	0.001	0.997	0.001
0.117	0.001	0.001	0.881
>GTTCTGGAAT	2-GTTCTGGAAT	13.764406	-7.745957	0	T:9.0(2.30%),B:337.5(0.55%),P:1e-3	Tpos:59.9,Tstd:24.4,Bpos:13494.4,Bstd:11289.0,StrandBias:10.0,Multiplicity:1.33
0.001	0.001	0.997	0.001
0.001	0.001	0.001	0.997
0.001	0.001	0.001	0.997
0.001	0.997	0.001	0.001
0.001	0.001	0.001	0.997
0.001	0.001	0.931	0.067
0.001	0.001	0.997	0.001
0.997	0.001	0.001	0.001
0.997	0.001	0.001	0.001
0.001	0.001	0.001	0.997
>ACACCCGCTC	3-ACACCCGCTC	10.678899	-6.482801	0	T:10.0(2.56%),B:488.5(0.80%),P:1e-2	Tpos:47.4,Tstd:18.3,Bpos:6640.8,Bstd:13508.7,StrandBias:0.6,Multiplicity:1.00
0.997	0.001	0.001	0.001
0.113	0.781	0.105	0.001
0.888	0.001	0.110	0.001
0.001	0.901	0.097	0.001
0.001	0.997	0.001	0.001
0.068	0.866	0.001	0.065
0.001	0.001	0.997	0.001
0.156	0.842	0.001	0.001
0.001	0.093	0.092	0.814
0.001	0.997	0.001	0.001
>GGACAAACAT	4-GGACAAACAT	12.138429	-3.012717	0	T:4.0(1.02%),B:210.2(0.35%),P:1e-1	Tpos:75.0,Tstd:23.8,Bpos:15996.4,Bstd:11509.2,StrandBias:10.0,Multiplicity:1.50
0.111	0.001	0.779	0.109
0.112	0.001	0.886	0.001
0.744	0.001	0.254	0.001
0.091	0.793	0.115	0.001
0.997	0.001	0.001	0.001
0.997	0.001	0.001	0.001
0.851	0.147	0.001	0.001
0.001	0.997	0.001	0.001
0.598	0.001	0.001	0.400
0.001	0.130	0.001	0.868
>GGGAAAGCGC	5-GGGAAAGCGC	10.280795	-2.313872	0	T:2.0(0.51%),B:81.9(0.13%),P:1e-1	Tpos:27.5,Tstd:3.5,Bpos:7305.5,Bstd:12429.3,StrandBias:0.0,Multiplicity:1.00
0.101	0.075	0.720	0.104
0.115	0.048	0.755	0.082
0.108	0.146	0.704	0.042
0.693	0.104	0.136	0.067
0.684	0.096	0.142	0.078
0.672	0.120	0.115	0.093
0.079	0.079	0.800	0.042
0.091	0.647	0.153	0.109
0.098	0.126	0.671	0.105
0.117	0.657	0.138	0.088
>CCTATGTGAG	6-CCTATGTGAG	10.814650	-2.122952	0	T:8.0(2.05%),B:757.7(1.25%),P:1e0	Tpos:55.3,Tstd:25.2,Bpos:13895.4,Bstd:12717.7,StrandBias:10.0,Multiplicity:1.29
0.122	0.759	0.001	0.118
0.001	0.878	0.001	0.120
0.102	0.094	0.001	0.803
0.927	0.001	0.071	0.001
0.001	0.137	0.001	0.861
0.001	0.001	0.997	0.001
0.001	0.001	0.001	0.997
0.001	0.001	0.997	0.001
0.997	0.001	0.001	0.001
0.001	0.113	0.885	0.001
>CCGCGCGGAT	7-CCGCGCGGAT	10.257782	-2.072258	0	T:1.0(0.26%),B:20.8(0.03%),P:1e0	Tpos:39.0,Tstd:0.0,Bpos:2155.3,Bstd:7167.0,StrandBias:10.0,Multiplicity:1.00
0.080	0.751	0.108	0.061
0.098	0.661	0.141	0.100
0.085	0.077	0.766	0.072
0.083	0.735	0.096	0.086
0.067	0.109	0.734	0.090
0.099	0.693	0.131	0.077
0.123	0.090	0.727	0.060
0.113	0.083	0.737	0.067
0.635	0.161	0.125	0.079
0.120	0.139	0.179	0.562
>GCGCGTCCSG	8-GCGCGTCCSG	12.436290	-1.735243	0	T:3.0(0.77%),B:223.3(0.37%),P:1e0	Tpos:46.3,Tstd:21.0,Bpos:1506.7,Bstd:6295.1,StrandBias:1.0,Multiplicity:1.00
0.001	0.001	0.997	0.001
0.001	0.997	0.001	0.001
0.001	0.001	0.997	0.001
0.001	0.677	0.321	0.001
0.001	0.001	0.997	0.001
0.001	0.001	0.214	0.784
0.001	0.997	0.001	0.001
0.001	0.997	0.001	0.001
0.001	0.536	0.462	0.001
0.001	0.001	0.997	0.001
>CCCAGAGCCG	9-CCCAGAGCCG	10.296193	-1.579308	0	T:4.0(1.02%),B:361.4(0.59%),P:1e0	Tpos:66.5,Tstd:15.8,Bpos:6415.7,Bstd:14679.9,StrandBias:-1.6,Multiplicity:1.00
0.100	0.700	0.100	0.100
0.100	0.700	0.100	0.100
0.100	0.700	0.100	0.100
0.700	0.100	0.100	0.100
0.100	0.100	0.700	0.100
0.700	0.100	0.100	0.100
0.100	0.100	0.700	0.100
0.100	0.700	0.100	0.100
0.100	0.700	0.100	0.100
0.100	0.100	0.700	0.100
>CGCAGCGCCC	10-CGCAGCGCCC	10.296193	-1.146347	0	T:3.0(0.77%),B:307.3(0.51%),P:1e0	Tpos:39.7,Tstd:14.0,Bpos:2271.5,Bstd:8538.7,StrandBias:1.0,Multiplicity:1.00
0.100	0.700	0.100	0.100
0.100	0.100	0.700	0.100
0.100	0.700	0.100	0.100
0.700	0.100	0.100	0.100
0.100	0.100	0.700	0.100
0.100	0.700	0.100	0.100
0.100	0.100	0.700	0.100
0.100	0.700	0.100	0.100
0.100	0.700	0.100	0.100
0.100	0.700	0.100	0.100
>TGCGTGCGGG	11-TGCGTGCGGG	9.432412	-0.963693	0	T:2.0(0.51%),B:205.1(0.34%),P:1e0	Tpos:50.0,Tstd:27.0,Bpos:8638.6,Bstd:18037.1,StrandBias:0.0,Multiplicity:1.00
0.327	0.013	0.044	0.616
0.292	0.001	0.517	0.190
0.024	0.566	0.069	0.341
0.058	0.074	0.786	0.082
0.138	0.056	0.024	0.782
0.001	0.028	0.847	0.124
0.157	0.544	0.177	0.122
0.027	0.001	0.971	0.001
0.079	0.283	0.473	0.165
0.023	0.075	0.843	0.059
>GCTCCGGGCG	12-GCTCCGGGCG	10.296193	-0.957786	0	T:2.0(0.51%),B:206.3(0.34%),P:1e0	Tpos:62.5,Tstd:33.5,Bpos:2195.1,Bstd:7761.8,StrandBias:0.0,Multiplicity:1.00
0.100	0.100	0.700	0.100
0.100	0.700	0.100	0.100
0.100	0.100	0.100	0.700
0.100	0.700	0.100	0.100
0.100	0.700	0.100	0.100
0.100	0.100	0.700	0.100
0.100	0.100	0.700	0.100
0.100	0.100	0.700	0.100
0.100	0.700	0.100	0.100
0.100	0.100	0.700	0.100
>CCGCAGCGCC	13-CCGCAGCGCC	10.296193	-0.914359	0	T:3.0(0.77%),B:355.1(0.58%),P:1e0	Tpos:50.0,Tstd:37.0,Bpos:1827.8,Bstd:6676.6,StrandBias:0.0,Multiplicity:1.00
0.100	0.700	0.100	0.100
0.100	0.700	0.100	0.100
0.100	0.100	0.700	0.100
0.100	0.700	0.100	0.100
0.700	0.100	0.100	0.100
0.100	0.100	0.700	0.100
0.100	0.700	0.100	0.100
0.100	0.100	0.700	0.100
0.100	0.700	0.100	0.100
0.100	0.700	0.100	0.100
>GCGCCCTCTC	14-GCGCCCTCTC	9.403950	-0.753320	0	T:2.0(0.51%),B:246.4(0.41%),P:1e0	Tpos:51.0,Tstd:0.0,Bpos:4512.1,Bstd:14689.3,StrandBias:10.0,Multiplicity:1.00
0.033	0.324	0.637	0.006
0.011	0.669	0.225	0.095
0.001	0.053	0.726	0.220
0.083	0.811	0.075	0.031
0.086	0.446	0.272	0.195
0.090	0.597	0.015	0.298
0.073	0.196	0.061	0.670
0.052	0.748	0.016	0.184
0.094	0.251	0.124	0.531
0.001	0.651	0.174	0.174
>ACGCAGCCGC	15-ACGCAGCCGC	7.735404	-0.546174	0	T:5.0(1.28%),B:794.0(1.31%),P:1e0	Tpos:48.2,Tstd:29.2,Bpos:4707.4,Bstd:16255.4,StrandBias:10.0,Multiplicity:1.00
0.502	0.188	0.175	0.135
0.159	0.567	0.165	0.109
0.121	0.178	0.576	0.125
0.124	0.638	0.157	0.081
0.561	0.162	0.146	0.131
0.100	0.140	0.675	0.085
0.119	0.660	0.135	0.086
0.126	0.582	0.150	0.142
0.122	0.155	0.604	0.119
0.117	0.634	0.164	0.085
>CTGGAAGCAG	16-CTGGAAGCAG	10.638294	-0.410102	0	T:9.0(2.30%),B:1547.3(2.54%),P:1e0	Tpos:48.5,Tstd:24.9,Bpos:11129.2,Bstd:14724.8,StrandBias:0.7,Multiplicity:1.00
0.001	0.997	0.001	0.001
0.001	0.001	0.325	0.673
0.001	0.001	0.785	0.213
0.258	0.001	0.740	0.001
0.679	0.190	0.001	0.130
0.803	0.001	0.195	0.001
0.001	0.001	0.997	0.001
0.120	0.812	0.067	0.001
0.665	0.001	0.333	0.001
0.001	0.001	0.997	0.001
>CTCCCGCGGG	17-CTCCCGCGGG	9.444563	-0.373561	0	T:3.0(0.77%),B:551.1(0.91%),P:1e0	Tpos:59.3,Tstd:24.0,Bpos:2567.9,Bstd:9292.5,StrandBias:1.0,Multiplicity:1.00
0.001	0.813	0.185	0.001
0.152	0.249	0.186	0.412
0.001	0.763	0.235	0.001
0.001	0.874	0.001	0.124
0.193	0.488	0.291	0.028
0.001	0.209	0.748	0.042
0.264	0.673	0.030	0.033
0.031	0.232	0.637	0.100
0.001	0.093	0.905	0.001
0.001	0.183	0.639	0.177
>GCGGCYGCSG	18-GCGGCYGCSG	12.318358	-0.353101	0	T:5.0(1.28%),B:917.7(1.51%),P:1e0	Tpos:53.2,Tstd:26.2,Bpos:948.2,Bstd:3985.3,StrandBias:10.0,Multiplicity:1.00
0.001	0.001	0.997	0.001
0.001	0.997	0.001	0.001
0.001	0.001	0.997	0.001
0.001	0.001	0.997	0.001
0.001	0.997	0.001	0.001
0.001	0.432	0.180	0.387
0.001	0.001	0.997	0.001
0.001	0.997	0.001	0.001
0.001	0.506	0.492	0.001
0.001	0.001	0.997	0.001
>CCGGCCTGCT	19-CCGGCCTGCT	11.608850	-0.281339	0	T:1.0(0.26%),B:218.9(0.36%),P:1e0	Tpos:88.0,Tstd:0.0,Bpos:10479.3,Bstd:15951.7,StrandBias:10.0,Multiplicity:1.00
0.042	0.834	0.084	0.040
0.050	0.699	0.073	0.178
0.084	0.086	0.691	0.139
0.012	0.147	0.840	0.001
0.043	0.821	0.108	0.028
0.050	0.817	0.029	0.104
0.031	0.082	0.089	0.798
0.057	0.073	0.869	0.001
0.069	0.881	0.030	0.020
0.053	0.093	0.097	0.757
>CCCTGGAGAG	20-CCCTGGAGAG	10.692715	-0.260706	0	T:3.0(0.77%),B:631.0(1.04%),P:1e0	Tpos:82.0,Tstd:7.1,Bpos:11393.4,Bstd:12157.0,StrandBias:1.0,Multiplicity:1.00
0.018	0.745	0.063	0.174
0.051	0.781	0.085	0.083
0.112	0.886	0.001	0.001
0.092	0.111	0.269	0.528
0.001	0.001	0.928	0.070
0.001	0.295	0.703	0.001
0.561	0.301	0.137	0.001
0.144	0.010	0.819	0.027
0.645	0.286	0.025	0.044
0.019	0.163	0.798	0.020
>SRGCGGCGCK	21-SRGCGGCGCK	7.034224	-0.183658	0	T:1.0(0.26%),B:277.1(0.46%),P:1e0	Tpos:46.0,Tstd:0.0,Bpos:3057.7,Bstd:10344.1,StrandBias:-10.0,Multiplicity:1.00
0.152	0.374	0.357	0.117
0.392	0.238	0.261	0.109
0.065	0.258	0.593	0.084
0.112	0.650	0.155	0.083
0.144	0.237	0.467	0.152
0.063	0.252	0.618	0.067
0.134	0.546	0.249	0.071
0.093	0.207	0.582	0.118
0.128	0.569	0.213	0.090
0.187	0.213	0.367	0.233
>CACRCACCCC	22-CACRCACCCC	10.817109	-0.047348	0	T:2.0(0.51%),B:750.1(1.23%),P:1e0	Tpos:74.0,Tstd:9.0,Bpos:11834.0,Bstd:12441.5,StrandBias:10.0,Multiplicity:1.00
0.216	0.524	0.003	0.257
0.930	0.065	0.001	0.004
0.002	0.993	0.003	0.002
0.510	0.010	0.468	0.012
0.130	0.642	0.226	0.002
0.877	0.114	0.007	0.002
0.004	0.814	0.074	0.108
0.292	0.706	0.001	0.001
0.003	0.986	0.004	0.007
0.137	0.604	0.009	0.250
>CCGCGGGGCC	23-CCGCGGGGCC	10.296193	-0.040652	0	T:1.0(0.26%),B:500.6(0.82%),P:1e0	Tpos:85.0,Tstd:0.0,Bpos:2375.9,Bstd:7997.4,StrandBias:10.0,Multiplicity:1.00
0.100	0.700	0.100	0.100
0.100	0.700	0.100	0.100
0.100	0.100	0.700	0.100
0.100	0.700	0.100	0.100
0.100	0.100	0.700	0.100
0.100	0.100	0.700	0.100
0.100	0.100	0.700	0.100
0.100	0.100	0.700	0.100
0.100	0.700	0.100	0.100
0.100	0.700	0.100	0.100
>CACACACACA	24-CACACACACA	13.483157	-0.000265	0	T:8.0(2.05%),B:3301.3(5.43%),P:1e0	Tpos:51.6,Tstd:29.7,Bpos:15459.3,Bstd:11958.1,StrandBias:0.2,Multiplicity:1.00
0.001	0.964	0.034	0.001
0.867	0.049	0.046	0.038
0.042	0.956	0.001	0.001
0.997	0.001	0.001	0.001
0.001	0.997	0.001	0.001
0.951	0.001	0.047	0.001
0.001	0.997	0.001	0.001
0.951	0.001	0.001	0.047
0.001	0.997	0.001	0.001
0.958	0.040	0.001	0.001
>GCMGCAGCVG	25-GCMGCAGCVG	9.066091	-0.000027	0	T:4.0(1.02%),B:2679.6(4.40%),P:1e0	Tpos:60.2,Tstd:15.3,Bpos:5310.4,Bstd:13809.1,StrandBias:0.0,Multiplicity:1.00
0.136	0.341	0.522	0.001
0.001	0.987	0.001	0.011
0.311	0.423	0.113	0.153
0.194	0.052	0.753	0.001
0.001	0.805	0.193	0.001
0.670	0.207	0.008	0.115
0.001	0.146	0.842	0.011
0.001	0.746	0.252	0.001
0.301	0.296	0.288	0.115
0.152	0.176	0.671	0.001
