>AGCAGTGTTCTG	1-AGCAGTGTTCTG	14.173061	-24.465701	0	T:8.0(2.05%),B:24.9(0.04%),P:1e-10	Tpos:52.1,Tstd:25.7,Bpos:10727.2,Bstd:9876.9,StrandBias:10.0,Multiplicity:1.25
0.843	0.001	0.001	0.155
0.339	0.140	0.520	0.001
0.001	0.661	0.337	0.001
0.858	0.001	0.001	0.140
0.001	0.001	0.997	0.001
0.001	0.188	0.305	0.506
0.187	0.001	0.811	0.001
0.001	0.150	0.001	0.848
0.001	0.001	0.001	0.997
0.001	0.997	0.001	0.001
0.001	0.001	0.001	0.997
0.001	0.001	0.997	0.001
>ATCCTATGTGAG	2-ATCCTATGTGAG	13.722490	-19.405101	0	T:8.0(2.05%),B:50.3(0.08%),P:1e-8	Tpos:56.6,Tstd:24.4,Bpos:13279.2,Bstd:8967.6,StrandBias:10.0,Multiplicity:1.12
0.997	0.001	0.001	0.001
0.001	0.001	0.001	0.997
0.144	0.854	0.001	0.001
0.001	0.854	0.001	0.144
0.145	0.145	0.001	0.709
0.997	0.001	0.001	0.001
0.001	0.160	0.001	0.838
0.001	0.001	0.997	0.001
0.001	0.001	0.001	0.997
0.001	0.001	0.997	0.001
0.997	0.001	0.001	0.001
0.001	0.128	0.870	0.001
>GACAAACATTCA	3-GACAAACATTCA	13.865470	-11.165942	0	T:6.0(1.53%),B:75.4(0.12%),P:1e-4	Tpos:66.8,Tstd:21.6,Bpos:14146.1,Bstd:9422.2,StrandBias:10.0,Multiplicity:1.33
0.101	0.001	0.897	0.001
0.871	0.001	0.127	0.001
0.091	0.907	0.001	0.001
0.997	0.001	0.001	0.001
0.997	0.001	0.001	0.001
0.997	0.001	0.001	0.001
0.001	0.997	0.001	0.001
0.871	0.001	0.001	0.127
0.001	0.001	0.001	0.997
0.001	0.001	0.001	0.997
0.001	0.850	0.148	0.001
0.834	0.001	0.164	0.001
>GTGAGTCAGCAG	4-GTGAGTCAGCAG	14.365396	-8.750740	0	T:5.0(1.28%),B:75.0(0.12%),P:1e-3	Tpos:37.6,Tstd:26.2,Bpos:11242.1,Bstd:9976.2,StrandBias:-0.6,Multiplicity:1.00
0.001	0.001	0.997	0.001
0.001	0.001	0.001	0.997
0.001	0.001	0.997	0.001
0.997	0.001	0.001	0.001
0.001	0.001	0.731	0.267
0.001	0.001	0.001	0.997
0.001	0.698	0.001	0.300
0.997	0.001	0.001	0.001
0.001	0.001	0.997	0.001
0.001	0.790	0.208	0.001
0.997	0.001	0.001	0.001
0.001	0.001	0.997	0.001
>GGGTAGGGAGGA	5-GGGTAGGGAGGA	14.088353	-5.523064	0	T:5.0(1.28%),B:157.1(0.26%),P:1e-2	Tpos:51.2,Tstd:24.1,Bpos:12421.5,Bstd:11335.7,StrandBias:0.6,Multiplicity:1.00
0.001	0.001	0.997	0.001
0.177	0.001	0.821	0.001
0.191	0.200	0.608	0.001
0.001	0.001	0.079	0.919
0.997	0.001	0.001	0.001
0.001	0.001	0.997	0.001
0.001	0.001	0.997	0.001
0.001	0.001	0.997	0.001
0.811	0.001	0.001	0.187
0.001	0.001	0.997	0.001
0.001	0.001	0.997	0.001
0.997	0.001	0.001	0.001
>AGAAACGCCCGC	6-AGAAACGCCCGC	15.545183	-3.676885	0	T:1.0(0.26%),B:3.1(0.01%),P:1e-1	Tpos:80.0,Tstd:0.0,Bpos:653.6,Bstd:444.0,StrandBias:-10.0,Multiplicity:1.00
0.895	0.047	0.035	0.023
0.014	0.095	0.879	0.012
0.942	0.023	0.017	0.018
0.881	0.087	0.020	0.012
0.943	0.028	0.016	0.013
0.018	0.954	0.015	0.013
0.082	0.024	0.877	0.017
0.014	0.959	0.019	0.008
0.073	0.890	0.020	0.017
0.012	0.961	0.017	0.010
0.089	0.019	0.879	0.013
0.026	0.905	0.042	0.027
>AAATGCCGCAGC	7-AAATGCCGCAGC	12.355432	-3.676885	0	T:1.0(0.26%),B:3.1(0.01%),P:1e-1	Tpos:27.0,Tstd:0.0,Bpos:17700.3,Bstd:18564.2,StrandBias:10.0,Multiplicity:1.00
0.700	0.100	0.100	0.100
0.700	0.100	0.100	0.100
0.700	0.100	0.100	0.100
0.100	0.100	0.100	0.700
0.100	0.100	0.700	0.100
0.100	0.700	0.100	0.100
0.100	0.700	0.100	0.100
0.100	0.100	0.700	0.100
0.100	0.700	0.100	0.100
0.700	0.100	0.100	0.100
0.100	0.100	0.700	0.100
0.100	0.700	0.100	0.100
>CGCGGCGCCCTC	8-CGCGGCGCCCTC	11.732474	-3.277777	0	T:1.0(0.26%),B:5.3(0.01%),P:1e-1	Tpos:49.0,Tstd:0.0,Bpos:2905.6,Bstd:6120.6,StrandBias:10.0,Multiplicity:1.00
0.089	0.693	0.143	0.075
0.089	0.175	0.624	0.112
0.077	0.730	0.130	0.063
0.119	0.170	0.600	0.111
0.081	0.151	0.721	0.047
0.119	0.661	0.138	0.082
0.070	0.171	0.661	0.098
0.063	0.691	0.170	0.076
0.068	0.699	0.122	0.111
0.081	0.716	0.118	0.085
0.089	0.190	0.188	0.533
0.069	0.675	0.161	0.095
>CGGCTCTGGGTN	9-CGGCTCTGGGTN	9.491768	-2.903319	0	T:2.0(0.51%),B:57.6(0.09%),P:1e-1	Tpos:81.0,Tstd:2.0,Bpos:6541.9,Bstd:15426.3,StrandBias:0.0,Multiplicity:1.00
0.101	0.417	0.258	0.223
0.045	0.119	0.787	0.049
0.064	0.234	0.596	0.106
0.120	0.544	0.205	0.131
0.077	0.072	0.214	0.637
0.117	0.617	0.144	0.122
0.055	0.230	0.141	0.574
0.086	0.105	0.700	0.109
0.077	0.147	0.634	0.142
0.173	0.083	0.635	0.109
0.125	0.191	0.120	0.564
0.214	0.297	0.283	0.207
>BTTCTGGCGGCN	10-BTTCTGGCGGCN	9.647809	-2.687473	0	T:1.0(0.26%),B:10.1(0.02%),P:1e-1	Tpos:75.0,Tstd:0.0,Bpos:12627.9,Bstd:14997.9,StrandBias:10.0,Multiplicity:1.00
0.167	0.272	0.351	0.209
0.096	0.219	0.162	0.523
0.051	0.194	0.223	0.532
0.053	0.730	0.114	0.103
0.114	0.147	0.113	0.626
0.055	0.128	0.738	0.079
0.091	0.149	0.683	0.077
0.128	0.651	0.148	0.073
0.161	0.142	0.575	0.122
0.095	0.132	0.682	0.091
0.093	0.667	0.170	0.070
0.241	0.296	0.256	0.207
>GCTCGGCCCGCG	11-GCTCGGCCCGCG	13.158698	-2.398599	0	T:3.0(0.77%),B:163.2(0.27%),P:1e-1	Tpos:30.3,Tstd:21.3,Bpos:1815.4,Bstd:6933.5,StrandBias:1.0,Multiplicity:1.00
0.104	0.096	0.799	0.001
0.001	0.820	0.104	0.075
0.097	0.272	0.043	0.588
0.153	0.649	0.197	0.001
0.001	0.001	0.926	0.072
0.001	0.002	0.909	0.088
0.001	0.828	0.095	0.076
0.001	0.891	0.045	0.063
0.001	0.938	0.001	0.060
0.001	0.076	0.860	0.063
0.001	0.953	0.043	0.003
0.001	0.001	0.853	0.145
>CCCACACACACA	12-CCCACACACACA	13.148188	-0.618439	0	T:3.0(0.77%),B:440.2(0.72%),P:1e0	Tpos:59.7,Tstd:24.5,Bpos:13302.0,Bstd:11987.9,StrandBias:10.0,Multiplicity:1.00
0.143	0.855	0.001	0.001
0.081	0.759	0.155	0.005
0.001	0.701	0.001	0.297
0.511	0.093	0.170	0.226
0.279	0.719	0.001	0.001
0.782	0.216	0.001	0.001
0.160	0.838	0.001	0.001
0.997	0.001	0.001	0.001
0.146	0.852	0.001	0.001
0.997	0.001	0.001	0.001
0.004	0.994	0.001	0.001
0.997	0.001	0.001	0.001
>CGGSTSCGGGVA	13-CGGSTSCGGGVA	8.746637	-0.384224	0	T:2.0(0.51%),B:365.4(0.60%),P:1e0	Tpos:43.0,Tstd:36.0,Bpos:3002.7,Bstd:9725.5,StrandBias:0.0,Multiplicity:1.00
0.186	0.674	0.054	0.086
0.116	0.242	0.585	0.057
0.301	0.140	0.473	0.086
0.169	0.307	0.409	0.115
0.224	0.075	0.025	0.676
0.001	0.431	0.486	0.083
0.057	0.674	0.055	0.214
0.001	0.273	0.646	0.080
0.083	0.112	0.635	0.170
0.160	0.143	0.588	0.109
0.300	0.262	0.410	0.029
0.578	0.066	0.299	0.057
>TGCCCGCGSBBB	14-TGCCCGCGSBBB	8.457773	-0.232523	0	T:1.0(0.26%),B:244.0(0.40%),P:1e0	Tpos:12.0,Tstd:0.0,Bpos:3348.1,Bstd:10281.2,StrandBias:10.0,Multiplicity:1.00
0.174	0.245	0.172	0.409
0.070	0.242	0.450	0.238
0.001	0.587	0.035	0.377
0.140	0.443	0.175	0.242
0.001	0.823	0.175	0.001
0.001	0.001	0.828	0.170
0.267	0.731	0.001	0.001
0.001	0.001	0.997	0.001
0.001	0.451	0.478	0.070
0.105	0.279	0.278	0.339
0.140	0.210	0.303	0.346
0.036	0.277	0.311	0.377
>SCGKBCGCSCKN	15-SCGKBCGCSCKN	7.677468	-0.212113	0	T:3.0(0.77%),B:675.8(1.11%),P:1e0	Tpos:55.3,Tstd:26.5,Bpos:1784.1,Bstd:7298.2,StrandBias:1.0,Multiplicity:1.00
0.195	0.387	0.246	0.173
0.022	0.740	0.108	0.130
0.001	0.151	0.632	0.216
0.130	0.139	0.363	0.368
0.001	0.340	0.292	0.367
0.087	0.556	0.238	0.119
0.086	0.184	0.569	0.161
0.130	0.678	0.116	0.076
0.065	0.321	0.453	0.162
0.001	0.766	0.147	0.086
0.108	0.127	0.332	0.433
0.238	0.279	0.226	0.257
>SGSRCKCCGSTA	16-SGSRCKCCGSTA	7.128403	-0.083990	0	T:3.0(0.77%),B:873.0(1.44%),P:1e0	Tpos:38.3,Tstd:28.8,Bpos:3390.7,Bstd:10331.8,StrandBias:-1.0,Multiplicity:1.00
0.001	0.454	0.318	0.227
0.001	0.318	0.680	0.001
0.227	0.409	0.363	0.001
0.408	0.137	0.455	0.001
0.181	0.502	0.001	0.316
0.001	0.181	0.456	0.363
0.001	0.501	0.272	0.226
0.001	0.633	0.365	0.001
0.182	0.320	0.498	0.001
0.001	0.318	0.454	0.226
0.317	0.001	0.182	0.499
0.544	0.227	0.001	0.228
>CGCGYYCGCGCV	17-CGCGYYCGCGCV	8.884716	-0.059288	0	T:2.0(0.51%),B:709.3(1.17%),P:1e0	Tpos:19.5,Tstd:12.5,Bpos:1140.2,Bstd:5281.2,StrandBias:10.0,Multiplicity:1.00
0.074	0.463	0.279	0.184
0.173	0.169	0.550	0.108
0.030	0.661	0.200	0.109
0.094	0.151	0.552	0.203
0.170	0.292	0.137	0.401
0.121	0.399	0.140	0.340
0.016	0.847	0.136	0.001
0.001	0.186	0.812	0.001
0.090	0.756	0.077	0.077
0.074	0.001	0.924	0.001
0.185	0.552	0.262	0.001
0.250	0.230	0.368	0.152
>CACACACACACM	18-CACACACACACM	11.632583	-0.004248	0	T:11.0(2.81%),B:3329.4(5.47%),P:1e0	Tpos:50.7,Tstd:29.4,Bpos:15492.8,Bstd:12201.0,StrandBias:0.1,Multiplicity:1.00
0.042	0.864	0.059	0.035
0.684	0.001	0.248	0.067
0.074	0.874	0.001	0.051
0.997	0.001	0.001	0.001
0.001	0.997	0.001	0.001
0.649	0.001	0.349	0.001
0.001	0.997	0.001	0.001
0.871	0.001	0.001	0.127
0.001	0.997	0.001	0.001
0.996	0.002	0.001	0.001
0.004	0.728	0.165	0.103
0.405	0.366	0.002	0.227
>MGSGGCGGCRGC	19-MGSGGCGGCRGC	8.649681	-0.000372	0	T:3.0(0.77%),B:1908.9(3.14%),P:1e0	Tpos:41.3,Tstd:32.5,Bpos:1647.0,Bstd:6667.0,StrandBias:1.0,Multiplicity:1.00
0.453	0.395	0.151	0.001
0.304	0.151	0.494	0.051
0.051	0.451	0.447	0.051
0.352	0.052	0.595	0.001
0.001	0.151	0.551	0.297
0.001	0.646	0.100	0.253
0.198	0.252	0.500	0.050
0.050	0.146	0.803	0.001
0.302	0.603	0.050	0.045
0.404	0.148	0.347	0.100
0.151	0.100	0.501	0.248
0.001	0.645	0.353	0.001
