>CCGAACGS	1-CCGAACGS	6.958050	-0.662703	0	T:2.0(0.51%),B:268.1(0.44%),P:1e0	Tpos:7.5,Tstd:3.5,Bpos:4956.2,Bstd:14242.1,StrandBias:0.0,Multiplicity:1.00
0.058	0.553	0.286	0.103
0.074	0.821	0.088	0.017
0.076	0.168	0.755	0.001
0.564	0.108	0.315	0.013
0.711	0.117	0.154	0.018
0.124	0.539	0.112	0.225
0.240	0.248	0.423	0.090
0.048	0.512	0.369	0.071
>MGCGCCGA	2-MGCGCCGA	10.050682	-0.216049	0	T:3.0(0.77%),B:671.1(1.10%),P:1e0	Tpos:68.7,Tstd:26.9,Bpos:1981.1,Bstd:7189.8,StrandBias:-1.0,Multiplicity:1.00
0.480	0.518	0.001	0.001
0.001	0.001	0.997	0.001
0.001	0.997	0.001	0.001
0.001	0.001	0.997	0.001
0.001	0.817	0.181	0.001
0.001	0.949	0.049	0.001
0.001	0.001	0.997	0.001
0.891	0.107	0.001	0.001
>AACGCGCG	3-AACGCGCG	7.313108	-0.174816	0	T:1.0(0.26%),B:284.7(0.47%),P:1e0	Tpos:12.0,Tstd:0.0,Bpos:3032.6,Bstd:9885.5,StrandBias:10.0,Multiplicity:1.00
0.563	0.135	0.162	0.140
0.567	0.149	0.154	0.130
0.129	0.625	0.138	0.108
0.117	0.187	0.581	0.115
0.093	0.669	0.146	0.092
0.096	0.145	0.646	0.113
0.107	0.688	0.136	0.069
0.104	0.140	0.664	0.092
>KCSGGAMT	4-KCSGGAMT	5.724129	-0.161038	0	T:2.0(0.51%),B:525.9(0.86%),P:1e0	Tpos:43.5,Tstd:32.5,Bpos:12674.8,Bstd:16635.5,StrandBias:0.0,Multiplicity:1.00
0.124	0.193	0.302	0.381
0.121	0.566	0.178	0.135
0.025	0.437	0.452	0.087
0.001	0.239	0.752	0.008
0.262	0.009	0.635	0.094
0.445	0.180	0.227	0.148
0.444	0.376	0.046	0.134
0.250	0.013	0.229	0.508
>GCGCGGAA	5-GCGCGGAA	8.779345	-0.029262	0	T:1.0(0.26%),B:550.7(0.91%),P:1e0	Tpos:27.0,Tstd:0.0,Bpos:2265.0,Bstd:7334.8,StrandBias:10.0,Multiplicity:1.00
0.043	0.136	0.815	0.006
0.032	0.710	0.163	0.095
0.026	0.125	0.805	0.044
0.106	0.686	0.158	0.050
0.103	0.101	0.769	0.027
0.114	0.062	0.823	0.001
0.720	0.069	0.105	0.106
0.681	0.134	0.090	0.095
>TTTCCCGS	6-TTTCCCGS	7.323404	-0.013168	0	T:3.0(0.77%),B:1247.5(2.05%),P:1e0	Tpos:35.3,Tstd:21.7,Bpos:8284.8,Bstd:15007.3,StrandBias:1.0,Multiplicity:1.00
0.027	0.274	0.181	0.518
0.040	0.284	0.100	0.576
0.006	0.346	0.002	0.646
0.056	0.625	0.181	0.138
0.025	0.689	0.236	0.050
0.088	0.709	0.192	0.011
0.028	0.184	0.760	0.028
0.016	0.439	0.517	0.028
>NCCGVCGS	7-NCCGVCGS	4.738548	-0.003166	0	T:1.0(0.26%),B:891.2(1.46%),P:1e0	Tpos:29.0,Tstd:0.0,Bpos:3509.8,Bstd:12030.3,StrandBias:10.0,Multiplicity:1.00
0.217	0.266	0.263	0.255
0.103	0.558	0.228	0.111
0.213	0.573	0.111	0.103
0.107	0.268	0.557	0.068
0.331	0.273	0.296	0.099
0.152	0.660	0.152	0.036
0.180	0.199	0.468	0.152
0.191	0.360	0.279	0.170
>CCCGCTCG	8-CCCGCTCG	8.757137	-0.002369	0	T:2.0(0.51%),B:1278.3(2.10%),P:1e0	Tpos:64.0,Tstd:15.0,Bpos:3427.7,Bstd:10716.2,StrandBias:0.0,Multiplicity:1.00
0.075	0.709	0.099	0.117
0.045	0.811	0.087	0.057
0.056	0.761	0.099	0.084
0.034	0.087	0.787	0.092
0.021	0.815	0.111	0.053
0.151	0.115	0.156	0.578
0.028	0.795	0.113	0.064
0.051	0.071	0.752	0.126
>CNGCGGCG	9-CNGCGGCG	7.155587	-0.002210	0	T:8.0(2.05%),B:2829.6(4.65%),P:1e0	Tpos:41.0,Tstd:33.0,Bpos:1616.9,Bstd:6391.1,StrandBias:-10.0,Multiplicity:1.00
0.001	0.737	0.261	0.001
0.261	0.270	0.262	0.207
0.001	0.152	0.827	0.020
0.011	0.890	0.001	0.098
0.147	0.159	0.422	0.271
0.005	0.067	0.909	0.019
0.148	0.537	0.195	0.120
0.093	0.246	0.648	0.013
>CAGAGCCG	10-CAGAGCCG	8.782416	-0.001039	0	T:5.0(1.28%),B:2268.0(3.73%),P:1e0	Tpos:54.8,Tstd:26.8,Bpos:7659.4,Bstd:15517.6,StrandBias:-0.6,Multiplicity:1.00
0.114	0.745	0.096	0.045
0.738	0.112	0.073	0.077
0.143	0.102	0.731	0.024
0.709	0.103	0.143	0.045
0.096	0.117	0.704	0.083
0.016	0.856	0.068	0.060
0.069	0.736	0.117	0.078
0.057	0.109	0.787	0.047
>YCSGCNCK	11-YCSGCNCK	5.627755	-0.000877	0	T:6.0(1.53%),B:2555.5(4.20%),P:1e0	Tpos:29.8,Tstd:23.2,Bpos:1491.4,Bstd:6088.2,StrandBias:0.0,Multiplicity:1.00
0.054	0.445	0.170	0.332
0.073	0.687	0.162	0.078
0.082	0.485	0.355	0.078
0.119	0.139	0.578	0.164
0.212	0.511	0.218	0.059
0.217	0.235	0.324	0.224
0.175	0.598	0.104	0.123
0.002	0.007	0.500	0.491
>SCGGMGCS	12-SCGGMGCS	7.801344	-0.000817	0	T:8.0(2.05%),B:3055.2(5.02%),P:1e0	Tpos:38.8,Tstd:33.3,Bpos:2387.3,Bstd:8430.2,StrandBias:0.7,Multiplicity:1.00
0.001	0.452	0.338	0.209
0.001	0.978	0.020	0.001
0.108	0.349	0.518	0.025
0.001	0.001	0.997	0.001
0.449	0.549	0.001	0.001
0.001	0.001	0.825	0.173
0.001	0.703	0.295	0.001
0.112	0.513	0.374	0.001
>GSBCCGGG	13-GSBCCGGG	5.433775	-0.000414	0	T:7.0(1.79%),B:2962.0(4.87%),P:1e0	Tpos:52.4,Tstd:26.0,Bpos:4413.7,Bstd:12333.5,StrandBias:0.4,Multiplicity:1.00
0.150	0.147	0.523	0.180
0.176	0.414	0.278	0.132
0.072	0.300	0.255	0.372
0.005	0.705	0.287	0.003
0.037	0.525	0.245	0.193
0.122	0.261	0.499	0.118
0.223	0.241	0.467	0.069
0.163	0.208	0.503	0.126
>BTCCCCGS	14-BTCCCCGS	7.432194	-0.000275	0	T:6.0(1.53%),B:2793.4(4.59%),P:1e0	Tpos:51.8,Tstd:28.8,Bpos:4958.2,Bstd:13217.3,StrandBias:-1.6,Multiplicity:1.00
0.001	0.261	0.390	0.348
0.028	0.391	0.001	0.580
0.011	0.987	0.001	0.001
0.001	0.706	0.238	0.055
0.050	0.558	0.391	0.001
0.001	0.622	0.376	0.001
0.158	0.001	0.840	0.001
0.001	0.561	0.416	0.022
>CGCGGCGC	15-CGCGGCGC	8.755098	-0.000247	0	T:8.0(2.05%),B:3317.0(5.45%),P:1e0	Tpos:48.2,Tstd:32.0,Bpos:1382.7,Bstd:5937.6,StrandBias:-0.3,Multiplicity:1.12
0.199	0.651	0.145	0.005
0.047	0.039	0.772	0.142
0.151	0.687	0.154	0.008
0.150	0.109	0.674	0.067
0.001	0.123	0.875	0.001
0.058	0.786	0.155	0.001
0.128	0.111	0.704	0.057
0.001	0.859	0.133	0.007
>CGCAGMGC	16-CGCAGMGC	5.315481	-0.000178	0	T:10.0(2.56%),B:3866.7(6.36%),P:1e0	Tpos:52.0,Tstd:23.3,Bpos:4897.6,Bstd:13608.8,StrandBias:1.2,Multiplicity:1.11
0.150	0.492	0.228	0.131
0.099	0.193	0.550	0.158
0.184	0.527	0.249	0.040
0.443	0.220	0.224	0.113
0.195	0.153	0.631	0.021
0.398	0.307	0.240	0.055
0.178	0.215	0.565	0.042
0.179	0.449	0.201	0.171
>GCGGCTGC	17-GCGGCTGC	8.273248	-0.000081	0	T:11.0(2.81%),B:4277.9(7.03%),P:1e0	Tpos:39.9,Tstd:26.6,Bpos:4396.9,Bstd:12438.6,StrandBias:-1.4,Multiplicity:1.00
0.001	0.294	0.609	0.096
0.111	0.786	0.102	0.001
0.001	0.220	0.688	0.091
0.013	0.001	0.985	0.001
0.001	0.852	0.146	0.001
0.001	0.001	0.156	0.842
0.001	0.212	0.520	0.267
0.085	0.494	0.192	0.229
>CGAGCGGG	18-CGAGCGGG	7.540881	-0.000064	0	T:12.0(3.07%),B:4563.2(7.50%),P:1e0	Tpos:35.1,Tstd:22.3,Bpos:5257.4,Bstd:13949.2,StrandBias:0.0,Multiplicity:1.00
0.172	0.549	0.278	0.001
0.001	0.082	0.916	0.001
0.532	0.173	0.174	0.121
0.114	0.176	0.498	0.212
0.001	0.997	0.001	0.001
0.001	0.130	0.868	0.001
0.001	0.029	0.969	0.001
0.219	0.249	0.508	0.024
>CCGCSGGV	19-CCGCSGGV	7.308593	-0.000024	0	T:5.0(1.28%),B:2991.6(4.92%),P:1e0	Tpos:42.0,Tstd:6.4,Bpos:2543.8,Bstd:8446.7,StrandBias:-1.0,Multiplicity:1.00
0.178	0.761	0.060	0.001
0.227	0.602	0.170	0.001
0.074	0.001	0.924	0.001
0.147	0.708	0.144	0.001
0.031	0.467	0.413	0.089
0.214	0.204	0.535	0.047
0.076	0.001	0.922	0.001
0.290	0.330	0.318	0.062
>CCGGCGGG	20-CCGGCGGG	8.768507	-0.000017	0	T:4.0(1.02%),B:2758.4(4.53%),P:1e0	Tpos:61.8,Tstd:26.2,Bpos:2659.8,Bstd:9228.7,StrandBias:2.0,Multiplicity:1.25
0.063	0.748	0.089	0.100
0.040	0.775	0.109	0.076
0.081	0.054	0.814	0.051
0.039	0.201	0.669	0.091
0.100	0.740	0.118	0.042
0.054	0.029	0.843	0.074
0.096	0.222	0.658	0.024
0.077	0.098	0.757	0.068
>GCAGCSSG	21-GCAGCSSG	7.099668	-0.000015	0	T:6.0(1.53%),B:3360.5(5.52%),P:1e0	Tpos:58.5,Tstd:8.2,Bpos:5330.4,Bstd:13646.4,StrandBias:1.0,Multiplicity:1.00
0.187	0.159	0.601	0.053
0.082	0.656	0.150	0.112
0.433	0.197	0.152	0.217
0.017	0.071	0.881	0.031
0.015	0.886	0.020	0.079
0.138	0.385	0.448	0.028
0.032	0.357	0.490	0.120
0.084	0.277	0.632	0.007
>CAGAGCGC	22-CAGAGCGC	8.786505	-0.000011	0	T:5.0(1.28%),B:3141.6(5.16%),P:1e0	Tpos:40.2,Tstd:40.3,Bpos:5146.4,Bstd:13730.9,StrandBias:2.0,Multiplicity:1.00
0.001	0.728	0.270	0.001
0.785	0.038	0.176	0.001
0.081	0.001	0.917	0.001
0.696	0.302	0.001	0.001
0.156	0.001	0.842	0.001
0.001	0.997	0.001	0.001
0.001	0.001	0.997	0.001
0.001	0.754	0.244	0.001
>CGCSGCCG	23-CGCSGCCG	7.576037	-0.000003	0	T:17.0(4.35%),B:6413.6(10.54%),P:1e0	Tpos:39.8,Tstd:26.8,Bpos:1486.8,Bstd:6748.7,StrandBias:0.7,Multiplicity:1.07
0.071	0.725	0.203	0.001
0.028	0.167	0.539	0.266
0.042	0.757	0.144	0.057
0.133	0.411	0.388	0.069
0.001	0.052	0.921	0.026
0.001	0.649	0.349	0.001
0.111	0.557	0.043	0.289
0.001	0.162	0.779	0.058
>CGCAGCAG	24-CGCAGCAG	8.722217	-0.000000	0	T:1.0(0.26%),B:2279.7(3.75%),P:1e0	Tpos:88.0,Tstd:0.0,Bpos:6253.9,Bstd:13641.0,StrandBias:10.0,Multiplicity:1.00
0.073	0.716	0.146	0.065
0.130	0.032	0.675	0.163
0.035	0.775	0.176	0.014
0.703	0.149	0.071	0.077
0.036	0.049	0.906	0.009
0.090	0.771	0.116	0.023
0.576	0.154	0.143	0.127
0.026	0.062	0.884	0.028
>CCCACACA	25-CCCACACA	6.955692	-0.000000	0	T:25.0(6.39%),B:10384.6(17.07%),P:1e0	Tpos:49.6,Tstd:27.2,Bpos:12017.6,Bstd:14131.5,StrandBias:-0.8,Multiplicity:1.08
0.038	0.820	0.108	0.034
0.034	0.836	0.037	0.093
0.019	0.900	0.036	0.045
0.590	0.162	0.128	0.120
0.036	0.887	0.038	0.039
0.628	0.078	0.204	0.090
0.063	0.731	0.088	0.118
0.618	0.108	0.100	0.174
