>TCGTRGCAGT	1-TCGTRGCAGT	10.281766	-9.140328	0	T:6.0(1.53%),B:110.1(0.18%),P:1e-3	Tpos:50.5,Tstd:30.2,Bpos:9232.9,Bstd:13039.9,StrandBias:2.3,Multiplicity:1.00
0.001	0.169	0.001	0.829
0.001	0.902	0.001	0.096
0.001	0.128	0.743	0.128
0.001	0.194	0.128	0.677
0.334	0.257	0.409	0.001
0.169	0.001	0.829	0.001
0.001	0.870	0.001	0.128
0.997	0.001	0.001	0.001
0.001	0.001	0.997	0.001
0.117	0.001	0.001	0.881
>GTTCTGGAAT	2-GTTCTGGAAT	13.764406	-7.745957	0	T:9.0(2.30%),B:337.5(0.55%),P:1e-3	Tpos:59.9,Tstd:24.4,Bpos:13494.4,Bstd:11289.0,StrandBias:10.0,Multiplicity:1.33
0.001	0.001	0.997	0.001
0.001	0.001	0.001	0.997
0.001	0.001	0.001	0.997
0.001	0.997	0.001	0.001
0.001	0.001	0.001	0.997
0.001	0.001	0.931	0.067
0.001	0.001	0.997	0.001
0.997	0.001	0.001	0.001
0.997	0.001	0.001	0.001
0.001	0.001	0.001	0.997
>ACACCCGCTC	3-ACACCCGCTC	10.678899	-6.482801	0	T:10.0(2.56%),B:488.5(0.80%),P:1e-2	Tpos:47.4,Tstd:18.3,Bpos:6640.8,Bstd:13508.7,StrandBias:0.6,Multiplicity:1.00
0.997	0.001	0.001	0.001
0.113	0.781	0.105	0.001
0.888	0.001	0.110	0.001
0.001	0.901	0.097	0.001
0.001	0.997	0.001	0.001
0.068	0.866	0.001	0.065
0.001	0.001	0.997	0.001
0.156	0.842	0.001	0.001
0.001	0.093	0.092	0.814
0.001	0.997	0.001	0.001
>GGACAAACAT	4-GGACAAACAT	12.138429	-3.012717	0	T:4.0(1.02%),B:210.2(0.35%),P:1e-1	Tpos:75.0,Tstd:23.8,Bpos:15996.4,Bstd:11509.2,StrandBias:10.0,Multiplicity:1.50
0.111	0.001	0.779	0.109
0.112	0.001	0.886	0.001
0.744	0.001	0.254	0.001
0.091	0.793	0.115	0.001
0.997	0.001	0.001	0.001
0.997	0.001	0.001	0.001
0.851	0.147	0.001	0.001
0.001	0.997	0.001	0.001
0.598	0.001	0.001	0.400
0.001	0.130	0.001	0.868
>GGGAAAGCGC	5-GGGAAAGCGC	10.280795	-2.313872	0	T:2.0(0.51%),B:81.9(0.13%),P:1e-1	Tpos:27.5,Tstd:3.5,Bpos:7305.5,Bstd:12429.3,StrandBias:0.0,Multiplicity:1.00
0.101	0.075	0.720	0.104
0.115	0.048	0.755	0.082
0.108	0.146	0.704	0.042
0.693	0.104	0.136	0.067
0.684	0.096	0.142	0.078
0.672	0.120	0.115	0.093
0.079	0.079	0.800	0.042
0.091	0.647	0.153	0.109
0.098	0.126	0.671	0.105
0.117	0.657	0.138	0.088
>CCTATGTGAG	6-CCTATGTGAG	10.814650	-2.122952	0	T:8.0(2.05%),B:757.7(1.25%),P:1e0	Tpos:55.3,Tstd:25.2,Bpos:13895.4,Bstd:12717.7,StrandBias:10.0,Multiplicity:1.29
0.122	0.759	0.001	0.118
0.001	0.878	0.001	0.120
0.102	0.094	0.001	0.803
0.927	0.001	0.071	0.001
0.001	0.137	0.001	0.861
0.001	0.001	0.997	0.001
0.001	0.001	0.001	0.997
0.001	0.001	0.997	0.001
0.997	0.001	0.001	0.001
0.001	0.113	0.885	0.001
>CCGCGCGGAT	7-CCGCGCGGAT	10.257782	-2.072258	0	T:1.0(0.26%),B:20.8(0.03%),P:1e0	Tpos:39.0,Tstd:0.0,Bpos:2155.3,Bstd:7167.0,StrandBias:10.0,Multiplicity:1.00
0.080	0.751	0.108	0.061
0.098	0.661	0.141	0.100
0.085	0.077	0.766	0.072
0.083	0.735	0.096	0.086
0.067	0.109	0.734	0.090
0.099	0.693	0.131	0.077
0.123	0.090	0.727	0.060
0.113	0.083	0.737	0.067
0.635	0.161	0.125	0.079
0.120	0.139	0.179	0.562
>GCGCGTCCSG	8-GCGCGTCCSG	12.436290	-1.735243	0	T:3.0(0.77%),B:223.3(0.37%),P:1e0	Tpos:46.3,Tstd:21.0,Bpos:1506.7,Bstd:6295.1,StrandBias:1.0,Multiplicity:1.00
0.001	0.001	0.997	0.001
0.001	0.997	0.001	0.001
0.001	0.001	0.997	0.001
0.001	0.677	0.321	0.001
0.001	0.001	0.997	0.001
0.001	0.001	0.214	0.784
0.001	0.997	0.001	0.001
0.001	0.997	0.001	0.001
0.001	0.536	0.462	0.001
0.001	0.001	0.997	0.001
>CCCAGAGCCG	9-CCCAGAGCCG	10.296193	-1.579308	0	T:4.0(1.02%),B:361.4(0.59%),P:1e0	Tpos:66.5,Tstd:15.8,Bpos:6415.7,Bstd:14679.9,StrandBias:-1.6,Multiplicity:1.00
0.100	0.700	0.100	0.100
0.100	0.700	0.100	0.100
0.100	0.700	0.100	0.100
0.700	0.100	0.100	0.100
0.100	0.100	0.700	0.100
0.700	0.100	0.100	0.100
0.100	0.100	0.700	0.100
0.100	0.700	0.100	0.100
0.100	0.700	0.100	0.100
0.100	0.100	0.700	0.100
>CGCAGCGCCC	10-CGCAGCGCCC	10.296193	-1.146347	0	T:3.0(0.77%),B:307.3(0.51%),P:1e0	Tpos:39.7,Tstd:14.0,Bpos:2271.5,Bstd:8538.7,StrandBias:1.0,Multiplicity:1.00
0.100	0.700	0.100	0.100
0.100	0.100	0.700	0.100
0.100	0.700	0.100	0.100
0.700	0.100	0.100	0.100
0.100	0.100	0.700	0.100
0.100	0.700	0.100	0.100
0.100	0.100	0.700	0.100
0.100	0.700	0.100	0.100
0.100	0.700	0.100	0.100
0.100	0.700	0.100	0.100
>TGCGTGCGGG	11-TGCGTGCGGG	9.432412	-0.963693	0	T:2.0(0.51%),B:205.1(0.34%),P:1e0	Tpos:50.0,Tstd:27.0,Bpos:8638.6,Bstd:18037.1,StrandBias:0.0,Multiplicity:1.00
0.327	0.013	0.044	0.616
0.292	0.001	0.517	0.190
0.024	0.566	0.069	0.341
0.058	0.074	0.786	0.082
0.138	0.056	0.024	0.782
0.001	0.028	0.847	0.124
0.157	0.544	0.177	0.122
0.027	0.001	0.971	0.001
0.079	0.283	0.473	0.165
0.023	0.075	0.843	0.059
>GCTCCGGGCG	12-GCTCCGGGCG	10.296193	-0.957786	0	T:2.0(0.51%),B:206.3(0.34%),P:1e0	Tpos:62.5,Tstd:33.5,Bpos:2195.1,Bstd:7761.8,StrandBias:0.0,Multiplicity:1.00
0.100	0.100	0.700	0.100
0.100	0.700	0.100	0.100
0.100	0.100	0.100	0.700
0.100	0.700	0.100	0.100
0.100	0.700	0.100	0.100
0.100	0.100	0.700	0.100
0.100	0.100	0.700	0.100
0.100	0.100	0.700	0.100
0.100	0.700	0.100	0.100
0.100	0.100	0.700	0.100
>CCGCAGCGCC	13-CCGCAGCGCC	10.296193	-0.914359	0	T:3.0(0.77%),B:355.1(0.58%),P:1e0	Tpos:50.0,Tstd:37.0,Bpos:1827.8,Bstd:6676.6,StrandBias:0.0,Multiplicity:1.00
0.100	0.700	0.100	0.100
0.100	0.700	0.100	0.100
0.100	0.100	0.700	0.100
0.100	0.700	0.100	0.100
0.700	0.100	0.100	0.100
0.100	0.100	0.700	0.100
0.100	0.700	0.100	0.100
0.100	0.100	0.700	0.100
0.100	0.700	0.100	0.100
0.100	0.700	0.100	0.100
>GCGCCCTCTC	14-GCGCCCTCTC	9.403950	-0.753320	0	T:2.0(0.51%),B:246.4(0.41%),P:1e0	Tpos:51.0,Tstd:0.0,Bpos:4512.1,Bstd:14689.3,StrandBias:10.0,Multiplicity:1.00
0.033	0.324	0.637	0.006
0.011	0.669	0.225	0.095
0.001	0.053	0.726	0.220
0.083	0.811	0.075	0.031
0.086	0.446	0.272	0.195
0.090	0.597	0.015	0.298
0.073	0.196	0.061	0.670
0.052	0.748	0.016	0.184
0.094	0.251	0.124	0.531
0.001	0.651	0.174	0.174
>ACGCAGCCGC	15-ACGCAGCCGC	7.735404	-0.546174	0	T:5.0(1.28%),B:794.0(1.31%),P:1e0	Tpos:48.2,Tstd:29.2,Bpos:4707.4,Bstd:16255.4,StrandBias:10.0,Multiplicity:1.00
0.502	0.188	0.175	0.135
0.159	0.567	0.165	0.109
0.121	0.178	0.576	0.125
0.124	0.638	0.157	0.081
0.561	0.162	0.146	0.131
0.100	0.140	0.675	0.085
0.119	0.660	0.135	0.086
0.126	0.582	0.150	0.142
0.122	0.155	0.604	0.119
0.117	0.634	0.164	0.085
>CTGGAAGCAG	16-CTGGAAGCAG	10.638294	-0.410102	0	T:9.0(2.30%),B:1547.3(2.54%),P:1e0	Tpos:48.5,Tstd:24.9,Bpos:11129.2,Bstd:14724.8,StrandBias:0.7,Multiplicity:1.00
0.001	0.997	0.001	0.001
0.001	0.001	0.325	0.673
0.001	0.001	0.785	0.213
0.258	0.001	0.740	0.001
0.679	0.190	0.001	0.130
0.803	0.001	0.195	0.001
0.001	0.001	0.997	0.001
0.120	0.812	0.067	0.001
0.665	0.001	0.333	0.001
0.001	0.001	0.997	0.001
>CTCCCGCGGG	17-CTCCCGCGGG	9.444563	-0.373561	0	T:3.0(0.77%),B:551.1(0.91%),P:1e0	Tpos:59.3,Tstd:24.0,Bpos:2567.9,Bstd:9292.5,StrandBias:1.0,Multiplicity:1.00
0.001	0.813	0.185	0.001
0.152	0.249	0.186	0.412
0.001	0.763	0.235	0.001
0.001	0.874	0.001	0.124
0.193	0.488	0.291	0.028
0.001	0.209	0.748	0.042
0.264	0.673	0.030	0.033
0.031	0.232	0.637	0.100
0.001	0.093	0.905	0.001
0.001	0.183	0.639	0.177
>GCGGCYGCSG	18-GCGGCYGCSG	12.318358	-0.353101	0	T:5.0(1.28%),B:917.7(1.51%),P:1e0	Tpos:53.2,Tstd:26.2,Bpos:948.2,Bstd:3985.3,StrandBias:10.0,Multiplicity:1.00
0.001	0.001	0.997	0.001
0.001	0.997	0.001	0.001
0.001	0.001	0.997	0.001
0.001	0.001	0.997	0.001
0.001	0.997	0.001	0.001
0.001	0.432	0.180	0.387
0.001	0.001	0.997	0.001
0.001	0.997	0.001	0.001
0.001	0.506	0.492	0.001
0.001	0.001	0.997	0.001
>CCGGCCTGCT	19-CCGGCCTGCT	11.608850	-0.281339	0	T:1.0(0.26%),B:218.9(0.36%),P:1e0	Tpos:88.0,Tstd:0.0,Bpos:10479.3,Bstd:15951.7,StrandBias:10.0,Multiplicity:1.00
0.042	0.834	0.084	0.040
0.050	0.699	0.073	0.178
0.084	0.086	0.691	0.139
0.012	0.147	0.840	0.001
0.043	0.821	0.108	0.028
0.050	0.817	0.029	0.104
0.031	0.082	0.089	0.798
0.057	0.073	0.869	0.001
0.069	0.881	0.030	0.020
0.053	0.093	0.097	0.757
>CCCTGGAGAG	20-CCCTGGAGAG	10.692715	-0.260706	0	T:3.0(0.77%),B:631.0(1.04%),P:1e0	Tpos:82.0,Tstd:7.1,Bpos:11393.4,Bstd:12157.0,StrandBias:1.0,Multiplicity:1.00
0.018	0.745	0.063	0.174
0.051	0.781	0.085	0.083
0.112	0.886	0.001	0.001
0.092	0.111	0.269	0.528
0.001	0.001	0.928	0.070
0.001	0.295	0.703	0.001
0.561	0.301	0.137	0.001
0.144	0.010	0.819	0.027
0.645	0.286	0.025	0.044
0.019	0.163	0.798	0.020
>SRGCGGCGCK	21-SRGCGGCGCK	7.034224	-0.183658	0	T:1.0(0.26%),B:277.1(0.46%),P:1e0	Tpos:46.0,Tstd:0.0,Bpos:3057.7,Bstd:10344.1,StrandBias:-10.0,Multiplicity:1.00
0.152	0.374	0.357	0.117
0.392	0.238	0.261	0.109
0.065	0.258	0.593	0.084
0.112	0.650	0.155	0.083
0.144	0.237	0.467	0.152
0.063	0.252	0.618	0.067
0.134	0.546	0.249	0.071
0.093	0.207	0.582	0.118
0.128	0.569	0.213	0.090
0.187	0.213	0.367	0.233
>CACRCACCCC	22-CACRCACCCC	10.817109	-0.047348	0	T:2.0(0.51%),B:750.1(1.23%),P:1e0	Tpos:74.0,Tstd:9.0,Bpos:11834.0,Bstd:12441.5,StrandBias:10.0,Multiplicity:1.00
0.216	0.524	0.003	0.257
0.930	0.065	0.001	0.004
0.002	0.993	0.003	0.002
0.510	0.010	0.468	0.012
0.130	0.642	0.226	0.002
0.877	0.114	0.007	0.002
0.004	0.814	0.074	0.108
0.292	0.706	0.001	0.001
0.003	0.986	0.004	0.007
0.137	0.604	0.009	0.250
>CCGCGGGGCC	23-CCGCGGGGCC	10.296193	-0.040652	0	T:1.0(0.26%),B:500.6(0.82%),P:1e0	Tpos:85.0,Tstd:0.0,Bpos:2375.9,Bstd:7997.4,StrandBias:10.0,Multiplicity:1.00
0.100	0.700	0.100	0.100
0.100	0.700	0.100	0.100
0.100	0.100	0.700	0.100
0.100	0.700	0.100	0.100
0.100	0.100	0.700	0.100
0.100	0.100	0.700	0.100
0.100	0.100	0.700	0.100
0.100	0.100	0.700	0.100
0.100	0.700	0.100	0.100
0.100	0.700	0.100	0.100
>CACACACACA	24-CACACACACA	13.483157	-0.000265	0	T:8.0(2.05%),B:3301.3(5.43%),P:1e0	Tpos:51.6,Tstd:29.7,Bpos:15459.3,Bstd:11958.1,StrandBias:0.2,Multiplicity:1.00
0.001	0.964	0.034	0.001
0.867	0.049	0.046	0.038
0.042	0.956	0.001	0.001
0.997	0.001	0.001	0.001
0.001	0.997	0.001	0.001
0.951	0.001	0.047	0.001
0.001	0.997	0.001	0.001
0.951	0.001	0.001	0.047
0.001	0.997	0.001	0.001
0.958	0.040	0.001	0.001
>GCMGCAGCVG	25-GCMGCAGCVG	9.066091	-0.000027	0	T:4.0(1.02%),B:2679.6(4.40%),P:1e0	Tpos:60.2,Tstd:15.3,Bpos:5310.4,Bstd:13809.1,StrandBias:0.0,Multiplicity:1.00
0.136	0.341	0.522	0.001
0.001	0.987	0.001	0.011
0.311	0.423	0.113	0.153
0.194	0.052	0.753	0.001
0.001	0.805	0.193	0.001
0.670	0.207	0.008	0.115
0.001	0.146	0.842	0.011
0.001	0.746	0.252	0.001
0.301	0.296	0.288	0.115
0.152	0.176	0.671	0.001
>AGCAGTGTTCTG	1-AGCAGTGTTCTG	14.173061	-24.465701	0	T:8.0(2.05%),B:24.9(0.04%),P:1e-10	Tpos:52.1,Tstd:25.7,Bpos:10727.2,Bstd:9876.9,StrandBias:10.0,Multiplicity:1.25
0.843	0.001	0.001	0.155
0.339	0.140	0.520	0.001
0.001	0.661	0.337	0.001
0.858	0.001	0.001	0.140
0.001	0.001	0.997	0.001
0.001	0.188	0.305	0.506
0.187	0.001	0.811	0.001
0.001	0.150	0.001	0.848
0.001	0.001	0.001	0.997
0.001	0.997	0.001	0.001
0.001	0.001	0.001	0.997
0.001	0.001	0.997	0.001
>ATCCTATGTGAG	2-ATCCTATGTGAG	13.722490	-19.405101	0	T:8.0(2.05%),B:50.3(0.08%),P:1e-8	Tpos:56.6,Tstd:24.4,Bpos:13279.2,Bstd:8967.6,StrandBias:10.0,Multiplicity:1.12
0.997	0.001	0.001	0.001
0.001	0.001	0.001	0.997
0.144	0.854	0.001	0.001
0.001	0.854	0.001	0.144
0.145	0.145	0.001	0.709
0.997	0.001	0.001	0.001
0.001	0.160	0.001	0.838
0.001	0.001	0.997	0.001
0.001	0.001	0.001	0.997
0.001	0.001	0.997	0.001
0.997	0.001	0.001	0.001
0.001	0.128	0.870	0.001
>GACAAACATTCA	3-GACAAACATTCA	13.865470	-11.165942	0	T:6.0(1.53%),B:75.4(0.12%),P:1e-4	Tpos:66.8,Tstd:21.6,Bpos:14146.1,Bstd:9422.2,StrandBias:10.0,Multiplicity:1.33
0.101	0.001	0.897	0.001
0.871	0.001	0.127	0.001
0.091	0.907	0.001	0.001
0.997	0.001	0.001	0.001
0.997	0.001	0.001	0.001
0.997	0.001	0.001	0.001
0.001	0.997	0.001	0.001
0.871	0.001	0.001	0.127
0.001	0.001	0.001	0.997
0.001	0.001	0.001	0.997
0.001	0.850	0.148	0.001
0.834	0.001	0.164	0.001
>GTGAGTCAGCAG	4-GTGAGTCAGCAG	14.365396	-8.750740	0	T:5.0(1.28%),B:75.0(0.12%),P:1e-3	Tpos:37.6,Tstd:26.2,Bpos:11242.1,Bstd:9976.2,StrandBias:-0.6,Multiplicity:1.00
0.001	0.001	0.997	0.001
0.001	0.001	0.001	0.997
0.001	0.001	0.997	0.001
0.997	0.001	0.001	0.001
0.001	0.001	0.731	0.267
0.001	0.001	0.001	0.997
0.001	0.698	0.001	0.300
0.997	0.001	0.001	0.001
0.001	0.001	0.997	0.001
0.001	0.790	0.208	0.001
0.997	0.001	0.001	0.001
0.001	0.001	0.997	0.001
>GGGTAGGGAGGA	5-GGGTAGGGAGGA	14.088353	-5.523064	0	T:5.0(1.28%),B:157.1(0.26%),P:1e-2	Tpos:51.2,Tstd:24.1,Bpos:12421.5,Bstd:11335.7,StrandBias:0.6,Multiplicity:1.00
0.001	0.001	0.997	0.001
0.177	0.001	0.821	0.001
0.191	0.200	0.608	0.001
0.001	0.001	0.079	0.919
0.997	0.001	0.001	0.001
0.001	0.001	0.997	0.001
0.001	0.001	0.997	0.001
0.001	0.001	0.997	0.001
0.811	0.001	0.001	0.187
0.001	0.001	0.997	0.001
0.001	0.001	0.997	0.001
0.997	0.001	0.001	0.001
>AGAAACGCCCGC	6-AGAAACGCCCGC	15.545183	-3.676885	0	T:1.0(0.26%),B:3.1(0.01%),P:1e-1	Tpos:80.0,Tstd:0.0,Bpos:653.6,Bstd:444.0,StrandBias:-10.0,Multiplicity:1.00
0.895	0.047	0.035	0.023
0.014	0.095	0.879	0.012
0.942	0.023	0.017	0.018
0.881	0.087	0.020	0.012
0.943	0.028	0.016	0.013
0.018	0.954	0.015	0.013
0.082	0.024	0.877	0.017
0.014	0.959	0.019	0.008
0.073	0.890	0.020	0.017
0.012	0.961	0.017	0.010
0.089	0.019	0.879	0.013
0.026	0.905	0.042	0.027
>AAATGCCGCAGC	7-AAATGCCGCAGC	12.355432	-3.676885	0	T:1.0(0.26%),B:3.1(0.01%),P:1e-1	Tpos:27.0,Tstd:0.0,Bpos:17700.3,Bstd:18564.2,StrandBias:10.0,Multiplicity:1.00
0.700	0.100	0.100	0.100
0.700	0.100	0.100	0.100
0.700	0.100	0.100	0.100
0.100	0.100	0.100	0.700
0.100	0.100	0.700	0.100
0.100	0.700	0.100	0.100
0.100	0.700	0.100	0.100
0.100	0.100	0.700	0.100
0.100	0.700	0.100	0.100
0.700	0.100	0.100	0.100
0.100	0.100	0.700	0.100
0.100	0.700	0.100	0.100
>CGCGGCGCCCTC	8-CGCGGCGCCCTC	11.732474	-3.277777	0	T:1.0(0.26%),B:5.3(0.01%),P:1e-1	Tpos:49.0,Tstd:0.0,Bpos:2905.6,Bstd:6120.6,StrandBias:10.0,Multiplicity:1.00
0.089	0.693	0.143	0.075
0.089	0.175	0.624	0.112
0.077	0.730	0.130	0.063
0.119	0.170	0.600	0.111
0.081	0.151	0.721	0.047
0.119	0.661	0.138	0.082
0.070	0.171	0.661	0.098
0.063	0.691	0.170	0.076
0.068	0.699	0.122	0.111
0.081	0.716	0.118	0.085
0.089	0.190	0.188	0.533
0.069	0.675	0.161	0.095
>CGGCTCTGGGTN	9-CGGCTCTGGGTN	9.491768	-2.903319	0	T:2.0(0.51%),B:57.6(0.09%),P:1e-1	Tpos:81.0,Tstd:2.0,Bpos:6541.9,Bstd:15426.3,StrandBias:0.0,Multiplicity:1.00
0.101	0.417	0.258	0.223
0.045	0.119	0.787	0.049
0.064	0.234	0.596	0.106
0.120	0.544	0.205	0.131
0.077	0.072	0.214	0.637
0.117	0.617	0.144	0.122
0.055	0.230	0.141	0.574
0.086	0.105	0.700	0.109
0.077	0.147	0.634	0.142
0.173	0.083	0.635	0.109
0.125	0.191	0.120	0.564
0.214	0.297	0.283	0.207
>BTTCTGGCGGCN	10-BTTCTGGCGGCN	9.647809	-2.687473	0	T:1.0(0.26%),B:10.1(0.02%),P:1e-1	Tpos:75.0,Tstd:0.0,Bpos:12627.9,Bstd:14997.9,StrandBias:10.0,Multiplicity:1.00
0.167	0.272	0.351	0.209
0.096	0.219	0.162	0.523
0.051	0.194	0.223	0.532
0.053	0.730	0.114	0.103
0.114	0.147	0.113	0.626
0.055	0.128	0.738	0.079
0.091	0.149	0.683	0.077
0.128	0.651	0.148	0.073
0.161	0.142	0.575	0.122
0.095	0.132	0.682	0.091
0.093	0.667	0.170	0.070
0.241	0.296	0.256	0.207
>GCTCGGCCCGCG	11-GCTCGGCCCGCG	13.158698	-2.398599	0	T:3.0(0.77%),B:163.2(0.27%),P:1e-1	Tpos:30.3,Tstd:21.3,Bpos:1815.4,Bstd:6933.5,StrandBias:1.0,Multiplicity:1.00
0.104	0.096	0.799	0.001
0.001	0.820	0.104	0.075
0.097	0.272	0.043	0.588
0.153	0.649	0.197	0.001
0.001	0.001	0.926	0.072
0.001	0.002	0.909	0.088
0.001	0.828	0.095	0.076
0.001	0.891	0.045	0.063
0.001	0.938	0.001	0.060
0.001	0.076	0.860	0.063
0.001	0.953	0.043	0.003
0.001	0.001	0.853	0.145
>CCCACACACACA	12-CCCACACACACA	13.148188	-0.618439	0	T:3.0(0.77%),B:440.2(0.72%),P:1e0	Tpos:59.7,Tstd:24.5,Bpos:13302.0,Bstd:11987.9,StrandBias:10.0,Multiplicity:1.00
0.143	0.855	0.001	0.001
0.081	0.759	0.155	0.005
0.001	0.701	0.001	0.297
0.511	0.093	0.170	0.226
0.279	0.719	0.001	0.001
0.782	0.216	0.001	0.001
0.160	0.838	0.001	0.001
0.997	0.001	0.001	0.001
0.146	0.852	0.001	0.001
0.997	0.001	0.001	0.001
0.004	0.994	0.001	0.001
0.997	0.001	0.001	0.001
>CGGSTSCGGGVA	13-CGGSTSCGGGVA	8.746637	-0.384224	0	T:2.0(0.51%),B:365.4(0.60%),P:1e0	Tpos:43.0,Tstd:36.0,Bpos:3002.7,Bstd:9725.5,StrandBias:0.0,Multiplicity:1.00
0.186	0.674	0.054	0.086
0.116	0.242	0.585	0.057
0.301	0.140	0.473	0.086
0.169	0.307	0.409	0.115
0.224	0.075	0.025	0.676
0.001	0.431	0.486	0.083
0.057	0.674	0.055	0.214
0.001	0.273	0.646	0.080
0.083	0.112	0.635	0.170
0.160	0.143	0.588	0.109
0.300	0.262	0.410	0.029
0.578	0.066	0.299	0.057
>TGCCCGCGSBBB	14-TGCCCGCGSBBB	8.457773	-0.232523	0	T:1.0(0.26%),B:244.0(0.40%),P:1e0	Tpos:12.0,Tstd:0.0,Bpos:3348.1,Bstd:10281.2,StrandBias:10.0,Multiplicity:1.00
0.174	0.245	0.172	0.409
0.070	0.242	0.450	0.238
0.001	0.587	0.035	0.377
0.140	0.443	0.175	0.242
0.001	0.823	0.175	0.001
0.001	0.001	0.828	0.170
0.267	0.731	0.001	0.001
0.001	0.001	0.997	0.001
0.001	0.451	0.478	0.070
0.105	0.279	0.278	0.339
0.140	0.210	0.303	0.346
0.036	0.277	0.311	0.377
>SCGKBCGCSCKN	15-SCGKBCGCSCKN	7.677468	-0.212113	0	T:3.0(0.77%),B:675.8(1.11%),P:1e0	Tpos:55.3,Tstd:26.5,Bpos:1784.1,Bstd:7298.2,StrandBias:1.0,Multiplicity:1.00
0.195	0.387	0.246	0.173
0.022	0.740	0.108	0.130
0.001	0.151	0.632	0.216
0.130	0.139	0.363	0.368
0.001	0.340	0.292	0.367
0.087	0.556	0.238	0.119
0.086	0.184	0.569	0.161
0.130	0.678	0.116	0.076
0.065	0.321	0.453	0.162
0.001	0.766	0.147	0.086
0.108	0.127	0.332	0.433
0.238	0.279	0.226	0.257
>SGSRCKCCGSTA	16-SGSRCKCCGSTA	7.128403	-0.083990	0	T:3.0(0.77%),B:873.0(1.44%),P:1e0	Tpos:38.3,Tstd:28.8,Bpos:3390.7,Bstd:10331.8,StrandBias:-1.0,Multiplicity:1.00
0.001	0.454	0.318	0.227
0.001	0.318	0.680	0.001
0.227	0.409	0.363	0.001
0.408	0.137	0.455	0.001
0.181	0.502	0.001	0.316
0.001	0.181	0.456	0.363
0.001	0.501	0.272	0.226
0.001	0.633	0.365	0.001
0.182	0.320	0.498	0.001
0.001	0.318	0.454	0.226
0.317	0.001	0.182	0.499
0.544	0.227	0.001	0.228
>CGCGYYCGCGCV	17-CGCGYYCGCGCV	8.884716	-0.059288	0	T:2.0(0.51%),B:709.3(1.17%),P:1e0	Tpos:19.5,Tstd:12.5,Bpos:1140.2,Bstd:5281.2,StrandBias:10.0,Multiplicity:1.00
0.074	0.463	0.279	0.184
0.173	0.169	0.550	0.108
0.030	0.661	0.200	0.109
0.094	0.151	0.552	0.203
0.170	0.292	0.137	0.401
0.121	0.399	0.140	0.340
0.016	0.847	0.136	0.001
0.001	0.186	0.812	0.001
0.090	0.756	0.077	0.077
0.074	0.001	0.924	0.001
0.185	0.552	0.262	0.001
0.250	0.230	0.368	0.152
>CACACACACACM	18-CACACACACACM	11.632583	-0.004248	0	T:11.0(2.81%),B:3329.4(5.47%),P:1e0	Tpos:50.7,Tstd:29.4,Bpos:15492.8,Bstd:12201.0,StrandBias:0.1,Multiplicity:1.00
0.042	0.864	0.059	0.035
0.684	0.001	0.248	0.067
0.074	0.874	0.001	0.051
0.997	0.001	0.001	0.001
0.001	0.997	0.001	0.001
0.649	0.001	0.349	0.001
0.001	0.997	0.001	0.001
0.871	0.001	0.001	0.127
0.001	0.997	0.001	0.001
0.996	0.002	0.001	0.001
0.004	0.728	0.165	0.103
0.405	0.366	0.002	0.227
>MGSGGCGGCRGC	19-MGSGGCGGCRGC	8.649681	-0.000372	0	T:3.0(0.77%),B:1908.9(3.14%),P:1e0	Tpos:41.3,Tstd:32.5,Bpos:1647.0,Bstd:6667.0,StrandBias:1.0,Multiplicity:1.00
0.453	0.395	0.151	0.001
0.304	0.151	0.494	0.051
0.051	0.451	0.447	0.051
0.352	0.052	0.595	0.001
0.001	0.151	0.551	0.297
0.001	0.646	0.100	0.253
0.198	0.252	0.500	0.050
0.050	0.146	0.803	0.001
0.302	0.603	0.050	0.045
0.404	0.148	0.347	0.100
0.151	0.100	0.501	0.248
0.001	0.645	0.353	0.001
>CCGAACGS	1-CCGAACGS	6.958050	-0.662703	0	T:2.0(0.51%),B:268.1(0.44%),P:1e0	Tpos:7.5,Tstd:3.5,Bpos:4956.2,Bstd:14242.1,StrandBias:0.0,Multiplicity:1.00
0.058	0.553	0.286	0.103
0.074	0.821	0.088	0.017
0.076	0.168	0.755	0.001
0.564	0.108	0.315	0.013
0.711	0.117	0.154	0.018
0.124	0.539	0.112	0.225
0.240	0.248	0.423	0.090
0.048	0.512	0.369	0.071
>MGCGCCGA	2-MGCGCCGA	10.050682	-0.216049	0	T:3.0(0.77%),B:671.1(1.10%),P:1e0	Tpos:68.7,Tstd:26.9,Bpos:1981.1,Bstd:7189.8,StrandBias:-1.0,Multiplicity:1.00
0.480	0.518	0.001	0.001
0.001	0.001	0.997	0.001
0.001	0.997	0.001	0.001
0.001	0.001	0.997	0.001
0.001	0.817	0.181	0.001
0.001	0.949	0.049	0.001
0.001	0.001	0.997	0.001
0.891	0.107	0.001	0.001
>AACGCGCG	3-AACGCGCG	7.313108	-0.174816	0	T:1.0(0.26%),B:284.7(0.47%),P:1e0	Tpos:12.0,Tstd:0.0,Bpos:3032.6,Bstd:9885.5,StrandBias:10.0,Multiplicity:1.00
0.563	0.135	0.162	0.140
0.567	0.149	0.154	0.130
0.129	0.625	0.138	0.108
0.117	0.187	0.581	0.115
0.093	0.669	0.146	0.092
0.096	0.145	0.646	0.113
0.107	0.688	0.136	0.069
0.104	0.140	0.664	0.092
>KCSGGAMT	4-KCSGGAMT	5.724129	-0.161038	0	T:2.0(0.51%),B:525.9(0.86%),P:1e0	Tpos:43.5,Tstd:32.5,Bpos:12674.8,Bstd:16635.5,StrandBias:0.0,Multiplicity:1.00
0.124	0.193	0.302	0.381
0.121	0.566	0.178	0.135
0.025	0.437	0.452	0.087
0.001	0.239	0.752	0.008
0.262	0.009	0.635	0.094
0.445	0.180	0.227	0.148
0.444	0.376	0.046	0.134
0.250	0.013	0.229	0.508
>GCGCGGAA	5-GCGCGGAA	8.779345	-0.029262	0	T:1.0(0.26%),B:550.7(0.91%),P:1e0	Tpos:27.0,Tstd:0.0,Bpos:2265.0,Bstd:7334.8,StrandBias:10.0,Multiplicity:1.00
0.043	0.136	0.815	0.006
0.032	0.710	0.163	0.095
0.026	0.125	0.805	0.044
0.106	0.686	0.158	0.050
0.103	0.101	0.769	0.027
0.114	0.062	0.823	0.001
0.720	0.069	0.105	0.106
0.681	0.134	0.090	0.095
>TTTCCCGS	6-TTTCCCGS	7.323404	-0.013168	0	T:3.0(0.77%),B:1247.5(2.05%),P:1e0	Tpos:35.3,Tstd:21.7,Bpos:8284.8,Bstd:15007.3,StrandBias:1.0,Multiplicity:1.00
0.027	0.274	0.181	0.518
0.040	0.284	0.100	0.576
0.006	0.346	0.002	0.646
0.056	0.625	0.181	0.138
0.025	0.689	0.236	0.050
0.088	0.709	0.192	0.011
0.028	0.184	0.760	0.028
0.016	0.439	0.517	0.028
>NCCGVCGS	7-NCCGVCGS	4.738548	-0.003166	0	T:1.0(0.26%),B:891.2(1.46%),P:1e0	Tpos:29.0,Tstd:0.0,Bpos:3509.8,Bstd:12030.3,StrandBias:10.0,Multiplicity:1.00
0.217	0.266	0.263	0.255
0.103	0.558	0.228	0.111
0.213	0.573	0.111	0.103
0.107	0.268	0.557	0.068
0.331	0.273	0.296	0.099
0.152	0.660	0.152	0.036
0.180	0.199	0.468	0.152
0.191	0.360	0.279	0.170
>CCCGCTCG	8-CCCGCTCG	8.757137	-0.002369	0	T:2.0(0.51%),B:1278.3(2.10%),P:1e0	Tpos:64.0,Tstd:15.0,Bpos:3427.7,Bstd:10716.2,StrandBias:0.0,Multiplicity:1.00
0.075	0.709	0.099	0.117
0.045	0.811	0.087	0.057
0.056	0.761	0.099	0.084
0.034	0.087	0.787	0.092
0.021	0.815	0.111	0.053
0.151	0.115	0.156	0.578
0.028	0.795	0.113	0.064
0.051	0.071	0.752	0.126
>CNGCGGCG	9-CNGCGGCG	7.155587	-0.002210	0	T:8.0(2.05%),B:2829.6(4.65%),P:1e0	Tpos:41.0,Tstd:33.0,Bpos:1616.9,Bstd:6391.1,StrandBias:-10.0,Multiplicity:1.00
0.001	0.737	0.261	0.001
0.261	0.270	0.262	0.207
0.001	0.152	0.827	0.020
0.011	0.890	0.001	0.098
0.147	0.159	0.422	0.271
0.005	0.067	0.909	0.019
0.148	0.537	0.195	0.120
0.093	0.246	0.648	0.013
>CAGAGCCG	10-CAGAGCCG	8.782416	-0.001039	0	T:5.0(1.28%),B:2268.0(3.73%),P:1e0	Tpos:54.8,Tstd:26.8,Bpos:7659.4,Bstd:15517.6,StrandBias:-0.6,Multiplicity:1.00
0.114	0.745	0.096	0.045
0.738	0.112	0.073	0.077
0.143	0.102	0.731	0.024
0.709	0.103	0.143	0.045
0.096	0.117	0.704	0.083
0.016	0.856	0.068	0.060
0.069	0.736	0.117	0.078
0.057	0.109	0.787	0.047
>YCSGCNCK	11-YCSGCNCK	5.627755	-0.000877	0	T:6.0(1.53%),B:2555.5(4.20%),P:1e0	Tpos:29.8,Tstd:23.2,Bpos:1491.4,Bstd:6088.2,StrandBias:0.0,Multiplicity:1.00
0.054	0.445	0.170	0.332
0.073	0.687	0.162	0.078
0.082	0.485	0.355	0.078
0.119	0.139	0.578	0.164
0.212	0.511	0.218	0.059
0.217	0.235	0.324	0.224
0.175	0.598	0.104	0.123
0.002	0.007	0.500	0.491
>SCGGMGCS	12-SCGGMGCS	7.801344	-0.000817	0	T:8.0(2.05%),B:3055.2(5.02%),P:1e0	Tpos:38.8,Tstd:33.3,Bpos:2387.3,Bstd:8430.2,StrandBias:0.7,Multiplicity:1.00
0.001	0.452	0.338	0.209
0.001	0.978	0.020	0.001
0.108	0.349	0.518	0.025
0.001	0.001	0.997	0.001
0.449	0.549	0.001	0.001
0.001	0.001	0.825	0.173
0.001	0.703	0.295	0.001
0.112	0.513	0.374	0.001
>GSBCCGGG	13-GSBCCGGG	5.433775	-0.000414	0	T:7.0(1.79%),B:2962.0(4.87%),P:1e0	Tpos:52.4,Tstd:26.0,Bpos:4413.7,Bstd:12333.5,StrandBias:0.4,Multiplicity:1.00
0.150	0.147	0.523	0.180
0.176	0.414	0.278	0.132
0.072	0.300	0.255	0.372
0.005	0.705	0.287	0.003
0.037	0.525	0.245	0.193
0.122	0.261	0.499	0.118
0.223	0.241	0.467	0.069
0.163	0.208	0.503	0.126
>BTCCCCGS	14-BTCCCCGS	7.432194	-0.000275	0	T:6.0(1.53%),B:2793.4(4.59%),P:1e0	Tpos:51.8,Tstd:28.8,Bpos:4958.2,Bstd:13217.3,StrandBias:-1.6,Multiplicity:1.00
0.001	0.261	0.390	0.348
0.028	0.391	0.001	0.580
0.011	0.987	0.001	0.001
0.001	0.706	0.238	0.055
0.050	0.558	0.391	0.001
0.001	0.622	0.376	0.001
0.158	0.001	0.840	0.001
0.001	0.561	0.416	0.022
>CGCGGCGC	15-CGCGGCGC	8.755098	-0.000247	0	T:8.0(2.05%),B:3317.0(5.45%),P:1e0	Tpos:48.2,Tstd:32.0,Bpos:1382.7,Bstd:5937.6,StrandBias:-0.3,Multiplicity:1.12
0.199	0.651	0.145	0.005
0.047	0.039	0.772	0.142
0.151	0.687	0.154	0.008
0.150	0.109	0.674	0.067
0.001	0.123	0.875	0.001
0.058	0.786	0.155	0.001
0.128	0.111	0.704	0.057
0.001	0.859	0.133	0.007
>CGCAGMGC	16-CGCAGMGC	5.315481	-0.000178	0	T:10.0(2.56%),B:3866.7(6.36%),P:1e0	Tpos:52.0,Tstd:23.3,Bpos:4897.6,Bstd:13608.8,StrandBias:1.2,Multiplicity:1.11
0.150	0.492	0.228	0.131
0.099	0.193	0.550	0.158
0.184	0.527	0.249	0.040
0.443	0.220	0.224	0.113
0.195	0.153	0.631	0.021
0.398	0.307	0.240	0.055
0.178	0.215	0.565	0.042
0.179	0.449	0.201	0.171
>GCGGCTGC	17-GCGGCTGC	8.273248	-0.000081	0	T:11.0(2.81%),B:4277.9(7.03%),P:1e0	Tpos:39.9,Tstd:26.6,Bpos:4396.9,Bstd:12438.6,StrandBias:-1.4,Multiplicity:1.00
0.001	0.294	0.609	0.096
0.111	0.786	0.102	0.001
0.001	0.220	0.688	0.091
0.013	0.001	0.985	0.001
0.001	0.852	0.146	0.001
0.001	0.001	0.156	0.842
0.001	0.212	0.520	0.267
0.085	0.494	0.192	0.229
>CGAGCGGG	18-CGAGCGGG	7.540881	-0.000064	0	T:12.0(3.07%),B:4563.2(7.50%),P:1e0	Tpos:35.1,Tstd:22.3,Bpos:5257.4,Bstd:13949.2,StrandBias:0.0,Multiplicity:1.00
0.172	0.549	0.278	0.001
0.001	0.082	0.916	0.001
0.532	0.173	0.174	0.121
0.114	0.176	0.498	0.212
0.001	0.997	0.001	0.001
0.001	0.130	0.868	0.001
0.001	0.029	0.969	0.001
0.219	0.249	0.508	0.024
>CCGCSGGV	19-CCGCSGGV	7.308593	-0.000024	0	T:5.0(1.28%),B:2991.6(4.92%),P:1e0	Tpos:42.0,Tstd:6.4,Bpos:2543.8,Bstd:8446.7,StrandBias:-1.0,Multiplicity:1.00
0.178	0.761	0.060	0.001
0.227	0.602	0.170	0.001
0.074	0.001	0.924	0.001
0.147	0.708	0.144	0.001
0.031	0.467	0.413	0.089
0.214	0.204	0.535	0.047
0.076	0.001	0.922	0.001
0.290	0.330	0.318	0.062
>CCGGCGGG	20-CCGGCGGG	8.768507	-0.000017	0	T:4.0(1.02%),B:2758.4(4.53%),P:1e0	Tpos:61.8,Tstd:26.2,Bpos:2659.8,Bstd:9228.7,StrandBias:2.0,Multiplicity:1.25
0.063	0.748	0.089	0.100
0.040	0.775	0.109	0.076
0.081	0.054	0.814	0.051
0.039	0.201	0.669	0.091
0.100	0.740	0.118	0.042
0.054	0.029	0.843	0.074
0.096	0.222	0.658	0.024
0.077	0.098	0.757	0.068
>GCAGCSSG	21-GCAGCSSG	7.099668	-0.000015	0	T:6.0(1.53%),B:3360.5(5.52%),P:1e0	Tpos:58.5,Tstd:8.2,Bpos:5330.4,Bstd:13646.4,StrandBias:1.0,Multiplicity:1.00
0.187	0.159	0.601	0.053
0.082	0.656	0.150	0.112
0.433	0.197	0.152	0.217
0.017	0.071	0.881	0.031
0.015	0.886	0.020	0.079
0.138	0.385	0.448	0.028
0.032	0.357	0.490	0.120
0.084	0.277	0.632	0.007
>CAGAGCGC	22-CAGAGCGC	8.786505	-0.000011	0	T:5.0(1.28%),B:3141.6(5.16%),P:1e0	Tpos:40.2,Tstd:40.3,Bpos:5146.4,Bstd:13730.9,StrandBias:2.0,Multiplicity:1.00
0.001	0.728	0.270	0.001
0.785	0.038	0.176	0.001
0.081	0.001	0.917	0.001
0.696	0.302	0.001	0.001
0.156	0.001	0.842	0.001
0.001	0.997	0.001	0.001
0.001	0.001	0.997	0.001
0.001	0.754	0.244	0.001
>CGCSGCCG	23-CGCSGCCG	7.576037	-0.000003	0	T:17.0(4.35%),B:6413.6(10.54%),P:1e0	Tpos:39.8,Tstd:26.8,Bpos:1486.8,Bstd:6748.7,StrandBias:0.7,Multiplicity:1.07
0.071	0.725	0.203	0.001
0.028	0.167	0.539	0.266
0.042	0.757	0.144	0.057
0.133	0.411	0.388	0.069
0.001	0.052	0.921	0.026
0.001	0.649	0.349	0.001
0.111	0.557	0.043	0.289
0.001	0.162	0.779	0.058
>CGCAGCAG	24-CGCAGCAG	8.722217	-0.000000	0	T:1.0(0.26%),B:2279.7(3.75%),P:1e0	Tpos:88.0,Tstd:0.0,Bpos:6253.9,Bstd:13641.0,StrandBias:10.0,Multiplicity:1.00
0.073	0.716	0.146	0.065
0.130	0.032	0.675	0.163
0.035	0.775	0.176	0.014
0.703	0.149	0.071	0.077
0.036	0.049	0.906	0.009
0.090	0.771	0.116	0.023
0.576	0.154	0.143	0.127
0.026	0.062	0.884	0.028
>CCCACACA	25-CCCACACA	6.955692	-0.000000	0	T:25.0(6.39%),B:10384.6(17.07%),P:1e0	Tpos:49.6,Tstd:27.2,Bpos:12017.6,Bstd:14131.5,StrandBias:-0.8,Multiplicity:1.08
0.038	0.820	0.108	0.034
0.034	0.836	0.037	0.093
0.019	0.900	0.036	0.045
0.590	0.162	0.128	0.120
0.036	0.887	0.038	0.039
0.628	0.078	0.204	0.090
0.063	0.731	0.088	0.118
0.618	0.108	0.100	0.174
