>ARGTGTTCGA	1-ARGTGTTCGA	8.973761	-174.321067	0	T:83.0(12.50%),B:232.5(0.56%),P:1e-75	Tpos:22.8,Tstd:13.4,Bpos:184.5,Bstd:254.9,StrandBias:-0.6,Multiplicity:1.00
0.987	0.001	0.001	0.011
0.432	0.021	0.523	0.024
0.033	0.085	0.831	0.051
0.001	0.001	0.001	0.997
0.001	0.001	0.997	0.001
0.001	0.020	0.001	0.978
0.020	0.001	0.001	0.978
0.001	0.908	0.001	0.090
0.001	0.001	0.997	0.001
0.997	0.001	0.001	0.001
>CGAAATGCCT	2-CGAAATGCCT	9.089282	-71.454348	0	T:36.0(5.42%),B:117.0(0.28%),P:1e-31	Tpos:24.6,Tstd:13.9,Bpos:279.8,Bstd:1297.6,StrandBias:0.7,Multiplicity:1.00
0.001	0.726	0.041	0.232
0.024	0.001	0.974	0.001
0.964	0.001	0.001	0.034
0.997	0.001	0.001	0.001
0.969	0.001	0.001	0.029
0.001	0.034	0.001	0.964
0.001	0.001	0.997	0.001
0.001	0.967	0.001	0.031
0.001	0.900	0.068	0.031
0.028	0.001	0.048	0.923
>CTCAGGCATT	3-CTCAGGCATT	10.292912	-47.477305	0	T:23.0(3.46%),B:69.4(0.17%),P:1e-20	Tpos:21.5,Tstd:14.3,Bpos:186.3,Bstd:212.0,StrandBias:1.7,Multiplicity:1.00
0.001	0.702	0.001	0.296
0.136	0.001	0.001	0.862
0.143	0.855	0.001	0.001
0.997	0.001	0.001	0.001
0.117	0.174	0.708	0.001
0.120	0.001	0.878	0.001
0.001	0.997	0.001	0.001
0.997	0.001	0.001	0.001
0.001	0.001	0.001	0.997
0.143	0.001	0.001	0.855
>KATGCACRCC	4-KATGCACRCC	6.998837	-33.378837	0	T:58.0(8.73%),B:1060.5(2.56%),P:1e-14	Tpos:24.8,Tstd:10.2,Bpos:198.9,Bstd:400.4,StrandBias:-0.2,Multiplicity:1.00
0.202	0.133	0.275	0.390
0.526	0.113	0.266	0.095
0.086	0.080	0.001	0.833
0.001	0.001	0.997	0.001
0.021	0.977	0.001	0.001
0.812	0.058	0.001	0.129
0.020	0.842	0.059	0.079
0.340	0.001	0.476	0.182
0.057	0.602	0.157	0.184
0.332	0.666	0.001	0.001
>GTGTCGAATA	5-GTGTCGAATA	8.240835	-31.198472	0	T:11.0(1.66%),B:13.6(0.03%),P:1e-13	Tpos:28.0,Tstd:9.8,Bpos:332.3,Bstd:325.6,StrandBias:0.3,Multiplicity:1.00
0.001	0.001	0.997	0.001
0.195	0.001	0.001	0.803
0.001	0.001	0.997	0.001
0.001	0.019	0.001	0.979
0.001	0.997	0.001	0.001
0.001	0.001	0.997	0.001
0.997	0.001	0.001	0.001
0.997	0.001	0.001	0.001
0.001	0.001	0.001	0.997
0.997	0.001	0.001	0.001
>ATGGACTTTG	6-ATGGACTTTG	11.217438	-22.676325	0	T:11.0(1.66%),B:36.7(0.09%),P:1e-9	Tpos:28.3,Tstd:12.2,Bpos:209.5,Bstd:254.9,StrandBias:2.2,Multiplicity:1.00
0.894	0.001	0.104	0.001
0.001	0.299	0.001	0.699
0.001	0.001	0.997	0.001
0.001	0.001	0.997	0.001
0.997	0.001	0.001	0.001
0.001	0.997	0.001	0.001
0.001	0.001	0.001	0.997
0.001	0.001	0.001	0.997
0.001	0.001	0.001	0.997
0.001	0.001	0.997	0.001
>ACTTGATGTC	7-ACTTGATGTC	10.316044	-18.309736	0	T:14.0(2.11%),B:110.8(0.27%),P:1e-7	Tpos:25.2,Tstd:15.0,Bpos:265.1,Bstd:324.2,StrandBias:0.0,Multiplicity:1.00
0.893	0.068	0.001	0.038
0.056	0.892	0.001	0.051
0.001	0.094	0.001	0.904
0.001	0.055	0.001	0.943
0.001	0.001	0.913	0.085
0.997	0.001	0.001	0.001
0.001	0.075	0.001	0.923
0.001	0.075	0.923	0.001
0.001	0.001	0.001	0.997
0.001	0.941	0.057	0.001
>TGGTTAGTGT	8-TGGTTAGTGT	9.490547	-17.754319	0	T:10.0(1.51%),B:47.6(0.11%),P:1e-7	Tpos:25.2,Tstd:11.2,Bpos:291.3,Bstd:362.5,StrandBias:0.6,Multiplicity:1.00
0.001	0.101	0.001	0.897
0.001	0.001	0.997	0.001
0.001	0.001	0.997	0.001
0.001	0.001	0.001	0.997
0.001	0.001	0.001	0.997
0.997	0.001	0.001	0.001
0.001	0.001	0.997	0.001
0.128	0.001	0.001	0.870
0.001	0.001	0.997	0.001
0.001	0.001	0.001	0.997
>TCATGGTGTA	9-TCATGGTGTA	11.315826	-17.739944	0	T:9.0(1.36%),B:34.7(0.08%),P:1e-7	Tpos:24.7,Tstd:13.0,Bpos:381.3,Bstd:411.6,StrandBias:-1.0,Multiplicity:1.00
0.001	0.001	0.001	0.997
0.122	0.776	0.001	0.101
0.997	0.001	0.001	0.001
0.001	0.001	0.001	0.997
0.001	0.001	0.997	0.001
0.001	0.001	0.912	0.086
0.001	0.113	0.001	0.885
0.001	0.001	0.997	0.001
0.001	0.001	0.001	0.997
0.997	0.001	0.001	0.001
>TACTCAATCA	10-TACTCAATCA	11.494165	-16.346758	0	T:9.0(1.36%),B:41.5(0.10%),P:1e-7	Tpos:27.2,Tstd:13.5,Bpos:472.3,Bstd:397.2,StrandBias:1.8,Multiplicity:1.00
0.001	0.001	0.001	0.997
0.997	0.001	0.001	0.001
0.001	0.997	0.001	0.001
0.001	0.001	0.001	0.997
0.001	0.886	0.001	0.112
0.997	0.001	0.001	0.001
0.997	0.001	0.001	0.001
0.001	0.001	0.001	0.997
0.001	0.856	0.001	0.142
0.997	0.001	0.001	0.001
>CSCATACCGA	11-CSCATACCGA	9.128687	-15.282060	0	T:11.0(1.66%),B:81.5(0.20%),P:1e-6	Tpos:22.1,Tstd:8.5,Bpos:220.4,Bstd:289.0,StrandBias:-1.4,Multiplicity:1.00
0.016	0.982	0.001	0.001
0.001	0.537	0.461	0.001
0.001	0.860	0.001	0.138
0.575	0.212	0.001	0.212
0.001	0.001	0.212	0.786
0.680	0.001	0.318	0.001
0.001	0.784	0.001	0.214
0.232	0.747	0.020	0.001
0.108	0.002	0.537	0.353
0.997	0.001	0.001	0.001
>CCTGATAGAA	12-CCTGATAGAA	10.583590	-13.932908	0	T:11.0(1.66%),B:94.3(0.23%),P:1e-6	Tpos:26.9,Tstd:14.2,Bpos:215.0,Bstd:342.4,StrandBias:0.3,Multiplicity:1.00
0.001	0.865	0.133	0.001
0.001	0.997	0.001	0.001
0.001	0.001	0.001	0.997
0.123	0.141	0.587	0.149
0.997	0.001	0.001	0.001
0.088	0.001	0.096	0.815
0.858	0.001	0.001	0.140
0.001	0.001	0.997	0.001
0.997	0.001	0.001	0.001
0.997	0.001	0.001	0.001
>GCCAAAGACT	13-GCCAAAGACT	11.305524	-13.750315	0	T:7.0(1.05%),B:28.9(0.07%),P:1e-5	Tpos:22.3,Tstd:9.5,Bpos:289.1,Bstd:320.9,StrandBias:1.3,Multiplicity:1.00
0.001	0.001	0.997	0.001
0.001	0.889	0.109	0.001
0.001	0.997	0.001	0.001
0.834	0.001	0.001	0.164
0.997	0.001	0.001	0.001
0.997	0.001	0.001	0.001
0.001	0.001	0.997	0.001
0.997	0.001	0.001	0.001
0.001	0.902	0.096	0.001
0.001	0.001	0.118	0.880
>TCGAACAGGT	14-TCGAACAGGT	11.468282	-12.981737	0	T:8.0(1.20%),B:47.3(0.11%),P:1e-5	Tpos:23.9,Tstd:11.3,Bpos:154.6,Bstd:113.5,StrandBias:0.0,Multiplicity:1.00
0.001	0.001	0.001	0.997
0.001	0.997	0.001	0.001
0.001	0.001	0.997	0.001
0.997	0.001	0.001	0.001
0.856	0.001	0.142	0.001
0.001	0.890	0.108	0.001
0.997	0.001	0.001	0.001
0.001	0.001	0.737	0.261
0.001	0.001	0.997	0.001
0.001	0.001	0.001	0.997
>CCTTGTTAGA	15-CCTTGTTAGA	13.654380	-12.531733	0	T:5.0(0.75%),B:11.9(0.03%),P:1e-5	Tpos:22.2,Tstd:13.6,Bpos:366.1,Bstd:343.4,StrandBias:0.6,Multiplicity:1.00
0.001	0.997	0.001	0.001
0.001	0.997	0.001	0.001
0.001	0.001	0.001	0.997
0.001	0.001	0.001	0.997
0.001	0.001	0.997	0.001
0.001	0.001	0.001	0.997
0.001	0.001	0.001	0.997
0.997	0.001	0.001	0.001
0.164	0.001	0.834	0.001
0.997	0.001	0.001	0.001
>TACTTAGGCT	16-TACTTAGGCT	10.296193	-11.341295	0	T:4.0(0.60%),B:7.0(0.02%),P:1e-4	Tpos:14.5,Tstd:7.1,Bpos:572.4,Bstd:410.0,StrandBias:1.6,Multiplicity:1.00
0.100	0.100	0.100	0.700
0.700	0.100	0.100	0.100
0.100	0.700	0.100	0.100
0.100	0.100	0.100	0.700
0.100	0.100	0.100	0.700
0.700	0.100	0.100	0.100
0.100	0.100	0.700	0.100
0.100	0.100	0.700	0.100
0.100	0.700	0.100	0.100
0.100	0.100	0.100	0.700
>CAAACACYTG	17-CAAACACYTG	10.907756	-9.518670	0	T:7.0(1.05%),B:58.2(0.14%),P:1e-4	Tpos:27.1,Tstd:14.9,Bpos:196.7,Bstd:232.0,StrandBias:0.4,Multiplicity:1.17
0.001	0.997	0.001	0.001
0.997	0.001	0.001	0.001
0.997	0.001	0.001	0.001
0.997	0.001	0.001	0.001
0.001	0.997	0.001	0.001
0.997	0.001	0.001	0.001
0.104	0.772	0.001	0.123
0.001	0.473	0.114	0.412
0.001	0.001	0.001	0.997
0.001	0.001	0.914	0.084
>TGTGGGCTTT	18-TGTGGGCTTT	10.443480	-8.329653	0	T:10.0(1.51%),B:150.5(0.36%),P:1e-3	Tpos:20.6,Tstd:12.6,Bpos:268.3,Bstd:325.0,StrandBias:0.0,Multiplicity:1.00
0.001	0.001	0.001	0.997
0.094	0.124	0.703	0.079
0.001	0.212	0.001	0.786
0.001	0.001	0.997	0.001
0.001	0.001	0.890	0.108
0.001	0.001	0.997	0.001
0.001	0.915	0.001	0.083
0.001	0.001	0.184	0.814
0.001	0.001	0.001	0.997
0.001	0.001	0.001	0.997
>AACCGAACCG	19-AACCGAACCG	8.470503	-7.473948	0	T:17.0(2.56%),B:414.2(1.00%),P:1e-3	Tpos:26.4,Tstd:11.5,Bpos:180.6,Bstd:246.1,StrandBias:-0.1,Multiplicity:1.24
0.666	0.001	0.248	0.085
0.827	0.075	0.001	0.097
0.001	0.997	0.001	0.001
0.009	0.620	0.001	0.370
0.012	0.101	0.796	0.091
0.638	0.001	0.145	0.216
0.925	0.073	0.001	0.001
0.001	0.997	0.001	0.001
0.001	0.854	0.144	0.001
0.056	0.001	0.942	0.001
>WTCCGGTTTR	20-WTCCGGTTTR	10.568270	-6.731082	0	T:12.0(1.81%),B:255.1(0.61%),P:1e-2	Tpos:23.6,Tstd:10.1,Bpos:186.0,Bstd:232.9,StrandBias:1.2,Multiplicity:1.00
0.459	0.001	0.001	0.539
0.414	0.001	0.012	0.573
0.001	0.643	0.355	0.001
0.001	0.796	0.001	0.202
0.001	0.001	0.997	0.001
0.014	0.001	0.984	0.001
0.001	0.001	0.001	0.997
0.001	0.001	0.001	0.997
0.001	0.001	0.001	0.997
0.437	0.001	0.561	0.001
>TWMCTCTTGC	21-TWMCTCTTGC	8.719181	-6.155939	0	T:12.0(1.81%),B:274.1(0.66%),P:1e-2	Tpos:31.0,Tstd:13.1,Bpos:191.8,Bstd:237.0,StrandBias:0.5,Multiplicity:1.00
0.001	0.001	0.001	0.997
0.541	0.001	0.001	0.457
0.550	0.448	0.001	0.001
0.001	0.956	0.001	0.042
0.001	0.001	0.001	0.997
0.001	0.997	0.001	0.001
0.001	0.001	0.001	0.997
0.001	0.001	0.001	0.997
0.001	0.001	0.997	0.001
0.307	0.691	0.001	0.001
>AGAGAGAGAG	22-AGAGAGAGAG	13.016031	-0.368072	0	T:5.0(0.75%),B:364.0(0.88%),P:1e0	Tpos:22.1,Tstd:6.7,Bpos:165.9,Bstd:205.0,StrandBias:4.2,Multiplicity:1.20
0.882	0.001	0.116	0.001
0.001	0.001	0.997	0.001
0.775	0.001	0.176	0.048
0.001	0.001	0.997	0.001
0.855	0.001	0.123	0.021
0.001	0.001	0.997	0.001
0.857	0.001	0.126	0.016
0.001	0.001	0.983	0.015
0.904	0.001	0.094	0.001
0.019	0.001	0.972	0.008
>ATTTCGTCGAAC	1-ATTTCGTCGAAC	11.975495	-186.657390	0	T:60.0(9.04%),B:41.0(0.10%),P:1e-81	Tpos:21.2,Tstd:12.1,Bpos:166.1,Bstd:184.6,StrandBias:0.3,Multiplicity:1.00
0.861	0.001	0.137	0.001
0.114	0.001	0.001	0.884
0.068	0.001	0.001	0.930
0.138	0.001	0.138	0.723
0.001	0.730	0.001	0.268
0.195	0.001	0.803	0.001
0.001	0.001	0.001	0.997
0.001	0.997	0.001	0.001
0.119	0.001	0.879	0.001
0.997	0.001	0.001	0.001
0.731	0.001	0.267	0.001
0.001	0.997	0.001	0.001
>ACYTKGYGTGCA	2-ACYTKGYGTGCA	8.336788	-108.476292	0	T:77.0(11.60%),B:492.2(1.19%),P:1e-47	Tpos:24.4,Tstd:10.7,Bpos:201.8,Bstd:350.2,StrandBias:0.6,Multiplicity:1.00
0.997	0.001	0.001	0.001
0.001	0.703	0.170	0.126
0.042	0.466	0.126	0.366
0.001	0.001	0.001	0.997
0.001	0.042	0.542	0.415
0.296	0.128	0.498	0.078
0.238	0.339	0.001	0.422
0.321	0.085	0.593	0.001
0.168	0.001	0.285	0.546
0.001	0.001	0.997	0.001
0.001	0.915	0.001	0.083
0.831	0.001	0.167	0.001
>CGAACACTTGGC	3-CGAACACTTGGC	9.921277	-101.014193	0	T:41.0(6.17%),B:72.5(0.17%),P:1e-43	Tpos:29.3,Tstd:14.7,Bpos:152.9,Bstd:197.7,StrandBias:0.0,Multiplicity:1.00
0.001	0.997	0.001	0.001
0.124	0.124	0.751	0.001
0.751	0.001	0.001	0.247
0.997	0.001	0.001	0.001
0.001	0.997	0.001	0.001
0.997	0.001	0.001	0.001
0.124	0.638	0.237	0.001
0.001	0.248	0.231	0.520
0.124	0.012	0.001	0.863
0.001	0.123	0.875	0.001
0.001	0.001	0.997	0.001
0.124	0.627	0.001	0.248
>TTGATGRAATGC	4-TTGATGRAATGC	12.208651	-59.173399	0	T:23.0(3.46%),B:36.0(0.09%),P:1e-25	Tpos:20.4,Tstd:13.7,Bpos:331.2,Bstd:575.1,StrandBias:0.6,Multiplicity:1.00
0.001	0.001	0.001	0.997
0.001	0.336	0.001	0.662
0.001	0.001	0.997	0.001
0.512	0.001	0.168	0.319
0.003	0.001	0.005	0.991
0.337	0.146	0.512	0.005
0.506	0.001	0.488	0.005
0.997	0.001	0.001	0.001
0.997	0.001	0.001	0.001
0.001	0.001	0.001	0.997
0.001	0.001	0.997	0.001
0.145	0.853	0.001	0.001
>TCGAATATGACT	5-TCGAATATGACT	13.655771	-45.095698	0	T:13.0(1.96%),B:5.8(0.01%),P:1e-19	Tpos:29.8,Tstd:10.8,Bpos:587.7,Bstd:330.0,StrandBias:-0.2,Multiplicity:1.00
0.001	0.086	0.001	0.912
0.001	0.997	0.001	0.001
0.075	0.001	0.923	0.001
0.997	0.001	0.001	0.001
0.997	0.001	0.001	0.001
0.001	0.001	0.001	0.997
0.997	0.001	0.001	0.001
0.001	0.001	0.001	0.997
0.086	0.001	0.912	0.001
0.912	0.086	0.001	0.001
0.001	0.912	0.001	0.086
0.001	0.001	0.001	0.997
>GGTTGGTTAGTG	6-GGTTGGTTAGTG	13.813533	-33.640599	0	T:10.0(1.51%),B:5.8(0.01%),P:1e-14	Tpos:26.0,Tstd:11.6,Bpos:605.2,Bstd:338.0,StrandBias:0.6,Multiplicity:1.00
0.126	0.001	0.872	0.001
0.110	0.127	0.636	0.127
0.001	0.001	0.001	0.997
0.001	0.126	0.001	0.872
0.001	0.001	0.997	0.001
0.001	0.001	0.997	0.001
0.001	0.001	0.001	0.997
0.001	0.001	0.001	0.997
0.997	0.001	0.001	0.001
0.126	0.001	0.872	0.001
0.001	0.001	0.001	0.997
0.001	0.001	0.997	0.001
>TCATGGTGTAGC	7-TCATGGTGTAGC	13.942984	-33.433360	0	T:9.0(1.36%),B:2.4(0.01%),P:1e-14	Tpos:24.3,Tstd:12.6,Bpos:493.4,Bstd:155.1,StrandBias:-1.0,Multiplicity:1.00
0.001	0.001	0.001	0.997
0.125	0.749	0.001	0.125
0.997	0.001	0.001	0.001
0.001	0.001	0.001	0.997
0.001	0.001	0.997	0.001
0.001	0.001	0.997	0.001
0.001	0.124	0.001	0.874
0.001	0.001	0.997	0.001
0.001	0.001	0.001	0.997
0.997	0.001	0.001	0.001
0.001	0.125	0.749	0.125
0.001	0.997	0.001	0.001
>TTTCTCTCAGGC	8-TTTCTCTCAGGC	10.586019	-31.470553	0	T:15.0(2.26%),B:45.7(0.11%),P:1e-13	Tpos:23.9,Tstd:12.7,Bpos:157.5,Bstd:195.4,StrandBias:0.6,Multiplicity:1.00
0.002	0.209	0.140	0.649
0.001	0.328	0.001	0.670
0.001	0.070	0.070	0.859
0.070	0.859	0.070	0.001
0.120	0.001	0.001	0.878
0.200	0.451	0.209	0.140
0.256	0.001	0.001	0.742
0.011	0.639	0.349	0.001
0.841	0.157	0.001	0.001
0.061	0.200	0.669	0.070
0.327	0.070	0.602	0.001
0.139	0.790	0.001	0.070
>GTCRTAYGGACT	9-GTCRTAYGGACT	8.625116	-30.271106	0	T:10.0(1.51%),B:9.7(0.02%),P:1e-13	Tpos:25.5,Tstd:11.7,Bpos:495.7,Bstd:560.7,StrandBias:1.2,Multiplicity:1.00
0.001	0.086	0.912	0.001
0.001	0.001	0.001	0.997
0.001	0.984	0.001	0.014
0.542	0.001	0.456	0.001
0.001	0.001	0.001	0.997
0.984	0.001	0.014	0.001
0.001	0.470	0.001	0.528
0.001	0.001	0.997	0.001
0.001	0.001	0.997	0.001
0.997	0.001	0.001	0.001
0.001	0.997	0.001	0.001
0.001	0.001	0.001	0.997
>ATACTCAATCAT	10-ATACTCAATCAT	13.809662	-28.959716	0	T:10.0(1.51%),B:11.6(0.03%),P:1e-12	Tpos:28.2,Tstd:13.2,Bpos:519.4,Bstd:432.6,StrandBias:1.2,Multiplicity:1.00
0.898	0.001	0.100	0.001
0.001	0.001	0.001	0.997
0.882	0.001	0.001	0.116
0.001	0.997	0.001	0.001
0.001	0.001	0.001	0.997
0.001	0.882	0.001	0.116
0.997	0.001	0.001	0.001
0.997	0.001	0.001	0.001
0.001	0.001	0.001	0.997
0.001	0.882	0.001	0.116
0.997	0.001	0.001	0.001
0.116	0.001	0.001	0.882
>ACACATGWCWYC	11-ACACATGWCWYC	9.711889	-24.642582	0	T:10.0(1.51%),B:20.9(0.05%),P:1e-10	Tpos:28.2,Tstd:8.9,Bpos:405.6,Bstd:380.1,StrandBias:0.6,Multiplicity:1.00
0.997	0.001	0.001	0.001
0.001	0.577	0.421	0.001
0.997	0.001	0.001	0.001
0.001	0.997	0.001	0.001
0.997	0.001	0.001	0.001
0.001	0.001	0.001	0.997
0.001	0.012	0.986	0.001
0.513	0.001	0.001	0.485
0.001	0.986	0.012	0.001
0.564	0.001	0.014	0.421
0.001	0.485	0.001	0.513
0.012	0.986	0.001	0.001
>GACACAAAGCCA	12-GACACAAAGCCA	13.983863	-24.577557	0	T:8.0(1.20%),B:8.0(0.02%),P:1e-10	Tpos:29.8,Tstd:13.3,Bpos:419.9,Bstd:512.7,StrandBias:1.6,Multiplicity:1.00
0.001	0.001	0.997	0.001
0.997	0.001	0.001	0.001
0.001	0.866	0.001	0.132
0.997	0.001	0.001	0.001
0.001	0.818	0.001	0.180
0.997	0.001	0.001	0.001
0.997	0.001	0.001	0.001
0.818	0.001	0.180	0.001
0.001	0.001	0.997	0.001
0.001	0.997	0.001	0.001
0.001	0.997	0.001	0.001
0.818	0.001	0.001	0.180
>TCGAACAGCTTA	13-TCGAACAGCTTA	14.352301	-24.341872	0	T:7.0(1.05%),B:3.5(0.01%),P:1e-10	Tpos:26.2,Tstd:16.1,Bpos:234.2,Bstd:322.4,StrandBias:0.0,Multiplicity:1.00
0.001	0.001	0.001	0.997
0.001	0.997	0.001	0.001
0.001	0.001	0.997	0.001
0.788	0.001	0.210	0.001
0.997	0.001	0.001	0.001
0.001	0.997	0.001	0.001
0.997	0.001	0.001	0.001
0.183	0.001	0.633	0.183
0.001	0.997	0.001	0.001
0.001	0.001	0.001	0.997
0.001	0.001	0.001	0.997
0.788	0.210	0.001	0.001
>GCTTTTAAGATC	14-GCTTTTAAGATC	14.337232	-18.859997	0	T:6.0(0.90%),B:5.4(0.01%),P:1e-8	Tpos:14.5,Tstd:9.8,Bpos:283.4,Bstd:201.0,StrandBias:1.0,Multiplicity:1.00
0.001	0.001	0.997	0.001
0.001	0.997	0.001	0.001
0.001	0.214	0.001	0.784
0.001	0.001	0.001	0.997
0.383	0.001	0.001	0.615
0.001	0.001	0.001	0.997
0.997	0.001	0.001	0.001
0.997	0.001	0.001	0.001
0.001	0.001	0.997	0.001
0.997	0.001	0.001	0.001
0.001	0.001	0.001	0.997
0.001	0.784	0.214	0.001
>YCCTTGTYRGAW	15-YCCTTGTYRGAW	10.347830	-16.897888	0	T:7.0(1.05%),B:16.9(0.04%),P:1e-7	Tpos:25.3,Tstd:12.5,Bpos:301.0,Bstd:369.2,StrandBias:0.4,Multiplicity:1.00
0.001	0.456	0.001	0.542
0.001	0.997	0.001	0.001
0.001	0.997	0.001	0.001
0.001	0.001	0.001	0.997
0.001	0.001	0.001	0.997
0.001	0.001	0.997	0.001
0.001	0.001	0.001	0.997
0.001	0.456	0.001	0.542
0.542	0.001	0.456	0.001
0.022	0.001	0.976	0.001
0.997	0.001	0.001	0.001
0.542	0.001	0.001	0.456
>ACATTTCGCATA	16-ACATTTCGCATA	10.490908	-16.697644	0	T:12.0(1.81%),B:87.0(0.21%),P:1e-7	Tpos:32.5,Tstd:12.1,Bpos:353.9,Bstd:371.8,StrandBias:0.5,Multiplicity:1.00
0.747	0.126	0.126	0.001
0.251	0.747	0.001	0.001
0.997	0.001	0.001	0.001
0.001	0.001	0.001	0.997
0.125	0.001	0.001	0.873
0.125	0.001	0.001	0.873
0.109	0.889	0.001	0.001
0.109	0.243	0.647	0.001
0.134	0.739	0.126	0.001
0.873	0.125	0.001	0.001
0.109	0.001	0.126	0.764
0.873	0.125	0.001	0.001
>TAGCGAATAGAA	17-TAGCGAATAGAA	14.640156	-16.612880	0	T:4.0(0.60%),B:0.9(0.00%),P:1e-7	Tpos:32.2,Tstd:6.1,Bpos:339.3,Bstd:189.0,StrandBias:0.0,Multiplicity:1.00
0.001	0.001	0.001	0.997
0.997	0.001	0.001	0.001
0.001	0.001	0.749	0.249
0.001	0.997	0.001	0.001
0.001	0.001	0.997	0.001
0.997	0.001	0.001	0.001
0.997	0.001	0.001	0.001
0.249	0.001	0.001	0.749
0.997	0.001	0.001	0.001
0.001	0.001	0.997	0.001
0.749	0.001	0.249	0.001
0.997	0.001	0.001	0.001
>AMATCWGGTGGG	18-AMATCWGGTGGG	10.336749	-16.485122	0	T:11.0(1.66%),B:71.3(0.17%),P:1e-7	Tpos:21.4,Tstd:8.9,Bpos:230.5,Bstd:279.4,StrandBias:1.0,Multiplicity:1.00
0.997	0.001	0.001	0.001
0.516	0.482	0.001	0.001
0.997	0.001	0.001	0.001
0.001	0.001	0.001	0.997
0.001	0.755	0.243	0.001
0.478	0.001	0.001	0.520
0.238	0.001	0.760	0.001
0.001	0.001	0.760	0.238
0.001	0.039	0.001	0.959
0.001	0.238	0.760	0.001
0.001	0.238	0.517	0.244
0.001	0.277	0.721	0.001
>TGAGAAGCAAGA	19-TGAGAAGCAAGA	15.056019	-16.074587	0	T:6.0(0.90%),B:10.2(0.02%),P:1e-6	Tpos:29.5,Tstd:13.3,Bpos:383.1,Bstd:320.3,StrandBias:1.0,Multiplicity:1.00
0.001	0.001	0.001	0.997
0.001	0.001	0.997	0.001
0.997	0.001	0.001	0.001
0.001	0.001	0.997	0.001
0.997	0.001	0.001	0.001
0.785	0.001	0.001	0.213
0.001	0.001	0.997	0.001
0.001	0.997	0.001	0.001
0.997	0.001	0.001	0.001
0.997	0.001	0.001	0.001
0.001	0.001	0.997	0.001
0.997	0.001	0.001	0.001
>GCGGTTTCGGTT	20-GCGGTTTCGGTT	10.032235	-15.260666	0	T:6.0(0.90%),B:12.0(0.03%),P:1e-6	Tpos:27.0,Tstd:12.0,Bpos:239.5,Bstd:280.2,StrandBias:10.0,Multiplicity:1.00
0.001	0.001	0.997	0.001
0.001	0.997	0.001	0.001
0.001	0.001	0.997	0.001
0.001	0.001	0.997	0.001
0.001	0.001	0.001	0.997
0.001	0.001	0.001	0.997
0.001	0.001	0.001	0.997
0.193	0.805	0.001	0.001
0.149	0.001	0.849	0.001
0.051	0.001	0.947	0.001
0.001	0.001	0.001	0.997
0.001	0.051	0.001	0.947
>GAACRKCTCKCK	21-GAACRKCTCKCK	10.701628	-14.943508	0	T:8.0(1.20%),B:35.6(0.09%),P:1e-6	Tpos:15.5,Tstd:6.8,Bpos:228.8,Bstd:627.0,StrandBias:0.0,Multiplicity:1.00
0.039	0.001	0.959	0.001
0.800	0.001	0.001	0.198
0.997	0.001	0.001	0.001
0.001	0.748	0.001	0.250
0.501	0.001	0.497	0.001
0.001	0.001	0.549	0.449
0.001	0.997	0.001	0.001
0.250	0.001	0.001	0.748
0.001	0.748	0.001	0.250
0.001	0.001	0.545	0.453
0.001	0.997	0.001	0.001
0.001	0.001	0.501	0.497
>TCGGTTCTGTTC	22-TCGGTTCTGTTC	9.408173	-12.569392	0	T:8.0(1.20%),B:50.7(0.12%),P:1e-5	Tpos:26.7,Tstd:12.0,Bpos:229.1,Bstd:241.9,StrandBias:2.0,Multiplicity:1.12
0.001	0.296	0.001	0.702
0.001	0.997	0.001	0.001
0.001	0.296	0.702	0.001
0.001	0.001	0.997	0.001
0.001	0.001	0.008	0.990
0.001	0.001	0.001	0.997
0.001	0.989	0.001	0.009
0.001	0.001	0.406	0.592
0.001	0.001	0.997	0.001
0.001	0.001	0.011	0.987
0.341	0.001	0.001	0.657
0.353	0.636	0.001	0.010
>AGAGAGAGAGAG	23-AGAGAGAGAGAG	14.141428	-1.450301	0	T:5.0(0.75%),B:204.2(0.49%),P:1e0	Tpos:22.7,Tstd:6.5,Bpos:154.6,Bstd:200.8,StrandBias:4.1,Multiplicity:1.60
0.845	0.001	0.153	0.001
0.001	0.001	0.997	0.001
0.868	0.001	0.130	0.001
0.001	0.001	0.997	0.001
0.799	0.001	0.169	0.031
0.018	0.001	0.980	0.001
0.895	0.001	0.103	0.001
0.001	0.001	0.997	0.001
0.901	0.001	0.097	0.001
0.020	0.001	0.958	0.021
0.921	0.001	0.077	0.001
0.017	0.001	0.964	0.018
>GTCGAACA	1-GTCGAACA	8.219933	-120.090242	0	T:85.0(12.80%),B:542.5(1.31%),P:1e-52	Tpos:24.6,Tstd:12.7,Bpos:226.4,Bstd:463.2,StrandBias:0.2,Multiplicity:1.00
0.327	0.001	0.671	0.001
0.001	0.001	0.001	0.997
0.001	0.997	0.001	0.001
0.001	0.001	0.997	0.001
0.997	0.001	0.001	0.001
0.997	0.001	0.001	0.001
0.001	0.912	0.001	0.086
0.997	0.001	0.001	0.001
>CGAACACT	2-CGAACACT	9.292801	-97.130341	0	T:54.0(8.13%),B:216.4(0.52%),P:1e-42	Tpos:25.1,Tstd:17.6,Bpos:353.9,Bstd:1280.2,StrandBias:1.0,Multiplicity:1.00
0.001	0.997	0.001	0.001
0.175	0.001	0.823	0.001
0.997	0.001	0.001	0.001
0.944	0.001	0.054	0.001
0.001	0.997	0.001	0.001
0.997	0.001	0.001	0.001
0.001	0.775	0.223	0.001
0.001	0.030	0.001	0.968
>GAAATGCC	3-GAAATGCC	9.261433	-38.774630	0	T:33.0(4.97%),B:283.5(0.68%),P:1e-16	Tpos:25.3,Tstd:13.1,Bpos:249.0,Bstd:963.5,StrandBias:0.3,Multiplicity:1.00
0.001	0.001	0.997	0.001
0.997	0.001	0.001	0.001
0.997	0.001	0.001	0.001
0.997	0.001	0.001	0.001
0.001	0.001	0.001	0.997
0.001	0.001	0.997	0.001
0.001	0.997	0.001	0.001
0.001	0.834	0.164	0.001
>GCACGYAA	4-GCACGYAA	7.326066	-34.560317	0	T:70.0(10.54%),B:1436.5(3.46%),P:1e-15	Tpos:25.4,Tstd:12.0,Bpos:198.0,Bstd:334.9,StrandBias:-0.2,Multiplicity:1.00
0.001	0.001	0.997	0.001
0.001	0.997	0.001	0.001
0.604	0.394	0.001	0.001
0.001	0.997	0.001	0.001
0.364	0.066	0.569	0.001
0.001	0.477	0.169	0.353
0.616	0.343	0.001	0.040
0.997	0.001	0.001	0.001
>AATGCSTG	5-AATGCSTG	9.574374	-19.482698	0	T:21.0(3.16%),B:253.4(0.61%),P:1e-8	Tpos:22.1,Tstd:15.8,Bpos:140.5,Bstd:379.4,StrandBias:-2.6,Multiplicity:1.00
0.944	0.001	0.054	0.001
0.925	0.001	0.073	0.001
0.001	0.034	0.001	0.964
0.001	0.001	0.969	0.029
0.026	0.896	0.026	0.052
0.016	0.355	0.489	0.140
0.001	0.001	0.082	0.916
0.043	0.001	0.924	0.032
>CTAACCGA	6-CTAACCGA	9.175627	-6.739404	0	T:19.0(2.86%),B:525.5(1.27%),P:1e-2	Tpos:25.4,Tstd:11.4,Bpos:244.5,Bstd:316.1,StrandBias:-0.8,Multiplicity:1.16
0.012	0.886	0.001	0.101
0.001	0.001	0.372	0.626
0.935	0.014	0.027	0.024
0.973	0.001	0.001	0.025
0.001	0.978	0.001	0.020
0.001	0.997	0.001	0.001
0.314	0.018	0.667	0.001
0.954	0.001	0.020	0.025
>CTTATACT	7-CTTATACT	8.692771	-6.655949	0	T:9.0(1.36%),B:156.3(0.38%),P:1e-2	Tpos:21.4,Tstd:15.1,Bpos:299.8,Bstd:296.2,StrandBias:3.0,Multiplicity:1.00
0.001	0.928	0.001	0.070
0.001	0.110	0.288	0.601
0.036	0.035	0.001	0.928
0.997	0.001	0.001	0.001
0.001	0.080	0.271	0.648
0.721	0.001	0.277	0.001
0.213	0.731	0.055	0.001
0.001	0.189	0.294	0.516
>TACACATG	8-TACACATG	10.714657	-4.848007	0	T:9.0(1.36%),B:208.6(0.50%),P:1e-2	Tpos:31.9,Tstd:11.3,Bpos:296.8,Bstd:375.4,StrandBias:1.0,Multiplicity:1.00
0.001	0.001	0.001	0.997
0.997	0.001	0.001	0.001
0.001	0.842	0.156	0.001
0.997	0.001	0.001	0.001
0.001	0.918	0.001	0.080
0.902	0.001	0.096	0.001
0.001	0.001	0.001	0.997
0.001	0.001	0.997	0.001
>CTTGATGT	9-CTTGATGT	10.887749	-3.227772	0	T:10.0(1.51%),B:323.8(0.78%),P:1e-1	Tpos:23.7,Tstd:15.2,Bpos:194.5,Bstd:273.4,StrandBias:0.0,Multiplicity:1.00
0.001	0.997	0.001	0.001
0.001	0.069	0.001	0.929
0.001	0.103	0.001	0.895
0.001	0.001	0.997	0.001
0.997	0.001	0.001	0.001
0.001	0.001	0.001	0.997
0.001	0.001	0.997	0.001
0.001	0.001	0.001	0.997
>CCTAGTHA	10-CCTAGTHA	8.236254	-2.906335	0	T:10.0(1.51%),B:343.1(0.83%),P:1e-1	Tpos:25.8,Tstd:11.7,Bpos:320.6,Bstd:896.1,StrandBias:2.0,Multiplicity:1.00
0.001	0.997	0.001	0.001
0.001	0.997	0.001	0.001
0.001	0.001	0.001	0.997
0.814	0.001	0.001	0.184
0.166	0.001	0.832	0.001
0.001	0.001	0.001	0.997
0.340	0.277	0.001	0.382
0.997	0.001	0.001	0.001
>ATCGTGTA	11-ATCGTGTA	8.703483	-2.695559	0	T:12.0(1.81%),B:454.9(1.10%),P:1e-1	Tpos:22.5,Tstd:12.8,Bpos:253.8,Bstd:313.2,StrandBias:0.0,Multiplicity:1.00
0.884	0.114	0.001	0.001
0.001	0.001	0.001	0.997
0.001	0.738	0.260	0.001
0.001	0.001	0.997	0.001
0.001	0.001	0.342	0.656
0.001	0.001	0.997	0.001
0.001	0.381	0.001	0.617
0.997	0.001	0.001	0.001
>CAAASACC	12-CAAASACC	7.925742	-2.390823	0	T:34.0(5.12%),B:1662.3(4.01%),P:1e-1	Tpos:24.7,Tstd:12.3,Bpos:207.9,Bstd:480.9,StrandBias:0.1,Multiplicity:1.18
0.001	0.907	0.001	0.091
0.874	0.001	0.081	0.044
0.954	0.044	0.001	0.001
0.928	0.070	0.001	0.001
0.001	0.448	0.550	0.001
0.667	0.173	0.001	0.159
0.001	0.928	0.070	0.001
0.001	0.781	0.001	0.217
>CTACGCGT	13-CTACGCGT	8.792999	-0.736986	0	T:1.0(0.15%),B:40.8(0.10%),P:1e0	Tpos:27.0,Tstd:0.0,Bpos:220.3,Bstd:283.3,StrandBias:10.0,Multiplicity:1.00
0.136	0.680	0.046	0.138
0.063	0.122	0.079	0.736
0.728	0.093	0.097	0.082
0.107	0.744	0.056	0.093
0.059	0.085	0.794	0.062
0.020	0.806	0.092	0.082
0.107	0.043	0.782	0.068
0.064	0.097	0.098	0.741
>ACCSGTHW	14-ACCSGTHW	7.947876	-0.717880	0	T:5.0(0.75%),B:287.0(0.69%),P:1e0	Tpos:14.4,Tstd:6.8,Bpos:205.2,Bstd:327.5,StrandBias:2.0,Multiplicity:1.00
0.917	0.001	0.012	0.070
0.001	0.997	0.001	0.001
0.001	0.742	0.256	0.001
0.001	0.493	0.505	0.001
0.077	0.001	0.827	0.095
0.125	0.001	0.001	0.873
0.289	0.318	0.001	0.393
0.455	0.084	0.113	0.348
>GAGAGAGA	15-GAGAGAGA	10.497922	-0.007537	0	T:13.0(1.96%),B:1453.4(3.50%),P:1e0	Tpos:23.1,Tstd:9.2,Bpos:169.2,Bstd:297.0,StrandBias:1.9,Multiplicity:1.23
0.001	0.001	0.997	0.001
0.829	0.001	0.117	0.053
0.001	0.001	0.997	0.001
0.877	0.001	0.093	0.029
0.001	0.001	0.997	0.001
0.946	0.001	0.052	0.001
0.059	0.001	0.939	0.001
0.864	0.001	0.134	0.001
