>ATTTCGTCGAAC	1-ATTTCGTCGAAC	11.975495	-186.657390	0	T:60.0(9.04%),B:41.0(0.10%),P:1e-81	Tpos:21.2,Tstd:12.1,Bpos:166.1,Bstd:184.6,StrandBias:0.3,Multiplicity:1.00
0.861	0.001	0.137	0.001
0.114	0.001	0.001	0.884
0.068	0.001	0.001	0.930
0.138	0.001	0.138	0.723
0.001	0.730	0.001	0.268
0.195	0.001	0.803	0.001
0.001	0.001	0.001	0.997
0.001	0.997	0.001	0.001
0.119	0.001	0.879	0.001
0.997	0.001	0.001	0.001
0.731	0.001	0.267	0.001
0.001	0.997	0.001	0.001
>ACYTKGYGTGCA	2-ACYTKGYGTGCA	8.336788	-108.476292	0	T:77.0(11.60%),B:492.2(1.19%),P:1e-47	Tpos:24.4,Tstd:10.7,Bpos:201.8,Bstd:350.2,StrandBias:0.6,Multiplicity:1.00
0.997	0.001	0.001	0.001
0.001	0.703	0.170	0.126
0.042	0.466	0.126	0.366
0.001	0.001	0.001	0.997
0.001	0.042	0.542	0.415
0.296	0.128	0.498	0.078
0.238	0.339	0.001	0.422
0.321	0.085	0.593	0.001
0.168	0.001	0.285	0.546
0.001	0.001	0.997	0.001
0.001	0.915	0.001	0.083
0.831	0.001	0.167	0.001
>CGAACACTTGGC	3-CGAACACTTGGC	9.921277	-101.014193	0	T:41.0(6.17%),B:72.5(0.17%),P:1e-43	Tpos:29.3,Tstd:14.7,Bpos:152.9,Bstd:197.7,StrandBias:0.0,Multiplicity:1.00
0.001	0.997	0.001	0.001
0.124	0.124	0.751	0.001
0.751	0.001	0.001	0.247
0.997	0.001	0.001	0.001
0.001	0.997	0.001	0.001
0.997	0.001	0.001	0.001
0.124	0.638	0.237	0.001
0.001	0.248	0.231	0.520
0.124	0.012	0.001	0.863
0.001	0.123	0.875	0.001
0.001	0.001	0.997	0.001
0.124	0.627	0.001	0.248
>TTGATGRAATGC	4-TTGATGRAATGC	12.208651	-59.173399	0	T:23.0(3.46%),B:36.0(0.09%),P:1e-25	Tpos:20.4,Tstd:13.7,Bpos:331.2,Bstd:575.1,StrandBias:0.6,Multiplicity:1.00
0.001	0.001	0.001	0.997
0.001	0.336	0.001	0.662
0.001	0.001	0.997	0.001
0.512	0.001	0.168	0.319
0.003	0.001	0.005	0.991
0.337	0.146	0.512	0.005
0.506	0.001	0.488	0.005
0.997	0.001	0.001	0.001
0.997	0.001	0.001	0.001
0.001	0.001	0.001	0.997
0.001	0.001	0.997	0.001
0.145	0.853	0.001	0.001
>TCGAATATGACT	5-TCGAATATGACT	13.655771	-45.095698	0	T:13.0(1.96%),B:5.8(0.01%),P:1e-19	Tpos:29.8,Tstd:10.8,Bpos:587.7,Bstd:330.0,StrandBias:-0.2,Multiplicity:1.00
0.001	0.086	0.001	0.912
0.001	0.997	0.001	0.001
0.075	0.001	0.923	0.001
0.997	0.001	0.001	0.001
0.997	0.001	0.001	0.001
0.001	0.001	0.001	0.997
0.997	0.001	0.001	0.001
0.001	0.001	0.001	0.997
0.086	0.001	0.912	0.001
0.912	0.086	0.001	0.001
0.001	0.912	0.001	0.086
0.001	0.001	0.001	0.997
>GGTTGGTTAGTG	6-GGTTGGTTAGTG	13.813533	-33.640599	0	T:10.0(1.51%),B:5.8(0.01%),P:1e-14	Tpos:26.0,Tstd:11.6,Bpos:605.2,Bstd:338.0,StrandBias:0.6,Multiplicity:1.00
0.126	0.001	0.872	0.001
0.110	0.127	0.636	0.127
0.001	0.001	0.001	0.997
0.001	0.126	0.001	0.872
0.001	0.001	0.997	0.001
0.001	0.001	0.997	0.001
0.001	0.001	0.001	0.997
0.001	0.001	0.001	0.997
0.997	0.001	0.001	0.001
0.126	0.001	0.872	0.001
0.001	0.001	0.001	0.997
0.001	0.001	0.997	0.001
>TCATGGTGTAGC	7-TCATGGTGTAGC	13.942984	-33.433360	0	T:9.0(1.36%),B:2.4(0.01%),P:1e-14	Tpos:24.3,Tstd:12.6,Bpos:493.4,Bstd:155.1,StrandBias:-1.0,Multiplicity:1.00
0.001	0.001	0.001	0.997
0.125	0.749	0.001	0.125
0.997	0.001	0.001	0.001
0.001	0.001	0.001	0.997
0.001	0.001	0.997	0.001
0.001	0.001	0.997	0.001
0.001	0.124	0.001	0.874
0.001	0.001	0.997	0.001
0.001	0.001	0.001	0.997
0.997	0.001	0.001	0.001
0.001	0.125	0.749	0.125
0.001	0.997	0.001	0.001
>TTTCTCTCAGGC	8-TTTCTCTCAGGC	10.586019	-31.470553	0	T:15.0(2.26%),B:45.7(0.11%),P:1e-13	Tpos:23.9,Tstd:12.7,Bpos:157.5,Bstd:195.4,StrandBias:0.6,Multiplicity:1.00
0.002	0.209	0.140	0.649
0.001	0.328	0.001	0.670
0.001	0.070	0.070	0.859
0.070	0.859	0.070	0.001
0.120	0.001	0.001	0.878
0.200	0.451	0.209	0.140
0.256	0.001	0.001	0.742
0.011	0.639	0.349	0.001
0.841	0.157	0.001	0.001
0.061	0.200	0.669	0.070
0.327	0.070	0.602	0.001
0.139	0.790	0.001	0.070
>GTCRTAYGGACT	9-GTCRTAYGGACT	8.625116	-30.271106	0	T:10.0(1.51%),B:9.7(0.02%),P:1e-13	Tpos:25.5,Tstd:11.7,Bpos:495.7,Bstd:560.7,StrandBias:1.2,Multiplicity:1.00
0.001	0.086	0.912	0.001
0.001	0.001	0.001	0.997
0.001	0.984	0.001	0.014
0.542	0.001	0.456	0.001
0.001	0.001	0.001	0.997
0.984	0.001	0.014	0.001
0.001	0.470	0.001	0.528
0.001	0.001	0.997	0.001
0.001	0.001	0.997	0.001
0.997	0.001	0.001	0.001
0.001	0.997	0.001	0.001
0.001	0.001	0.001	0.997
>ATACTCAATCAT	10-ATACTCAATCAT	13.809662	-28.959716	0	T:10.0(1.51%),B:11.6(0.03%),P:1e-12	Tpos:28.2,Tstd:13.2,Bpos:519.4,Bstd:432.6,StrandBias:1.2,Multiplicity:1.00
0.898	0.001	0.100	0.001
0.001	0.001	0.001	0.997
0.882	0.001	0.001	0.116
0.001	0.997	0.001	0.001
0.001	0.001	0.001	0.997
0.001	0.882	0.001	0.116
0.997	0.001	0.001	0.001
0.997	0.001	0.001	0.001
0.001	0.001	0.001	0.997
0.001	0.882	0.001	0.116
0.997	0.001	0.001	0.001
0.116	0.001	0.001	0.882
>ACACATGWCWYC	11-ACACATGWCWYC	9.711889	-24.642582	0	T:10.0(1.51%),B:20.9(0.05%),P:1e-10	Tpos:28.2,Tstd:8.9,Bpos:405.6,Bstd:380.1,StrandBias:0.6,Multiplicity:1.00
0.997	0.001	0.001	0.001
0.001	0.577	0.421	0.001
0.997	0.001	0.001	0.001
0.001	0.997	0.001	0.001
0.997	0.001	0.001	0.001
0.001	0.001	0.001	0.997
0.001	0.012	0.986	0.001
0.513	0.001	0.001	0.485
0.001	0.986	0.012	0.001
0.564	0.001	0.014	0.421
0.001	0.485	0.001	0.513
0.012	0.986	0.001	0.001
>GACACAAAGCCA	12-GACACAAAGCCA	13.983863	-24.577557	0	T:8.0(1.20%),B:8.0(0.02%),P:1e-10	Tpos:29.8,Tstd:13.3,Bpos:419.9,Bstd:512.7,StrandBias:1.6,Multiplicity:1.00
0.001	0.001	0.997	0.001
0.997	0.001	0.001	0.001
0.001	0.866	0.001	0.132
0.997	0.001	0.001	0.001
0.001	0.818	0.001	0.180
0.997	0.001	0.001	0.001
0.997	0.001	0.001	0.001
0.818	0.001	0.180	0.001
0.001	0.001	0.997	0.001
0.001	0.997	0.001	0.001
0.001	0.997	0.001	0.001
0.818	0.001	0.001	0.180
>TCGAACAGCTTA	13-TCGAACAGCTTA	14.352301	-24.341872	0	T:7.0(1.05%),B:3.5(0.01%),P:1e-10	Tpos:26.2,Tstd:16.1,Bpos:234.2,Bstd:322.4,StrandBias:0.0,Multiplicity:1.00
0.001	0.001	0.001	0.997
0.001	0.997	0.001	0.001
0.001	0.001	0.997	0.001
0.788	0.001	0.210	0.001
0.997	0.001	0.001	0.001
0.001	0.997	0.001	0.001
0.997	0.001	0.001	0.001
0.183	0.001	0.633	0.183
0.001	0.997	0.001	0.001
0.001	0.001	0.001	0.997
0.001	0.001	0.001	0.997
0.788	0.210	0.001	0.001
>GCTTTTAAGATC	14-GCTTTTAAGATC	14.337232	-18.859997	0	T:6.0(0.90%),B:5.4(0.01%),P:1e-8	Tpos:14.5,Tstd:9.8,Bpos:283.4,Bstd:201.0,StrandBias:1.0,Multiplicity:1.00
0.001	0.001	0.997	0.001
0.001	0.997	0.001	0.001
0.001	0.214	0.001	0.784
0.001	0.001	0.001	0.997
0.383	0.001	0.001	0.615
0.001	0.001	0.001	0.997
0.997	0.001	0.001	0.001
0.997	0.001	0.001	0.001
0.001	0.001	0.997	0.001
0.997	0.001	0.001	0.001
0.001	0.001	0.001	0.997
0.001	0.784	0.214	0.001
>YCCTTGTYRGAW	15-YCCTTGTYRGAW	10.347830	-16.897888	0	T:7.0(1.05%),B:16.9(0.04%),P:1e-7	Tpos:25.3,Tstd:12.5,Bpos:301.0,Bstd:369.2,StrandBias:0.4,Multiplicity:1.00
0.001	0.456	0.001	0.542
0.001	0.997	0.001	0.001
0.001	0.997	0.001	0.001
0.001	0.001	0.001	0.997
0.001	0.001	0.001	0.997
0.001	0.001	0.997	0.001
0.001	0.001	0.001	0.997
0.001	0.456	0.001	0.542
0.542	0.001	0.456	0.001
0.022	0.001	0.976	0.001
0.997	0.001	0.001	0.001
0.542	0.001	0.001	0.456
>ACATTTCGCATA	16-ACATTTCGCATA	10.490908	-16.697644	0	T:12.0(1.81%),B:87.0(0.21%),P:1e-7	Tpos:32.5,Tstd:12.1,Bpos:353.9,Bstd:371.8,StrandBias:0.5,Multiplicity:1.00
0.747	0.126	0.126	0.001
0.251	0.747	0.001	0.001
0.997	0.001	0.001	0.001
0.001	0.001	0.001	0.997
0.125	0.001	0.001	0.873
0.125	0.001	0.001	0.873
0.109	0.889	0.001	0.001
0.109	0.243	0.647	0.001
0.134	0.739	0.126	0.001
0.873	0.125	0.001	0.001
0.109	0.001	0.126	0.764
0.873	0.125	0.001	0.001
>TAGCGAATAGAA	17-TAGCGAATAGAA	14.640156	-16.612880	0	T:4.0(0.60%),B:0.9(0.00%),P:1e-7	Tpos:32.2,Tstd:6.1,Bpos:339.3,Bstd:189.0,StrandBias:0.0,Multiplicity:1.00
0.001	0.001	0.001	0.997
0.997	0.001	0.001	0.001
0.001	0.001	0.749	0.249
0.001	0.997	0.001	0.001
0.001	0.001	0.997	0.001
0.997	0.001	0.001	0.001
0.997	0.001	0.001	0.001
0.249	0.001	0.001	0.749
0.997	0.001	0.001	0.001
0.001	0.001	0.997	0.001
0.749	0.001	0.249	0.001
0.997	0.001	0.001	0.001
>AMATCWGGTGGG	18-AMATCWGGTGGG	10.336749	-16.485122	0	T:11.0(1.66%),B:71.3(0.17%),P:1e-7	Tpos:21.4,Tstd:8.9,Bpos:230.5,Bstd:279.4,StrandBias:1.0,Multiplicity:1.00
0.997	0.001	0.001	0.001
0.516	0.482	0.001	0.001
0.997	0.001	0.001	0.001
0.001	0.001	0.001	0.997
0.001	0.755	0.243	0.001
0.478	0.001	0.001	0.520
0.238	0.001	0.760	0.001
0.001	0.001	0.760	0.238
0.001	0.039	0.001	0.959
0.001	0.238	0.760	0.001
0.001	0.238	0.517	0.244
0.001	0.277	0.721	0.001
>TGAGAAGCAAGA	19-TGAGAAGCAAGA	15.056019	-16.074587	0	T:6.0(0.90%),B:10.2(0.02%),P:1e-6	Tpos:29.5,Tstd:13.3,Bpos:383.1,Bstd:320.3,StrandBias:1.0,Multiplicity:1.00
0.001	0.001	0.001	0.997
0.001	0.001	0.997	0.001
0.997	0.001	0.001	0.001
0.001	0.001	0.997	0.001
0.997	0.001	0.001	0.001
0.785	0.001	0.001	0.213
0.001	0.001	0.997	0.001
0.001	0.997	0.001	0.001
0.997	0.001	0.001	0.001
0.997	0.001	0.001	0.001
0.001	0.001	0.997	0.001
0.997	0.001	0.001	0.001
>GCGGTTTCGGTT	20-GCGGTTTCGGTT	10.032235	-15.260666	0	T:6.0(0.90%),B:12.0(0.03%),P:1e-6	Tpos:27.0,Tstd:12.0,Bpos:239.5,Bstd:280.2,StrandBias:10.0,Multiplicity:1.00
0.001	0.001	0.997	0.001
0.001	0.997	0.001	0.001
0.001	0.001	0.997	0.001
0.001	0.001	0.997	0.001
0.001	0.001	0.001	0.997
0.001	0.001	0.001	0.997
0.001	0.001	0.001	0.997
0.193	0.805	0.001	0.001
0.149	0.001	0.849	0.001
0.051	0.001	0.947	0.001
0.001	0.001	0.001	0.997
0.001	0.051	0.001	0.947
>GAACRKCTCKCK	21-GAACRKCTCKCK	10.701628	-14.943508	0	T:8.0(1.20%),B:35.6(0.09%),P:1e-6	Tpos:15.5,Tstd:6.8,Bpos:228.8,Bstd:627.0,StrandBias:0.0,Multiplicity:1.00
0.039	0.001	0.959	0.001
0.800	0.001	0.001	0.198
0.997	0.001	0.001	0.001
0.001	0.748	0.001	0.250
0.501	0.001	0.497	0.001
0.001	0.001	0.549	0.449
0.001	0.997	0.001	0.001
0.250	0.001	0.001	0.748
0.001	0.748	0.001	0.250
0.001	0.001	0.545	0.453
0.001	0.997	0.001	0.001
0.001	0.001	0.501	0.497
>TCGGTTCTGTTC	22-TCGGTTCTGTTC	9.408173	-12.569392	0	T:8.0(1.20%),B:50.7(0.12%),P:1e-5	Tpos:26.7,Tstd:12.0,Bpos:229.1,Bstd:241.9,StrandBias:2.0,Multiplicity:1.12
0.001	0.296	0.001	0.702
0.001	0.997	0.001	0.001
0.001	0.296	0.702	0.001
0.001	0.001	0.997	0.001
0.001	0.001	0.008	0.990
0.001	0.001	0.001	0.997
0.001	0.989	0.001	0.009
0.001	0.001	0.406	0.592
0.001	0.001	0.997	0.001
0.001	0.001	0.011	0.987
0.341	0.001	0.001	0.657
0.353	0.636	0.001	0.010
>AGAGAGAGAGAG	23-AGAGAGAGAGAG	14.141428	-1.450301	0	T:5.0(0.75%),B:204.2(0.49%),P:1e0	Tpos:22.7,Tstd:6.5,Bpos:154.6,Bstd:200.8,StrandBias:4.1,Multiplicity:1.60
0.845	0.001	0.153	0.001
0.001	0.001	0.997	0.001
0.868	0.001	0.130	0.001
0.001	0.001	0.997	0.001
0.799	0.001	0.169	0.031
0.018	0.001	0.980	0.001
0.895	0.001	0.103	0.001
0.001	0.001	0.997	0.001
0.901	0.001	0.097	0.001
0.020	0.001	0.958	0.021
0.921	0.001	0.077	0.001
0.017	0.001	0.964	0.018
