>ARGTGTTCGA	1-ARGTGTTCGA	8.973761	-174.321067	0	T:83.0(12.50%),B:232.5(0.56%),P:1e-75	Tpos:22.8,Tstd:13.4,Bpos:184.5,Bstd:254.9,StrandBias:-0.6,Multiplicity:1.00
0.987	0.001	0.001	0.011
0.432	0.021	0.523	0.024
0.033	0.085	0.831	0.051
0.001	0.001	0.001	0.997
0.001	0.001	0.997	0.001
0.001	0.020	0.001	0.978
0.020	0.001	0.001	0.978
0.001	0.908	0.001	0.090
0.001	0.001	0.997	0.001
0.997	0.001	0.001	0.001
>CGAAATGCCT	2-CGAAATGCCT	9.089282	-71.454348	0	T:36.0(5.42%),B:117.0(0.28%),P:1e-31	Tpos:24.6,Tstd:13.9,Bpos:279.8,Bstd:1297.6,StrandBias:0.7,Multiplicity:1.00
0.001	0.726	0.041	0.232
0.024	0.001	0.974	0.001
0.964	0.001	0.001	0.034
0.997	0.001	0.001	0.001
0.969	0.001	0.001	0.029
0.001	0.034	0.001	0.964
0.001	0.001	0.997	0.001
0.001	0.967	0.001	0.031
0.001	0.900	0.068	0.031
0.028	0.001	0.048	0.923
>CTCAGGCATT	3-CTCAGGCATT	10.292912	-47.477305	0	T:23.0(3.46%),B:69.4(0.17%),P:1e-20	Tpos:21.5,Tstd:14.3,Bpos:186.3,Bstd:212.0,StrandBias:1.7,Multiplicity:1.00
0.001	0.702	0.001	0.296
0.136	0.001	0.001	0.862
0.143	0.855	0.001	0.001
0.997	0.001	0.001	0.001
0.117	0.174	0.708	0.001
0.120	0.001	0.878	0.001
0.001	0.997	0.001	0.001
0.997	0.001	0.001	0.001
0.001	0.001	0.001	0.997
0.143	0.001	0.001	0.855
>KATGCACRCC	4-KATGCACRCC	6.998837	-33.378837	0	T:58.0(8.73%),B:1060.5(2.56%),P:1e-14	Tpos:24.8,Tstd:10.2,Bpos:198.9,Bstd:400.4,StrandBias:-0.2,Multiplicity:1.00
0.202	0.133	0.275	0.390
0.526	0.113	0.266	0.095
0.086	0.080	0.001	0.833
0.001	0.001	0.997	0.001
0.021	0.977	0.001	0.001
0.812	0.058	0.001	0.129
0.020	0.842	0.059	0.079
0.340	0.001	0.476	0.182
0.057	0.602	0.157	0.184
0.332	0.666	0.001	0.001
>GTGTCGAATA	5-GTGTCGAATA	8.240835	-31.198472	0	T:11.0(1.66%),B:13.6(0.03%),P:1e-13	Tpos:28.0,Tstd:9.8,Bpos:332.3,Bstd:325.6,StrandBias:0.3,Multiplicity:1.00
0.001	0.001	0.997	0.001
0.195	0.001	0.001	0.803
0.001	0.001	0.997	0.001
0.001	0.019	0.001	0.979
0.001	0.997	0.001	0.001
0.001	0.001	0.997	0.001
0.997	0.001	0.001	0.001
0.997	0.001	0.001	0.001
0.001	0.001	0.001	0.997
0.997	0.001	0.001	0.001
>ATGGACTTTG	6-ATGGACTTTG	11.217438	-22.676325	0	T:11.0(1.66%),B:36.7(0.09%),P:1e-9	Tpos:28.3,Tstd:12.2,Bpos:209.5,Bstd:254.9,StrandBias:2.2,Multiplicity:1.00
0.894	0.001	0.104	0.001
0.001	0.299	0.001	0.699
0.001	0.001	0.997	0.001
0.001	0.001	0.997	0.001
0.997	0.001	0.001	0.001
0.001	0.997	0.001	0.001
0.001	0.001	0.001	0.997
0.001	0.001	0.001	0.997
0.001	0.001	0.001	0.997
0.001	0.001	0.997	0.001
>ACTTGATGTC	7-ACTTGATGTC	10.316044	-18.309736	0	T:14.0(2.11%),B:110.8(0.27%),P:1e-7	Tpos:25.2,Tstd:15.0,Bpos:265.1,Bstd:324.2,StrandBias:0.0,Multiplicity:1.00
0.893	0.068	0.001	0.038
0.056	0.892	0.001	0.051
0.001	0.094	0.001	0.904
0.001	0.055	0.001	0.943
0.001	0.001	0.913	0.085
0.997	0.001	0.001	0.001
0.001	0.075	0.001	0.923
0.001	0.075	0.923	0.001
0.001	0.001	0.001	0.997
0.001	0.941	0.057	0.001
>TGGTTAGTGT	8-TGGTTAGTGT	9.490547	-17.754319	0	T:10.0(1.51%),B:47.6(0.11%),P:1e-7	Tpos:25.2,Tstd:11.2,Bpos:291.3,Bstd:362.5,StrandBias:0.6,Multiplicity:1.00
0.001	0.101	0.001	0.897
0.001	0.001	0.997	0.001
0.001	0.001	0.997	0.001
0.001	0.001	0.001	0.997
0.001	0.001	0.001	0.997
0.997	0.001	0.001	0.001
0.001	0.001	0.997	0.001
0.128	0.001	0.001	0.870
0.001	0.001	0.997	0.001
0.001	0.001	0.001	0.997
>TCATGGTGTA	9-TCATGGTGTA	11.315826	-17.739944	0	T:9.0(1.36%),B:34.7(0.08%),P:1e-7	Tpos:24.7,Tstd:13.0,Bpos:381.3,Bstd:411.6,StrandBias:-1.0,Multiplicity:1.00
0.001	0.001	0.001	0.997
0.122	0.776	0.001	0.101
0.997	0.001	0.001	0.001
0.001	0.001	0.001	0.997
0.001	0.001	0.997	0.001
0.001	0.001	0.912	0.086
0.001	0.113	0.001	0.885
0.001	0.001	0.997	0.001
0.001	0.001	0.001	0.997
0.997	0.001	0.001	0.001
>TACTCAATCA	10-TACTCAATCA	11.494165	-16.346758	0	T:9.0(1.36%),B:41.5(0.10%),P:1e-7	Tpos:27.2,Tstd:13.5,Bpos:472.3,Bstd:397.2,StrandBias:1.8,Multiplicity:1.00
0.001	0.001	0.001	0.997
0.997	0.001	0.001	0.001
0.001	0.997	0.001	0.001
0.001	0.001	0.001	0.997
0.001	0.886	0.001	0.112
0.997	0.001	0.001	0.001
0.997	0.001	0.001	0.001
0.001	0.001	0.001	0.997
0.001	0.856	0.001	0.142
0.997	0.001	0.001	0.001
>CSCATACCGA	11-CSCATACCGA	9.128687	-15.282060	0	T:11.0(1.66%),B:81.5(0.20%),P:1e-6	Tpos:22.1,Tstd:8.5,Bpos:220.4,Bstd:289.0,StrandBias:-1.4,Multiplicity:1.00
0.016	0.982	0.001	0.001
0.001	0.537	0.461	0.001
0.001	0.860	0.001	0.138
0.575	0.212	0.001	0.212
0.001	0.001	0.212	0.786
0.680	0.001	0.318	0.001
0.001	0.784	0.001	0.214
0.232	0.747	0.020	0.001
0.108	0.002	0.537	0.353
0.997	0.001	0.001	0.001
>CCTGATAGAA	12-CCTGATAGAA	10.583590	-13.932908	0	T:11.0(1.66%),B:94.3(0.23%),P:1e-6	Tpos:26.9,Tstd:14.2,Bpos:215.0,Bstd:342.4,StrandBias:0.3,Multiplicity:1.00
0.001	0.865	0.133	0.001
0.001	0.997	0.001	0.001
0.001	0.001	0.001	0.997
0.123	0.141	0.587	0.149
0.997	0.001	0.001	0.001
0.088	0.001	0.096	0.815
0.858	0.001	0.001	0.140
0.001	0.001	0.997	0.001
0.997	0.001	0.001	0.001
0.997	0.001	0.001	0.001
>GCCAAAGACT	13-GCCAAAGACT	11.305524	-13.750315	0	T:7.0(1.05%),B:28.9(0.07%),P:1e-5	Tpos:22.3,Tstd:9.5,Bpos:289.1,Bstd:320.9,StrandBias:1.3,Multiplicity:1.00
0.001	0.001	0.997	0.001
0.001	0.889	0.109	0.001
0.001	0.997	0.001	0.001
0.834	0.001	0.001	0.164
0.997	0.001	0.001	0.001
0.997	0.001	0.001	0.001
0.001	0.001	0.997	0.001
0.997	0.001	0.001	0.001
0.001	0.902	0.096	0.001
0.001	0.001	0.118	0.880
>TCGAACAGGT	14-TCGAACAGGT	11.468282	-12.981737	0	T:8.0(1.20%),B:47.3(0.11%),P:1e-5	Tpos:23.9,Tstd:11.3,Bpos:154.6,Bstd:113.5,StrandBias:0.0,Multiplicity:1.00
0.001	0.001	0.001	0.997
0.001	0.997	0.001	0.001
0.001	0.001	0.997	0.001
0.997	0.001	0.001	0.001
0.856	0.001	0.142	0.001
0.001	0.890	0.108	0.001
0.997	0.001	0.001	0.001
0.001	0.001	0.737	0.261
0.001	0.001	0.997	0.001
0.001	0.001	0.001	0.997
>CCTTGTTAGA	15-CCTTGTTAGA	13.654380	-12.531733	0	T:5.0(0.75%),B:11.9(0.03%),P:1e-5	Tpos:22.2,Tstd:13.6,Bpos:366.1,Bstd:343.4,StrandBias:0.6,Multiplicity:1.00
0.001	0.997	0.001	0.001
0.001	0.997	0.001	0.001
0.001	0.001	0.001	0.997
0.001	0.001	0.001	0.997
0.001	0.001	0.997	0.001
0.001	0.001	0.001	0.997
0.001	0.001	0.001	0.997
0.997	0.001	0.001	0.001
0.164	0.001	0.834	0.001
0.997	0.001	0.001	0.001
>TACTTAGGCT	16-TACTTAGGCT	10.296193	-11.341295	0	T:4.0(0.60%),B:7.0(0.02%),P:1e-4	Tpos:14.5,Tstd:7.1,Bpos:572.4,Bstd:410.0,StrandBias:1.6,Multiplicity:1.00
0.100	0.100	0.100	0.700
0.700	0.100	0.100	0.100
0.100	0.700	0.100	0.100
0.100	0.100	0.100	0.700
0.100	0.100	0.100	0.700
0.700	0.100	0.100	0.100
0.100	0.100	0.700	0.100
0.100	0.100	0.700	0.100
0.100	0.700	0.100	0.100
0.100	0.100	0.100	0.700
>CAAACACYTG	17-CAAACACYTG	10.907756	-9.518670	0	T:7.0(1.05%),B:58.2(0.14%),P:1e-4	Tpos:27.1,Tstd:14.9,Bpos:196.7,Bstd:232.0,StrandBias:0.4,Multiplicity:1.17
0.001	0.997	0.001	0.001
0.997	0.001	0.001	0.001
0.997	0.001	0.001	0.001
0.997	0.001	0.001	0.001
0.001	0.997	0.001	0.001
0.997	0.001	0.001	0.001
0.104	0.772	0.001	0.123
0.001	0.473	0.114	0.412
0.001	0.001	0.001	0.997
0.001	0.001	0.914	0.084
>TGTGGGCTTT	18-TGTGGGCTTT	10.443480	-8.329653	0	T:10.0(1.51%),B:150.5(0.36%),P:1e-3	Tpos:20.6,Tstd:12.6,Bpos:268.3,Bstd:325.0,StrandBias:0.0,Multiplicity:1.00
0.001	0.001	0.001	0.997
0.094	0.124	0.703	0.079
0.001	0.212	0.001	0.786
0.001	0.001	0.997	0.001
0.001	0.001	0.890	0.108
0.001	0.001	0.997	0.001
0.001	0.915	0.001	0.083
0.001	0.001	0.184	0.814
0.001	0.001	0.001	0.997
0.001	0.001	0.001	0.997
>AACCGAACCG	19-AACCGAACCG	8.470503	-7.473948	0	T:17.0(2.56%),B:414.2(1.00%),P:1e-3	Tpos:26.4,Tstd:11.5,Bpos:180.6,Bstd:246.1,StrandBias:-0.1,Multiplicity:1.24
0.666	0.001	0.248	0.085
0.827	0.075	0.001	0.097
0.001	0.997	0.001	0.001
0.009	0.620	0.001	0.370
0.012	0.101	0.796	0.091
0.638	0.001	0.145	0.216
0.925	0.073	0.001	0.001
0.001	0.997	0.001	0.001
0.001	0.854	0.144	0.001
0.056	0.001	0.942	0.001
>WTCCGGTTTR	20-WTCCGGTTTR	10.568270	-6.731082	0	T:12.0(1.81%),B:255.1(0.61%),P:1e-2	Tpos:23.6,Tstd:10.1,Bpos:186.0,Bstd:232.9,StrandBias:1.2,Multiplicity:1.00
0.459	0.001	0.001	0.539
0.414	0.001	0.012	0.573
0.001	0.643	0.355	0.001
0.001	0.796	0.001	0.202
0.001	0.001	0.997	0.001
0.014	0.001	0.984	0.001
0.001	0.001	0.001	0.997
0.001	0.001	0.001	0.997
0.001	0.001	0.001	0.997
0.437	0.001	0.561	0.001
>TWMCTCTTGC	21-TWMCTCTTGC	8.719181	-6.155939	0	T:12.0(1.81%),B:274.1(0.66%),P:1e-2	Tpos:31.0,Tstd:13.1,Bpos:191.8,Bstd:237.0,StrandBias:0.5,Multiplicity:1.00
0.001	0.001	0.001	0.997
0.541	0.001	0.001	0.457
0.550	0.448	0.001	0.001
0.001	0.956	0.001	0.042
0.001	0.001	0.001	0.997
0.001	0.997	0.001	0.001
0.001	0.001	0.001	0.997
0.001	0.001	0.001	0.997
0.001	0.001	0.997	0.001
0.307	0.691	0.001	0.001
>AGAGAGAGAG	22-AGAGAGAGAG	13.016031	-0.368072	0	T:5.0(0.75%),B:364.0(0.88%),P:1e0	Tpos:22.1,Tstd:6.7,Bpos:165.9,Bstd:205.0,StrandBias:4.2,Multiplicity:1.20
0.882	0.001	0.116	0.001
0.001	0.001	0.997	0.001
0.775	0.001	0.176	0.048
0.001	0.001	0.997	0.001
0.855	0.001	0.123	0.021
0.001	0.001	0.997	0.001
0.857	0.001	0.126	0.016
0.001	0.001	0.983	0.015
0.904	0.001	0.094	0.001
0.019	0.001	0.972	0.008
