>GTCGAACA	1-GTCGAACA	8.219933	-120.090242	0	T:85.0(12.80%),B:542.5(1.31%),P:1e-52	Tpos:24.6,Tstd:12.7,Bpos:226.4,Bstd:463.2,StrandBias:0.2,Multiplicity:1.00
0.327	0.001	0.671	0.001
0.001	0.001	0.001	0.997
0.001	0.997	0.001	0.001
0.001	0.001	0.997	0.001
0.997	0.001	0.001	0.001
0.997	0.001	0.001	0.001
0.001	0.912	0.001	0.086
0.997	0.001	0.001	0.001
>CGAACACT	2-CGAACACT	9.292801	-97.130341	0	T:54.0(8.13%),B:216.4(0.52%),P:1e-42	Tpos:25.1,Tstd:17.6,Bpos:353.9,Bstd:1280.2,StrandBias:1.0,Multiplicity:1.00
0.001	0.997	0.001	0.001
0.175	0.001	0.823	0.001
0.997	0.001	0.001	0.001
0.944	0.001	0.054	0.001
0.001	0.997	0.001	0.001
0.997	0.001	0.001	0.001
0.001	0.775	0.223	0.001
0.001	0.030	0.001	0.968
>GAAATGCC	3-GAAATGCC	9.261433	-38.774630	0	T:33.0(4.97%),B:283.5(0.68%),P:1e-16	Tpos:25.3,Tstd:13.1,Bpos:249.0,Bstd:963.5,StrandBias:0.3,Multiplicity:1.00
0.001	0.001	0.997	0.001
0.997	0.001	0.001	0.001
0.997	0.001	0.001	0.001
0.997	0.001	0.001	0.001
0.001	0.001	0.001	0.997
0.001	0.001	0.997	0.001
0.001	0.997	0.001	0.001
0.001	0.834	0.164	0.001
>GCACGYAA	4-GCACGYAA	7.326066	-34.560317	0	T:70.0(10.54%),B:1436.5(3.46%),P:1e-15	Tpos:25.4,Tstd:12.0,Bpos:198.0,Bstd:334.9,StrandBias:-0.2,Multiplicity:1.00
0.001	0.001	0.997	0.001
0.001	0.997	0.001	0.001
0.604	0.394	0.001	0.001
0.001	0.997	0.001	0.001
0.364	0.066	0.569	0.001
0.001	0.477	0.169	0.353
0.616	0.343	0.001	0.040
0.997	0.001	0.001	0.001
>AATGCSTG	5-AATGCSTG	9.574374	-19.482698	0	T:21.0(3.16%),B:253.4(0.61%),P:1e-8	Tpos:22.1,Tstd:15.8,Bpos:140.5,Bstd:379.4,StrandBias:-2.6,Multiplicity:1.00
0.944	0.001	0.054	0.001
0.925	0.001	0.073	0.001
0.001	0.034	0.001	0.964
0.001	0.001	0.969	0.029
0.026	0.896	0.026	0.052
0.016	0.355	0.489	0.140
0.001	0.001	0.082	0.916
0.043	0.001	0.924	0.032
>CTAACCGA	6-CTAACCGA	9.175627	-6.739404	0	T:19.0(2.86%),B:525.5(1.27%),P:1e-2	Tpos:25.4,Tstd:11.4,Bpos:244.5,Bstd:316.1,StrandBias:-0.8,Multiplicity:1.16
0.012	0.886	0.001	0.101
0.001	0.001	0.372	0.626
0.935	0.014	0.027	0.024
0.973	0.001	0.001	0.025
0.001	0.978	0.001	0.020
0.001	0.997	0.001	0.001
0.314	0.018	0.667	0.001
0.954	0.001	0.020	0.025
>CTTATACT	7-CTTATACT	8.692771	-6.655949	0	T:9.0(1.36%),B:156.3(0.38%),P:1e-2	Tpos:21.4,Tstd:15.1,Bpos:299.8,Bstd:296.2,StrandBias:3.0,Multiplicity:1.00
0.001	0.928	0.001	0.070
0.001	0.110	0.288	0.601
0.036	0.035	0.001	0.928
0.997	0.001	0.001	0.001
0.001	0.080	0.271	0.648
0.721	0.001	0.277	0.001
0.213	0.731	0.055	0.001
0.001	0.189	0.294	0.516
>TACACATG	8-TACACATG	10.714657	-4.848007	0	T:9.0(1.36%),B:208.6(0.50%),P:1e-2	Tpos:31.9,Tstd:11.3,Bpos:296.8,Bstd:375.4,StrandBias:1.0,Multiplicity:1.00
0.001	0.001	0.001	0.997
0.997	0.001	0.001	0.001
0.001	0.842	0.156	0.001
0.997	0.001	0.001	0.001
0.001	0.918	0.001	0.080
0.902	0.001	0.096	0.001
0.001	0.001	0.001	0.997
0.001	0.001	0.997	0.001
>CTTGATGT	9-CTTGATGT	10.887749	-3.227772	0	T:10.0(1.51%),B:323.8(0.78%),P:1e-1	Tpos:23.7,Tstd:15.2,Bpos:194.5,Bstd:273.4,StrandBias:0.0,Multiplicity:1.00
0.001	0.997	0.001	0.001
0.001	0.069	0.001	0.929
0.001	0.103	0.001	0.895
0.001	0.001	0.997	0.001
0.997	0.001	0.001	0.001
0.001	0.001	0.001	0.997
0.001	0.001	0.997	0.001
0.001	0.001	0.001	0.997
>CCTAGTHA	10-CCTAGTHA	8.236254	-2.906335	0	T:10.0(1.51%),B:343.1(0.83%),P:1e-1	Tpos:25.8,Tstd:11.7,Bpos:320.6,Bstd:896.1,StrandBias:2.0,Multiplicity:1.00
0.001	0.997	0.001	0.001
0.001	0.997	0.001	0.001
0.001	0.001	0.001	0.997
0.814	0.001	0.001	0.184
0.166	0.001	0.832	0.001
0.001	0.001	0.001	0.997
0.340	0.277	0.001	0.382
0.997	0.001	0.001	0.001
>ATCGTGTA	11-ATCGTGTA	8.703483	-2.695559	0	T:12.0(1.81%),B:454.9(1.10%),P:1e-1	Tpos:22.5,Tstd:12.8,Bpos:253.8,Bstd:313.2,StrandBias:0.0,Multiplicity:1.00
0.884	0.114	0.001	0.001
0.001	0.001	0.001	0.997
0.001	0.738	0.260	0.001
0.001	0.001	0.997	0.001
0.001	0.001	0.342	0.656
0.001	0.001	0.997	0.001
0.001	0.381	0.001	0.617
0.997	0.001	0.001	0.001
>CAAASACC	12-CAAASACC	7.925742	-2.390823	0	T:34.0(5.12%),B:1662.3(4.01%),P:1e-1	Tpos:24.7,Tstd:12.3,Bpos:207.9,Bstd:480.9,StrandBias:0.1,Multiplicity:1.18
0.001	0.907	0.001	0.091
0.874	0.001	0.081	0.044
0.954	0.044	0.001	0.001
0.928	0.070	0.001	0.001
0.001	0.448	0.550	0.001
0.667	0.173	0.001	0.159
0.001	0.928	0.070	0.001
0.001	0.781	0.001	0.217
>CTACGCGT	13-CTACGCGT	8.792999	-0.736986	0	T:1.0(0.15%),B:40.8(0.10%),P:1e0	Tpos:27.0,Tstd:0.0,Bpos:220.3,Bstd:283.3,StrandBias:10.0,Multiplicity:1.00
0.136	0.680	0.046	0.138
0.063	0.122	0.079	0.736
0.728	0.093	0.097	0.082
0.107	0.744	0.056	0.093
0.059	0.085	0.794	0.062
0.020	0.806	0.092	0.082
0.107	0.043	0.782	0.068
0.064	0.097	0.098	0.741
>ACCSGTHW	14-ACCSGTHW	7.947876	-0.717880	0	T:5.0(0.75%),B:287.0(0.69%),P:1e0	Tpos:14.4,Tstd:6.8,Bpos:205.2,Bstd:327.5,StrandBias:2.0,Multiplicity:1.00
0.917	0.001	0.012	0.070
0.001	0.997	0.001	0.001
0.001	0.742	0.256	0.001
0.001	0.493	0.505	0.001
0.077	0.001	0.827	0.095
0.125	0.001	0.001	0.873
0.289	0.318	0.001	0.393
0.455	0.084	0.113	0.348
>GAGAGAGA	15-GAGAGAGA	10.497922	-0.007537	0	T:13.0(1.96%),B:1453.4(3.50%),P:1e0	Tpos:23.1,Tstd:9.2,Bpos:169.2,Bstd:297.0,StrandBias:1.9,Multiplicity:1.23
0.001	0.001	0.997	0.001
0.829	0.001	0.117	0.053
0.001	0.001	0.997	0.001
0.877	0.001	0.093	0.029
0.001	0.001	0.997	0.001
0.946	0.001	0.052	0.001
0.059	0.001	0.939	0.001
0.864	0.001	0.134	0.001
