>RGKGGGGGRR	1-RGKGGGGGRR	3.724208	-7.511799	0	T:284.0(72.63%),B:37901.6(64.73%),P:1e-3	Tpos:99.5,Tstd:56.9,Bpos:12832.5,Bstd:13609.0,StrandBias:0.1,Multiplicity:1.43
0.468	0.001	0.476	0.055
0.001	0.001	0.997	0.001
0.186	0.001	0.439	0.374
0.001	0.001	0.997	0.001
0.291	0.001	0.508	0.200
0.001	0.001	0.997	0.001
0.237	0.001	0.761	0.001
0.329	0.001	0.564	0.106
0.508	0.106	0.385	0.001
0.294	0.053	0.437	0.215
>GGGRRADYCB	2-GGGRRADYCB	5.378494	-6.503952	0	T:283.0(72.38%),B:38171.8(65.19%),P:1e-2	Tpos:100.8,Tstd:57.3,Bpos:12498.8,Bstd:14341.0,StrandBias:-0.4,Multiplicity:1.38
0.001	0.001	0.997	0.001
0.280	0.001	0.718	0.001
0.001	0.001	0.997	0.001
0.550	0.001	0.430	0.019
0.513	0.001	0.485	0.001
0.595	0.001	0.403	0.001
0.360	0.163	0.225	0.253
0.161	0.403	0.161	0.275
0.176	0.435	0.223	0.166
0.121	0.271	0.259	0.349
>CCCCCTBCCC	3-CCCCCTBCCC	4.679079	-3.578794	0	T:298.0(76.21%),B:42024.8(71.77%),P:1e-1	Tpos:90.5,Tstd:53.9,Bpos:12332.0,Bstd:14219.8,StrandBias:0.3,Multiplicity:1.41
0.049	0.586	0.027	0.338
0.050	0.600	0.001	0.349
0.001	0.862	0.025	0.112
0.012	0.840	0.001	0.147
0.076	0.713	0.001	0.210
0.276	0.155	0.038	0.531
0.165	0.363	0.220	0.252
0.063	0.502	0.145	0.290
0.063	0.612	0.098	0.227
0.238	0.602	0.038	0.122
>CHCACACACA	4-CHCACACACA	4.288338	-3.061624	0	T:258.0(65.98%),B:36151.2(61.74%),P:1e-1	Tpos:101.6,Tstd:53.6,Bpos:13566.3,Bstd:12750.3,StrandBias:0.3,Multiplicity:1.38
0.138	0.547	0.110	0.205
0.262	0.297	0.054	0.387
0.099	0.798	0.059	0.044
0.754	0.164	0.001	0.081
0.013	0.853	0.114	0.020
0.512	0.047	0.081	0.360
0.195	0.744	0.060	0.001
0.640	0.153	0.001	0.206
0.086	0.598	0.151	0.165
0.453	0.229	0.123	0.195
>CACTCACACA	5-CACTCACACA	3.523519	-1.338043	0	T:211.0(53.96%),B:30577.1(52.22%),P:1e0	Tpos:98.3,Tstd:54.2,Bpos:13811.4,Bstd:12644.2,StrandBias:-0.2,Multiplicity:1.41
0.080	0.918	0.001	0.001
0.557	0.191	0.090	0.162
0.001	0.878	0.050	0.071
0.034	0.037	0.114	0.815
0.184	0.772	0.043	0.001
0.714	0.097	0.001	0.188
0.001	0.840	0.051	0.108
0.916	0.001	0.061	0.022
0.190	0.808	0.001	0.001
0.837	0.023	0.042	0.098
>VCGCCCTCTS	6-VCGCCCTCTS	4.595649	-0.462551	0	T:193.0(49.36%),B:29318.0(50.07%),P:1e0	Tpos:95.8,Tstd:55.8,Bpos:8656.6,Bstd:15904.7,StrandBias:0.3,Multiplicity:1.68
0.196	0.325	0.307	0.172
0.100	0.550	0.183	0.167
0.112	0.207	0.484	0.197
0.090	0.641	0.188	0.081
0.083	0.604	0.169	0.144
0.115	0.622	0.110	0.153
0.098	0.247	0.210	0.444
0.084	0.605	0.177	0.134
0.118	0.255	0.174	0.452
0.124	0.290	0.369	0.218
>TCCGGGGCCT	7-TCCGGGGCCT	10.986805	-0.401600	0	T:1.0(0.26%),B:166.0(0.28%),P:1e0	Tpos:15.0,Tstd:0.0,Bpos:6695.9,Bstd:12328.7,StrandBias:10.0,Multiplicity:1.00
0.074	0.064	0.086	0.776
0.048	0.712	0.070	0.170
0.038	0.840	0.071	0.051
0.051	0.195	0.693	0.061
0.056	0.181	0.706	0.057
0.055	0.060	0.827	0.058
0.055	0.053	0.842	0.050
0.056	0.711	0.186	0.047
0.164	0.710	0.069	0.057
0.038	0.079	0.177	0.706
>YYCCCCBGGN	8-YYCCCCBGGN	7.509458	-0.307704	0	T:4.0(1.02%),B:747.9(1.28%),P:1e0	Tpos:5.0,Tstd:0.0,Bpos:12223.4,Bstd:15356.3,StrandBias:-10.0,Multiplicity:1.00
0.074	0.457	0.100	0.369
0.001	0.528	0.014	0.457
0.059	0.619	0.001	0.321
0.074	0.690	0.118	0.118
0.147	0.705	0.001	0.147
0.206	0.472	0.074	0.248
0.162	0.236	0.248	0.354
0.014	0.001	0.617	0.368
0.206	0.001	0.792	0.001
0.251	0.203	0.339	0.206
>GGGGGYTTGD	9-GGGGGYTTGD	7.534731	-0.113001	0	T:3.0(0.77%),B:780.5(1.33%),P:1e0	Tpos:97.0,Tstd:0.0,Bpos:13565.6,Bstd:15495.2,StrandBias:10.0,Multiplicity:1.00
0.001	0.001	0.997	0.001
0.243	0.001	0.755	0.001
0.276	0.001	0.722	0.001
0.346	0.001	0.652	0.001
0.336	0.148	0.515	0.001
0.078	0.387	0.034	0.501
0.001	0.300	0.223	0.476
0.182	0.196	0.236	0.386
0.051	0.271	0.455	0.224
0.245	0.112	0.286	0.358
>AGRGAGCHTK	10-AGRGAGCHTK	8.261551	-0.076532	0	T:3.0(0.77%),B:859.2(1.47%),P:1e0	Tpos:99.0,Tstd:3.6,Bpos:13930.8,Bstd:13475.1,StrandBias:-1.0,Multiplicity:1.00
0.930	0.001	0.001	0.068
0.001	0.001	0.997	0.001
0.524	0.001	0.474	0.001
0.001	0.001	0.997	0.001
0.630	0.001	0.368	0.001
0.319	0.025	0.655	0.001
0.284	0.434	0.138	0.144
0.296	0.312	0.156	0.237
0.229	0.161	0.178	0.432
0.204	0.132	0.296	0.368
>CYCYBKTGTG	11-CYCYBKTGTG	7.305599	-0.058224	0	T:1.0(0.26%),B:429.4(0.73%),P:1e0	Tpos:181.0,Tstd:0.0,Bpos:13993.9,Bstd:11719.6,StrandBias:-10.0,Multiplicity:1.00
0.057	0.711	0.099	0.133
0.177	0.371	0.069	0.383
0.059	0.799	0.108	0.034
0.166	0.327	0.046	0.461
0.001	0.386	0.365	0.247
0.103	0.166	0.315	0.416
0.069	0.034	0.371	0.526
0.080	0.240	0.579	0.101
0.234	0.108	0.187	0.472
0.023	0.212	0.633	0.132
>GRRGGAAGGG	12-GRRGGAAGGG	8.071651	-0.021792	0	T:3.0(0.77%),B:1105.5(1.89%),P:1e0	Tpos:88.5,Tstd:30.5,Bpos:13731.9,Bstd:13766.3,StrandBias:0.0,Multiplicity:1.00
0.163	0.168	0.581	0.088
0.376	0.127	0.355	0.142
0.435	0.077	0.339	0.149
0.240	0.042	0.662	0.056
0.218	0.080	0.665	0.037
0.452	0.176	0.261	0.112
0.523	0.069	0.278	0.130
0.195	0.062	0.655	0.088
0.202	0.037	0.622	0.139
0.140	0.046	0.758	0.056
>NGGAGCAGTN	13-NGGAGCAGTN	6.842865	-0.018986	0	T:1.0(0.26%),B:594.0(1.01%),P:1e0	Tpos:30.0,Tstd:0.0,Bpos:12678.5,Bstd:13760.4,StrandBias:10.0,Multiplicity:1.00
0.248	0.238	0.300	0.213
0.134	0.126	0.587	0.153
0.159	0.159	0.572	0.110
0.515	0.180	0.192	0.113
0.150	0.145	0.556	0.149
0.146	0.568	0.158	0.128
0.559	0.150	0.131	0.160
0.128	0.144	0.598	0.130
0.152	0.162	0.176	0.510
0.201	0.236	0.320	0.243
>NCYCCCCCCC	14-NCYCCCCCCC	7.667302	-0.008915	0	T:5.0(1.28%),B:1749.3(2.99%),P:1e0	Tpos:80.0,Tstd:61.0,Bpos:10544.4,Bstd:15155.1,StrandBias:0.0,Multiplicity:1.00
0.236	0.336	0.212	0.217
0.087	0.619	0.001	0.293
0.147	0.381	0.125	0.347
0.001	0.654	0.166	0.179
0.165	0.626	0.001	0.208
0.001	0.784	0.001	0.214
0.001	0.708	0.088	0.203
0.187	0.605	0.207	0.001
0.304	0.694	0.001	0.001
0.296	0.454	0.085	0.164
>DGRGGARRGD	15-DGRGGARRGD	6.111613	-0.001310	0	T:26.0(6.65%),B:6444.3(11.01%),P:1e0	Tpos:91.0,Tstd:0.0,Bpos:13127.6,Bstd:14363.4,StrandBias:-10.0,Multiplicity:1.00
0.338	0.094	0.353	0.216
0.194	0.050	0.634	0.122
0.371	0.043	0.470	0.116
0.199	0.001	0.784	0.016
0.358	0.066	0.554	0.022
0.476	0.072	0.325	0.127
0.376	0.155	0.347	0.122
0.321	0.100	0.402	0.177
0.266	0.089	0.507	0.138
0.310	0.142	0.327	0.221
>GGGGGRGGGG	16-GGGGGRGGGG	7.018093	-0.000227	0	T:34.0(8.70%),B:8457.8(14.44%),P:1e0	Tpos:34.0,Tstd:0.0,Bpos:10598.2,Bstd:16184.0,StrandBias:10.0,Multiplicity:1.00
0.227	0.018	0.594	0.161
0.215	0.092	0.620	0.073
0.167	0.150	0.557	0.126
0.254	0.034	0.538	0.174
0.228	0.024	0.700	0.048
0.382	0.079	0.410	0.129
0.230	0.096	0.601	0.073
0.205	0.053	0.581	0.161
0.203	0.075	0.609	0.113
0.169	0.094	0.521	0.216
>CNCCCYCCCC	17-CNCCCYCCCC	7.767930	-0.000150	0	T:15.0(3.84%),B:4850.4(8.28%),P:1e0	Tpos:183.0,Tstd:0.0,Bpos:6034.5,Bstd:12474.2,StrandBias:-10.0,Multiplicity:1.00
0.041	0.695	0.082	0.182
0.214	0.267	0.316	0.204
0.074	0.678	0.115	0.133
0.182	0.620	0.047	0.151
0.098	0.717	0.084	0.101
0.185	0.427	0.040	0.349
0.091	0.737	0.071	0.101
0.127	0.595	0.044	0.234
0.148	0.660	0.111	0.081
0.091	0.636	0.095	0.178
>GGRGRAGGGG	18-GGRGRAGGGG	8.091959	-0.000110	0	T:4.0(1.02%),B:2332.0(3.98%),P:1e0	Tpos:120.0,Tstd:0.0,Bpos:10634.6,Bstd:15488.2,StrandBias:-10.0,Multiplicity:1.00
0.265	0.001	0.596	0.138
0.010	0.032	0.957	0.001
0.422	0.043	0.313	0.223
0.289	0.001	0.689	0.021
0.350	0.171	0.415	0.064
0.442	0.035	0.240	0.283
0.276	0.011	0.606	0.107
0.280	0.046	0.525	0.149
0.154	0.021	0.645	0.180
0.190	0.037	0.592	0.181
>GGGGGRRNDR	19-GGGGGRRNDR	5.405313	-0.000008	0	T:71.0(18.16%),B:16032.0(27.38%),P:1e0	Tpos:124.0,Tstd:0.0,Bpos:11510.1,Bstd:14907.5,StrandBias:-10.0,Multiplicity:1.00
0.321	0.001	0.537	0.141
0.286	0.001	0.585	0.128
0.294	0.001	0.572	0.133
0.144	0.001	0.854	0.001
0.374	0.019	0.602	0.005
0.350	0.178	0.362	0.110
0.354	0.178	0.286	0.182
0.298	0.174	0.281	0.247
0.296	0.076	0.375	0.252
0.271	0.148	0.385	0.196
>GDGNDGGGRG	20-GDGNDGGGRG	6.318765	-0.000008	0	T:11.0(2.81%),B:4590.6(7.84%),P:1e0	Tpos:118.0,Tstd:0.0,Bpos:10357.9,Bstd:15165.6,StrandBias:10.0,Multiplicity:1.00
0.242	0.183	0.416	0.159
0.279	0.001	0.390	0.330
0.289	0.268	0.441	0.001
0.293	0.220	0.274	0.213
0.381	0.001	0.355	0.263
0.187	0.075	0.623	0.115
0.274	0.009	0.466	0.251
0.001	0.001	0.997	0.001
0.301	0.001	0.447	0.251
0.215	0.001	0.682	0.102
>VDVHDGGGRG	21-VDVHDGGGRG	6.153086	-0.000002	0	T:15.0(3.84%),B:5780.0(9.87%),P:1e0	Tpos:111.8,Tstd:34.4,Bpos:8783.8,Bstd:14582.2,StrandBias:0.0,Multiplicity:1.00
0.258	0.261	0.337	0.144
0.273	0.142	0.305	0.281
0.261	0.285	0.348	0.106
0.267	0.310	0.154	0.269
0.320	0.024	0.350	0.306
0.199	0.023	0.715	0.063
0.231	0.001	0.599	0.169
0.060	0.001	0.938	0.001
0.377	0.001	0.430	0.192
0.204	0.001	0.794	0.001
>CCCTBCYCCC	22-CCCTBCYCCC	6.854679	-0.000000	0	T:34.0(8.70%),B:10228.2(17.47%),P:1e0	Tpos:102.5,Tstd:5.5,Bpos:11086.5,Bstd:14429.5,StrandBias:-10.0,Multiplicity:1.00
0.001	0.702	0.119	0.178
0.136	0.579	0.054	0.231
0.194	0.556	0.001	0.249
0.297	0.059	0.178	0.466
0.136	0.263	0.254	0.347
0.051	0.576	0.042	0.331
0.001	0.568	0.001	0.430
0.042	0.640	0.055	0.263
0.218	0.469	0.056	0.258
0.076	0.643	0.102	0.179
>SWGKGGGVAD	23-SWGKGGGVAD	6.494555	-0.000000	0	T:16.0(4.09%),B:6750.3(11.53%),P:1e0	Tpos:91.0,Tstd:0.0,Bpos:10521.2,Bstd:14737.3,StrandBias:-10.0,Multiplicity:1.00
0.113	0.318	0.423	0.146
0.339	0.033	0.216	0.412
0.028	0.217	0.646	0.109
0.238	0.038	0.397	0.328
0.119	0.028	0.740	0.113
0.185	0.033	0.669	0.113
0.028	0.135	0.734	0.103
0.287	0.245	0.310	0.157
0.581	0.146	0.169	0.104
0.260	0.137	0.363	0.240
>HCMCCCCCMC	24-HCMCCCCCMC	7.169888	-0.000000	0	T:29.0(7.42%),B:9651.1(16.48%),P:1e0	Tpos:96.0,Tstd:0.0,Bpos:11507.2,Bstd:14070.2,StrandBias:-10.0,Multiplicity:1.00
0.310	0.407	0.013	0.270
0.051	0.947	0.001	0.001
0.370	0.394	0.031	0.205
0.052	0.628	0.108	0.212
0.220	0.516	0.001	0.263
0.121	0.479	0.099	0.302
0.053	0.770	0.033	0.144
0.183	0.764	0.052	0.001
0.383	0.404	0.139	0.074
0.249	0.558	0.128	0.065
>CCCCBYCCCC	25-CCCCBYCCCC	7.396192	-0.000000	0	T:26.0(6.65%),B:10876.8(18.58%),P:1e0	Tpos:110.0,Tstd:0.0,Bpos:10092.9,Bstd:16056.3,StrandBias:-10.0,Multiplicity:1.00
0.001	0.622	0.028	0.349
0.277	0.463	0.028	0.232
0.001	0.636	0.001	0.362
0.112	0.491	0.143	0.254
0.155	0.328	0.202	0.315
0.056	0.418	0.075	0.451
0.014	0.683	0.001	0.302
0.207	0.653	0.001	0.139
0.181	0.546	0.076	0.197
0.001	0.997	0.001	0.001
