>CMCTTCCC	1-CMCTTCCC	2.206377	-8.256452	0	T:296.0(75.70%),B:39533.4(67.52%),P:1e-3	Tpos:98.3,Tstd:54.2,Bpos:12791.4,Bstd:13556.4,StrandBias:-0.1,Multiplicity:1.37
0.001	0.745	0.001	0.253
0.411	0.329	0.008	0.252
0.001	0.824	0.174	0.001
0.001	0.094	0.001	0.904
0.001	0.001	0.001	0.997
0.001	0.997	0.001	0.001
0.001	0.997	0.001	0.001
0.001	0.997	0.001	0.001
>CGGGGAAC	2-CGGGGAAC	5.064204	-7.371927	0	T:269.0(68.80%),B:35590.2(60.78%),P:1e-3	Tpos:96.9,Tstd:55.6,Bpos:12196.0,Bstd:14328.2,StrandBias:-0.1,Multiplicity:1.45
0.166	0.544	0.100	0.190
0.117	0.180	0.623	0.080
0.047	0.032	0.920	0.001
0.018	0.001	0.953	0.028
0.246	0.001	0.752	0.001
0.868	0.094	0.011	0.027
0.514	0.054	0.320	0.112
0.124	0.594	0.212	0.070
>CCCTCTGG	3-CCCTCTGG	4.579992	-4.629813	0	T:295.0(75.45%),B:40969.3(69.97%),P:1e-2	Tpos:102.9,Tstd:58.0,Bpos:13022.9,Bstd:13046.9,StrandBias:0.1,Multiplicity:1.34
0.139	0.656	0.106	0.099
0.092	0.718	0.082	0.108
0.017	0.848	0.081	0.054
0.091	0.098	0.032	0.779
0.037	0.734	0.083	0.146
0.080	0.042	0.044	0.834
0.071	0.084	0.781	0.064
0.093	0.187	0.651	0.069
>TCCCYSWC	4-TCCCYSWC	5.408828	-4.115365	0	T:260.0(66.50%),B:35788.3(61.12%),P:1e-1	Tpos:101.7,Tstd:56.4,Bpos:13048.4,Bstd:13513.5,StrandBias:0.1,Multiplicity:1.20
0.001	0.026	0.001	0.972
0.001	0.997	0.001	0.001
0.001	0.997	0.001	0.001
0.001	0.997	0.001	0.001
0.161	0.358	0.055	0.427
0.049	0.459	0.342	0.150
0.436	0.221	0.027	0.315
0.204	0.448	0.238	0.110
>GCGCYGCG	5-GCGCYGCG	8.816146	-0.723806	0	T:13.0(3.32%),B:1875.8(3.20%),P:1e0	Tpos:87.0,Tstd:43.1,Bpos:2657.4,Bstd:8401.0,StrandBias:0.0,Multiplicity:1.08
0.009	0.283	0.707	0.001
0.003	0.826	0.170	0.001
0.001	0.001	0.904	0.094
0.004	0.994	0.001	0.001
0.208	0.240	0.169	0.382
0.001	0.083	0.915	0.001
0.174	0.710	0.115	0.001
0.001	0.092	0.790	0.117
>TTCTCCGC	6-TTCTCCGC	4.960882	-0.706971	0	T:212.0(54.22%),B:31645.0(54.05%),P:1e0	Tpos:101.1,Tstd:57.0,Bpos:10679.9,Bstd:15319.6,StrandBias:-0.2,Multiplicity:1.55
0.042	0.160	0.050	0.748
0.068	0.139	0.160	0.633
0.032	0.779	0.074	0.115
0.067	0.132	0.174	0.627
0.039	0.779	0.119	0.063
0.046	0.798	0.072	0.084
0.028	0.110	0.842	0.020
0.026	0.799	0.090	0.085
>CCTCTGGG	7-CCTCTGGG	3.872322	-0.565402	0	T:244.0(62.40%),B:36704.6(62.69%),P:1e0	Tpos:91.3,Tstd:55.7,Bpos:12050.9,Bstd:13987.4,StrandBias:-0.0,Multiplicity:1.41
0.054	0.750	0.060	0.136
0.001	0.880	0.109	0.010
0.001	0.061	0.001	0.937
0.023	0.873	0.043	0.061
0.109	0.034	0.001	0.856
0.001	0.020	0.978	0.001
0.001	0.108	0.890	0.001
0.001	0.028	0.970	0.001
>YBCGCVGC	8-YBCGCVGC	7.398740	-0.382063	0	T:9.0(2.30%),B:1514.0(2.59%),P:1e0	Tpos:140.2,Tstd:63.9,Bpos:3722.7,Bstd:10757.9,StrandBias:-0.6,Multiplicity:1.00
0.001	0.413	0.247	0.339
0.001	0.341	0.277	0.381
0.001	0.997	0.001	0.001
0.001	0.001	0.997	0.001
0.001	0.626	0.372	0.001
0.296	0.418	0.285	0.001
0.001	0.001	0.997	0.001
0.387	0.611	0.001	0.001
>GCGCTCCC	9-GCGCTCCC	5.315412	-0.378896	0	T:210.0(53.71%),B:32081.9(54.79%),P:1e0	Tpos:100.9,Tstd:55.3,Bpos:9739.2,Bstd:15734.8,StrandBias:0.2,Multiplicity:1.46
0.001	0.101	0.832	0.066
0.053	0.686	0.101	0.160
0.001	0.114	0.717	0.168
0.017	0.700	0.074	0.209
0.001	0.124	0.167	0.708
0.001	0.676	0.125	0.198
0.018	0.743	0.082	0.157
0.001	0.941	0.057	0.001
>SSGCGGCG	10-SSGCGGCG	5.862048	-0.164474	0	T:140.0(35.81%),B:22375.7(38.22%),P:1e0	Tpos:100.0,Tstd:55.0,Bpos:2972.6,Bstd:9315.9,StrandBias:-0.1,Multiplicity:2.58
0.001	0.451	0.547	0.001
0.131	0.369	0.314	0.185
0.001	0.299	0.563	0.137
0.001	0.997	0.001	0.001
0.027	0.360	0.522	0.091
0.001	0.151	0.847	0.001
0.227	0.771	0.001	0.001
0.001	0.062	0.936	0.001
>CTCCCCCG	11-CTCCCCCG	10.182213	-0.134216	0	T:13.0(3.32%),B:2560.0(4.37%),P:1e0	Tpos:168.0,Tstd:31.2,Bpos:7057.3,Bstd:13996.0,StrandBias:1.6,Multiplicity:1.00
0.014	0.960	0.009	0.017
0.001	0.001	0.001	0.997
0.001	0.900	0.024	0.075
0.001	0.992	0.006	0.001
0.014	0.984	0.001	0.001
0.001	0.995	0.001	0.003
0.024	0.745	0.034	0.197
0.189	0.018	0.647	0.146
>GCGGCGCC	12-GCGGCGCC	8.863327	-0.095051	0	T:14.0(3.58%),B:2856.8(4.88%),P:1e0	Tpos:55.0,Tstd:0.0,Bpos:4920.4,Bstd:11007.0,StrandBias:10.0,Multiplicity:1.00
0.019	0.083	0.829	0.069
0.079	0.787	0.056	0.078
0.012	0.180	0.732	0.076
0.001	0.201	0.769	0.029
0.094	0.807	0.088	0.011
0.004	0.034	0.830	0.132
0.146	0.621	0.186	0.047
0.144	0.706	0.106	0.044
>SYYGGGGA	13-SYYGGGGA	8.323462	-0.031824	0	T:21.0(5.37%),B:4483.8(7.66%),P:1e0	Tpos:62.3,Tstd:15.3,Bpos:7172.7,Bstd:14452.8,StrandBias:-1.0,Multiplicity:1.00
0.034	0.494	0.471	0.001
0.001	0.425	0.239	0.334
0.001	0.547	0.001	0.451
0.417	0.001	0.581	0.001
0.001	0.001	0.997	0.001
0.001	0.001	0.997	0.001
0.001	0.001	0.997	0.001
0.997	0.001	0.001	0.001
>SGGGRAMG	14-SGGGRAMG	5.283377	-0.025371	0	T:7.0(1.79%),B:1940.8(3.31%),P:1e0	Tpos:95.2,Tstd:67.6,Bpos:8856.4,Bstd:14455.7,StrandBias:0.6,Multiplicity:1.00
0.085	0.386	0.297	0.232
0.001	0.350	0.567	0.082
0.017	0.370	0.588	0.025
0.001	0.328	0.646	0.025
0.424	0.075	0.300	0.201
0.542	0.019	0.385	0.054
0.332	0.355	0.205	0.109
0.152	0.275	0.474	0.099
>CCCGCGCG	15-CCCGCGCG	8.236954	-0.012518	0	T:7.0(1.79%),B:2110.6(3.60%),P:1e0	Tpos:83.8,Tstd:41.9,Bpos:2008.1,Bstd:6588.0,StrandBias:1.6,Multiplicity:1.00
0.100	0.700	0.100	0.100
0.100	0.700	0.100	0.100
0.100	0.700	0.100	0.100
0.100	0.100	0.700	0.100
0.100	0.700	0.100	0.100
0.100	0.100	0.700	0.100
0.100	0.700	0.100	0.100
0.100	0.100	0.700	0.100
>GCGTCGGG	16-GCGTCGGG	6.663663	-0.007875	0	T:36.0(9.21%),B:7636.8(13.04%),P:1e0	Tpos:90.7,Tstd:45.0,Bpos:5265.8,Bstd:13352.4,StrandBias:-1.0,Multiplicity:1.00
0.038	0.089	0.775	0.098
0.080	0.814	0.054	0.052
0.068	0.089	0.801	0.042
0.056	0.154	0.256	0.534
0.129	0.735	0.055	0.081
0.038	0.088	0.806	0.068
0.056	0.073	0.809	0.062
0.072	0.121	0.731	0.076
>CCTCCYCC	17-CCTCCYCC	9.353151	-0.000644	0	T:53.0(13.55%),B:11505.1(19.65%),P:1e0	Tpos:88.1,Tstd:36.7,Bpos:9622.3,Bstd:15467.8,StrandBias:3.2,Multiplicity:1.00
0.051	0.947	0.001	0.001
0.001	0.947	0.001	0.051
0.001	0.001	0.001	0.997
0.001	0.786	0.212	0.001
0.001	0.678	0.001	0.320
0.001	0.529	0.001	0.469
0.001	0.997	0.001	0.001
0.001	0.790	0.001	0.208
>TCCCCNAS	18-TCCCCNAS	9.066983	-0.000261	0	T:15.0(3.84%),B:4719.8(8.06%),P:1e0	Tpos:102.8,Tstd:42.3,Bpos:12383.4,Bstd:13223.9,StrandBias:-0.6,Multiplicity:1.00
0.001	0.001	0.001	0.997
0.001	0.997	0.001	0.001
0.001	0.997	0.001	0.001
0.001	0.997	0.001	0.001
0.001	0.997	0.001	0.001
0.279	0.162	0.279	0.279
0.859	0.139	0.001	0.001
0.019	0.560	0.420	0.001
>CCCCCTCC	19-CCCCCTCC	8.965124	-0.000226	0	T:22.0(5.63%),B:6172.8(10.54%),P:1e0	Tpos:166.0,Tstd:21.9,Bpos:10401.8,Bstd:14630.0,StrandBias:2.0,Multiplicity:1.00
0.001	0.849	0.037	0.113
0.001	0.793	0.001	0.205
0.187	0.713	0.001	0.099
0.001	0.828	0.001	0.170
0.038	0.572	0.038	0.352
0.001	0.113	0.001	0.885
0.001	0.650	0.020	0.329
0.001	0.913	0.001	0.085
>CCCCCTTC	20-CCCCCTTC	8.750859	-0.000023	0	T:7.0(1.79%),B:3417.6(5.84%),P:1e0	Tpos:127.5,Tstd:64.5,Bpos:12287.8,Bstd:14369.3,StrandBias:10.0,Multiplicity:1.00
0.044	0.775	0.089	0.092
0.051	0.729	0.014	0.206
0.079	0.736	0.048	0.137
0.075	0.692	0.029	0.204
0.045	0.744	0.035	0.176
0.056	0.085	0.010	0.849
0.053	0.247	0.087	0.613
0.015	0.865	0.028	0.092
>CCCTGMTT	21-CCCTGMTT	9.394641	-0.000020	0	T:7.0(1.79%),B:3439.2(5.87%),P:1e0	Tpos:63.0,Tstd:31.6,Bpos:12983.2,Bstd:11936.0,StrandBias:0.0,Multiplicity:1.00
0.001	0.997	0.001	0.001
0.001	0.890	0.001	0.108
0.001	0.997	0.001	0.001
0.001	0.001	0.001	0.997
0.001	0.001	0.997	0.001
0.401	0.489	0.073	0.036
0.218	0.001	0.001	0.780
0.001	0.255	0.197	0.547
>GGGAGGGA	22-GGGAGGGA	10.460958	-0.000007	0	T:19.0(4.86%),B:6410.6(10.95%),P:1e0	Tpos:130.4,Tstd:62.9,Bpos:13605.1,Bstd:14672.9,StrandBias:2.2,Multiplicity:1.38
0.001	0.001	0.997	0.001
0.001	0.001	0.997	0.001
0.001	0.173	0.825	0.001
0.956	0.001	0.042	0.001
0.086	0.001	0.912	0.001
0.001	0.001	0.997	0.001
0.001	0.042	0.956	0.001
0.782	0.001	0.216	0.001
>AGAGSCCC	23-AGAGSCCC	6.373298	-0.000002	0	T:5.0(1.28%),B:3285.2(5.61%),P:1e0	Tpos:167.7,Tstd:19.3,Bpos:11994.9,Bstd:13430.9,StrandBias:-1.0,Multiplicity:1.00
0.614	0.001	0.338	0.047
0.255	0.001	0.743	0.001
0.586	0.025	0.311	0.078
0.177	0.001	0.756	0.066
0.120	0.311	0.431	0.137
0.071	0.563	0.259	0.107
0.165	0.425	0.253	0.158
0.146	0.429	0.183	0.242
>GRSCCCTC	24-GRSCCCTC	8.790547	-0.000002	0	T:2.0(0.51%),B:2389.0(4.08%),P:1e0	Tpos:96.5,Tstd:35.5,Bpos:11027.6,Bstd:14828.2,StrandBias:-10.0,Multiplicity:1.00
0.357	0.001	0.641	0.001
0.541	0.001	0.457	0.001
0.001	0.545	0.453	0.001
0.001	0.997	0.001	0.001
0.001	0.997	0.001	0.001
0.001	0.997	0.001	0.001
0.001	0.001	0.001	0.997
0.001	0.537	0.191	0.271
>GGAAGCCC	25-GGAAGCCC	7.706990	-0.000000	0	T:17.0(4.35%),B:6788.9(11.59%),P:1e0	Tpos:164.3,Tstd:30.1,Bpos:10035.7,Bstd:15709.4,StrandBias:1.0,Multiplicity:1.00
0.076	0.001	0.904	0.019
0.053	0.001	0.945	0.001
0.883	0.001	0.115	0.001
0.579	0.001	0.419	0.001
0.120	0.332	0.513	0.035
0.108	0.732	0.159	0.001
0.211	0.668	0.001	0.120
0.136	0.428	0.217	0.219
