>ATTTGTGGTAGT	1-ATTTGTGGTAGT	14.259459	-18.309651	0	T:8.0(2.05%),B:56.7(0.10%),P:1e-7	Tpos:95.2,Tstd:43.5,Bpos:13948.4,Bstd:11023.0,StrandBias:0.7,Multiplicity:1.00
0.997	0.001	0.001	0.001
0.001	0.212	0.001	0.786
0.001	0.001	0.001	0.997
0.001	0.001	0.001	0.997
0.001	0.001	0.997	0.001
0.001	0.001	0.001	0.997
0.001	0.001	0.997	0.001
0.212	0.001	0.786	0.001
0.001	0.196	0.001	0.802
0.997	0.001	0.001	0.001
0.001	0.001	0.997	0.001
0.001	0.212	0.001	0.786
>CTTATCCWTTGC	2-CTTATCCWTTGC	14.352767	-9.211697	0	T:3.0(0.77%),B:11.6(0.02%),P:1e-4	Tpos:73.7,Tstd:70.4,Bpos:14830.3,Bstd:11543.4,StrandBias:1.0,Multiplicity:1.00
0.253	0.745	0.001	0.001
0.001	0.001	0.001	0.997
0.001	0.001	0.253	0.745
0.756	0.001	0.001	0.242
0.001	0.253	0.001	0.745
0.001	0.997	0.001	0.001
0.001	0.997	0.001	0.001
0.547	0.001	0.001	0.451
0.001	0.001	0.001	0.997
0.242	0.001	0.001	0.756
0.001	0.197	0.801	0.001
0.001	0.997	0.001	0.001
>TTTCTCCTCCCG	3-TTTCTCCTCCCG	11.994651	-8.879599	0	T:15.0(3.84%),B:718.8(1.23%),P:1e-3	Tpos:75.1,Tstd:47.0,Bpos:10901.8,Bstd:13003.6,StrandBias:-0.2,Multiplicity:1.00
0.221	0.123	0.227	0.429
0.001	0.091	0.001	0.907
0.001	0.075	0.001	0.923
0.001	0.997	0.001	0.001
0.001	0.189	0.001	0.809
0.001	0.997	0.001	0.001
0.001	0.997	0.001	0.001
0.001	0.001	0.141	0.857
0.001	0.997	0.001	0.001
0.001	0.997	0.001	0.001
0.001	0.656	0.001	0.342
0.080	0.071	0.738	0.111
>CGAATBGAATCA	4-CGAATBGAATCA	11.758759	-7.149557	0	T:4.0(1.02%),B:58.1(0.10%),P:1e-3	Tpos:69.4,Tstd:56.8,Bpos:14388.0,Bstd:10327.7,StrandBias:10.0,Multiplicity:1.75
0.001	0.988	0.001	0.010
0.001	0.011	0.987	0.001
0.997	0.001	0.001	0.001
0.671	0.001	0.001	0.327
0.327	0.001	0.001	0.671
0.001	0.292	0.380	0.328
0.291	0.001	0.707	0.001
0.997	0.001	0.001	0.001
0.997	0.001	0.001	0.001
0.001	0.001	0.001	0.997
0.001	0.997	0.001	0.001
0.671	0.327	0.001	0.001
>CAGCGCCGACGG	5-CAGCGCCGACGG	9.249898	-5.976245	0	T:6.0(1.53%),B:198.5(0.34%),P:1e-2	Tpos:123.0,Tstd:33.1,Bpos:3019.9,Bstd:8466.6,StrandBias:1.0,Multiplicity:1.00
0.188	0.635	0.105	0.072
0.589	0.136	0.209	0.066
0.081	0.131	0.676	0.112
0.088	0.616	0.145	0.151
0.032	0.063	0.754	0.151
0.089	0.685	0.137	0.089
0.103	0.670	0.146	0.081
0.153	0.040	0.766	0.041
0.684	0.137	0.088	0.091
0.177	0.669	0.081	0.073
0.081	0.089	0.675	0.155
0.137	0.138	0.582	0.143
>SBGGGAAACGCG	6-SBGGGAAACGCG	8.301513	-5.038213	0	T:10.0(2.56%),B:579.8(0.99%),P:1e-2	Tpos:94.8,Tstd:53.7,Bpos:4765.7,Bstd:11694.0,StrandBias:0.8,Multiplicity:1.10
0.065	0.404	0.338	0.193
0.135	0.354	0.274	0.238
0.083	0.003	0.863	0.051
0.212	0.001	0.786	0.001
0.100	0.060	0.839	0.001
0.667	0.120	0.209	0.004
0.543	0.185	0.271	0.001
0.517	0.191	0.225	0.067
0.293	0.501	0.205	0.001
0.171	0.234	0.393	0.201
0.098	0.642	0.166	0.094
0.127	0.263	0.502	0.108
>NGGCGCTGCGCN	7-NGGCGCTGCGCN	9.714718	-4.893479	0	T:3.0(0.77%),B:57.0(0.10%),P:1e-2	Tpos:52.7,Tstd:35.8,Bpos:2376.3,Bstd:9394.0,StrandBias:-1.0,Multiplicity:1.00
0.197	0.301	0.287	0.215
0.096	0.167	0.649	0.088
0.072	0.163	0.672	0.093
0.116	0.678	0.120	0.086
0.095	0.115	0.647	0.143
0.106	0.666	0.136	0.092
0.136	0.180	0.177	0.507
0.097	0.152	0.643	0.108
0.120	0.655	0.125	0.100
0.094	0.138	0.640	0.128
0.113	0.654	0.134	0.099
0.219	0.302	0.260	0.218
>CGCTGCTGCTGT	8-CGCTGCTGCTGT	12.129317	-4.847905	0	T:3.0(0.77%),B:58.7(0.10%),P:1e-2	Tpos:94.7,Tstd:68.7,Bpos:4217.8,Bstd:8551.2,StrandBias:-1.0,Multiplicity:1.00
0.001	0.989	0.008	0.002
0.001	0.001	0.903	0.095
0.096	0.721	0.001	0.182
0.001	0.234	0.278	0.487
0.085	0.001	0.913	0.001
0.001	0.903	0.001	0.095
0.096	0.138	0.289	0.476
0.086	0.001	0.817	0.096
0.001	0.710	0.193	0.096
0.193	0.182	0.096	0.529
0.001	0.096	0.710	0.193
0.086	0.056	0.001	0.857
>GCTCGGCCCGCG	9-GCTCGGCCCGCG	9.448087	-4.730436	0	T:10.0(2.56%),B:607.7(1.04%),P:1e-2	Tpos:122.9,Tstd:42.6,Bpos:2062.9,Bstd:7333.6,StrandBias:0.0,Multiplicity:1.11
0.075	0.155	0.696	0.074
0.102	0.705	0.088	0.105
0.095	0.081	0.192	0.632
0.087	0.720	0.072	0.121
0.081	0.142	0.656	0.121
0.089	0.147	0.654	0.110
0.080	0.672	0.117	0.131
0.109	0.570	0.189	0.132
0.075	0.698	0.162	0.065
0.138	0.102	0.635	0.125
0.140	0.666	0.116	0.078
0.109	0.097	0.698	0.096
>CCAGCCTGCCCT	10-CCAGCCTGCCCT	14.098257	-4.214502	0	T:4.0(1.02%),B:137.1(0.23%),P:1e-1	Tpos:83.5,Tstd:40.6,Bpos:12577.1,Bstd:11611.8,StrandBias:1.6,Multiplicity:1.00
0.001	0.732	0.001	0.266
0.001	0.993	0.003	0.003
0.629	0.001	0.369	0.001
0.001	0.001	0.997	0.001
0.291	0.707	0.001	0.001
0.409	0.589	0.001	0.001
0.001	0.001	0.028	0.970
0.001	0.001	0.997	0.001
0.001	0.997	0.001	0.001
0.372	0.626	0.001	0.001
0.001	0.997	0.001	0.001
0.001	0.001	0.001	0.997
>YSGCGCGGMRMH	11-YSGCGCGGMRMH	8.061046	-3.052207	0	T:5.0(1.28%),B:290.0(0.50%),P:1e-1	Tpos:108.4,Tstd:40.2,Bpos:1807.1,Bstd:5809.7,StrandBias:-2.0,Multiplicity:1.00
0.119	0.410	0.167	0.304
0.046	0.471	0.407	0.076
0.001	0.407	0.577	0.015
0.285	0.547	0.167	0.001
0.001	0.001	0.953	0.045
0.001	0.742	0.182	0.075
0.210	0.304	0.456	0.030
0.258	0.182	0.559	0.001
0.365	0.453	0.152	0.030
0.558	0.001	0.440	0.001
0.456	0.335	0.164	0.046
0.365	0.255	0.152	0.228
>SVGCGTWCCCCG	12-SVGCGTWCCCCG	9.557698	-2.282890	0	T:4.0(1.02%),B:262.3(0.45%),P:1e0	Tpos:61.5,Tstd:73.3,Bpos:2515.3,Bstd:8215.9,StrandBias:-1.6,Multiplicity:1.00
0.029	0.457	0.458	0.056
0.318	0.336	0.273	0.072
0.231	0.057	0.711	0.001
0.370	0.586	0.043	0.001
0.085	0.043	0.676	0.196
0.058	0.115	0.326	0.501
0.331	0.159	0.029	0.481
0.058	0.640	0.188	0.114
0.127	0.629	0.130	0.114
0.071	0.715	0.201	0.013
0.001	0.797	0.201	0.001
0.070	0.071	0.788	0.071
>SSGCGCAYYCCG	13-SSGCGCAYYCCG	9.445951	-2.234990	0	T:1.0(0.26%),B:16.7(0.03%),P:1e0	Tpos:129.0,Tstd:0.0,Bpos:931.2,Bstd:2645.9,StrandBias:-10.0,Multiplicity:1.00
0.097	0.407	0.334	0.162
0.081	0.285	0.406	0.228
0.081	0.276	0.578	0.065
0.016	0.951	0.032	0.001
0.001	0.040	0.958	0.001
0.114	0.447	0.244	0.195
0.471	0.016	0.212	0.301
0.065	0.383	0.179	0.374
0.032	0.423	0.113	0.431
0.001	0.756	0.032	0.211
0.001	0.707	0.211	0.081
0.122	0.260	0.487	0.130
>CGGGAGCCGCGC	14-CGGGAGCCGCGC	11.960562	-2.082227	0	T:1.0(0.26%),B:19.7(0.03%),P:1e0	Tpos:52.0,Tstd:0.0,Bpos:19091.4,Bstd:7795.6,StrandBias:-10.0,Multiplicity:1.00
0.077	0.757	0.114	0.052
0.098	0.319	0.552	0.031
0.036	0.292	0.630	0.042
0.048	0.126	0.797	0.029
0.622	0.192	0.122	0.064
0.064	0.297	0.561	0.078
0.026	0.705	0.082	0.187
0.102	0.723	0.096	0.079
0.063	0.168	0.715	0.054
0.063	0.738	0.120	0.079
0.030	0.089	0.634	0.247
0.067	0.747	0.140	0.046
>CGCGSCTYCCSC	15-CGCGSCTYCCSC	7.723484	-1.890648	0	T:6.0(1.53%),B:533.6(0.91%),P:1e0	Tpos:75.5,Tstd:40.8,Bpos:4599.9,Bstd:12159.7,StrandBias:0.0,Multiplicity:1.00
0.051	0.481	0.169	0.299
0.042	0.123	0.563	0.272
0.001	0.584	0.390	0.025
0.230	0.179	0.510	0.081
0.051	0.328	0.408	0.213
0.288	0.448	0.068	0.195
0.102	0.192	0.111	0.595
0.026	0.451	0.026	0.498
0.077	0.536	0.068	0.319
0.118	0.600	0.205	0.077
0.001	0.437	0.391	0.171
0.050	0.485	0.222	0.243
>SCGSSGVGCTCT	16-SCGSSGVGCTCT	9.234009	-1.715212	0	T:2.0(0.51%),B:114.5(0.20%),P:1e0	Tpos:63.0,Tstd:18.0,Bpos:3474.2,Bstd:9171.9,StrandBias:0.0,Multiplicity:1.00
0.001	0.340	0.489	0.170
0.218	0.630	0.151	0.001
0.140	0.126	0.733	0.001
0.229	0.302	0.396	0.073
0.001	0.388	0.411	0.200
0.126	0.001	0.872	0.001
0.330	0.406	0.262	0.001
0.001	0.380	0.618	0.001
0.001	0.734	0.001	0.264
0.072	0.345	0.001	0.582
0.001	0.475	0.263	0.262
0.033	0.335	0.001	0.631
>SAATGGAMTCAA	17-SAATGGAMTCAA	15.236213	-1.570901	0	T:1.0(0.26%),B:34.6(0.06%),P:1e0	Tpos:169.0,Tstd:0.0,Bpos:18874.5,Bstd:12911.4,StrandBias:10.0,Multiplicity:1.00
0.001	0.426	0.572	0.001
0.997	0.001	0.001	0.001
0.997	0.001	0.001	0.001
0.001	0.001	0.001	0.997
0.001	0.001	0.997	0.001
0.001	0.001	0.997	0.001
0.997	0.001	0.001	0.001
0.512	0.486	0.001	0.001
0.001	0.001	0.001	0.997
0.001	0.997	0.001	0.001
0.997	0.001	0.001	0.001
0.912	0.001	0.001	0.086
>CGCKTTHCCCGC	18-CGCKTTHCCCGC	8.363183	-1.422149	0	T:6.0(1.53%),B:623.5(1.06%),P:1e0	Tpos:71.8,Tstd:45.9,Bpos:4734.7,Bstd:13419.7,StrandBias:1.6,Multiplicity:1.00
0.192	0.502	0.305	0.001
0.001	0.152	0.846	0.001
0.307	0.500	0.001	0.192
0.114	0.212	0.405	0.269
0.001	0.311	0.115	0.573
0.001	0.001	0.001	0.997
0.229	0.330	0.078	0.363
0.001	0.502	0.344	0.153
0.038	0.689	0.272	0.001
0.076	0.480	0.291	0.153
0.192	0.234	0.535	0.039
0.194	0.538	0.267	0.001
>RGCCGCCTYTGG	19-RGCCGCCTYTGG	11.309443	-1.410835	0	T:1.0(0.26%),B:41.2(0.07%),P:1e0	Tpos:134.0,Tstd:0.0,Bpos:4721.7,Bstd:11499.9,StrandBias:10.0,Multiplicity:1.00
0.395	0.197	0.277	0.130
0.001	0.277	0.610	0.112
0.001	0.604	0.001	0.394
0.001	0.542	0.345	0.112
0.129	0.001	0.869	0.001
0.001	0.852	0.146	0.001
0.001	0.738	0.001	0.260
0.001	0.001	0.001	0.997
0.001	0.474	0.001	0.524
0.001	0.001	0.001	0.997
0.001	0.215	0.507	0.277
0.130	0.214	0.655	0.001
>HGCGRCGCGACD	20-HGCGRCGCGACD	7.583214	-1.395552	0	T:2.0(0.51%),B:142.6(0.24%),P:1e0	Tpos:137.5,Tstd:17.5,Bpos:2399.4,Bstd:7966.7,StrandBias:0.0,Multiplicity:1.00
0.231	0.320	0.141	0.307
0.115	0.218	0.577	0.090
0.090	0.705	0.141	0.064
0.244	0.103	0.512	0.141
0.423	0.115	0.398	0.064
0.128	0.706	0.115	0.051
0.039	0.372	0.525	0.064
0.154	0.615	0.192	0.039
0.141	0.244	0.589	0.026
0.539	0.128	0.128	0.205
0.141	0.564	0.141	0.154
0.320	0.154	0.231	0.295
>SSGVVRDDCGCG	21-SSGVVRDDCGCG	8.315995	-0.829556	0	T:5.0(1.28%),B:648.9(1.11%),P:1e0	Tpos:101.8,Tstd:32.4,Bpos:2223.0,Bstd:7800.4,StrandBias:2.0,Multiplicity:1.00
0.001	0.341	0.454	0.204
0.001	0.476	0.365	0.159
0.001	0.136	0.862	0.001
0.364	0.318	0.295	0.023
0.340	0.340	0.318	0.001
0.455	0.204	0.340	0.001
0.341	0.114	0.272	0.273
0.273	0.114	0.318	0.295
0.227	0.704	0.068	0.001
0.001	0.136	0.773	0.090
0.001	0.976	0.022	0.001
0.001	0.205	0.704	0.090
>CACACACACACC	22-CACACACACACC	0.843738	-0.539002	0	T:193.0(49.36%),B:29139.7(49.77%),P:1e0	Tpos:95.1,Tstd:52.4,Bpos:13600.1,Bstd:13213.7,StrandBias:-0.0,Multiplicity:1.33
0.078	0.824	0.019	0.079
0.852	0.031	0.097	0.020
0.024	0.961	0.001	0.014
0.916	0.001	0.001	0.082
0.001	0.997	0.001	0.001
0.781	0.001	0.150	0.068
0.001	0.997	0.001	0.001
0.865	0.054	0.001	0.080
0.026	0.886	0.001	0.087
0.805	0.169	0.001	0.025
0.197	0.636	0.132	0.035
0.264	0.494	0.159	0.084
>GSCGCMGCTCSS	23-GSCGCMGCTCSS	8.414275	-0.491712	0	T:5.0(1.28%),B:793.7(1.36%),P:1e0	Tpos:97.2,Tstd:50.7,Bpos:2390.5,Bstd:7811.8,StrandBias:10.0,Multiplicity:1.00
0.237	0.157	0.580	0.026
0.040	0.381	0.526	0.053
0.026	0.739	0.144	0.091
0.001	0.263	0.472	0.263
0.119	0.513	0.236	0.132
0.369	0.447	0.079	0.106
0.001	0.237	0.511	0.251
0.001	0.591	0.092	0.316
0.145	0.131	0.211	0.513
0.064	0.922	0.001	0.013
0.132	0.393	0.396	0.079
0.197	0.420	0.382	0.001
>SGACCCCTGCGS	24-SGACCCCTGCGS	8.768875	-0.324400	0	T:25.0(6.39%),B:4132.2(7.06%),P:1e0	Tpos:88.5,Tstd:59.8,Bpos:4746.4,Bstd:12607.0,StrandBias:-0.2,Multiplicity:1.04
0.192	0.385	0.422	0.001
0.065	0.090	0.844	0.001
0.719	0.096	0.150	0.035
0.078	0.649	0.085	0.188
0.001	0.782	0.004	0.213
0.074	0.778	0.147	0.001
0.040	0.812	0.074	0.074
0.001	0.104	0.253	0.642
0.001	0.039	0.959	0.001
0.076	0.858	0.001	0.065
0.001	0.001	0.933	0.065
0.060	0.513	0.423	0.004
>SACACACACACN	25-SACACACACACN	6.781057	-0.000001	0	T:22.0(5.63%),B:7624.7(13.02%),P:1e0	Tpos:76.0,Tstd:0.0,Bpos:11008.5,Bstd:14751.4,StrandBias:10.0,Multiplicity:1.00
0.163	0.386	0.252	0.199
0.542	0.132	0.190	0.136
0.091	0.729	0.118	0.062
0.619	0.118	0.145	0.118
0.118	0.696	0.086	0.100
0.542	0.226	0.136	0.096
0.127	0.673	0.064	0.136
0.605	0.069	0.235	0.091
0.099	0.656	0.136	0.109
0.520	0.154	0.217	0.109
0.091	0.738	0.081	0.090
0.290	0.203	0.326	0.181
