>RGKGGGGGRR	1-RGKGGGGGRR	3.724208	-7.511799	0	T:284.0(72.63%),B:37901.6(64.73%),P:1e-3	Tpos:99.5,Tstd:56.9,Bpos:12832.5,Bstd:13609.0,StrandBias:0.1,Multiplicity:1.43
0.468	0.001	0.476	0.055
0.001	0.001	0.997	0.001
0.186	0.001	0.439	0.374
0.001	0.001	0.997	0.001
0.291	0.001	0.508	0.200
0.001	0.001	0.997	0.001
0.237	0.001	0.761	0.001
0.329	0.001	0.564	0.106
0.508	0.106	0.385	0.001
0.294	0.053	0.437	0.215
>GGGRRADYCB	2-GGGRRADYCB	5.378494	-6.503952	0	T:283.0(72.38%),B:38171.8(65.19%),P:1e-2	Tpos:100.8,Tstd:57.3,Bpos:12498.8,Bstd:14341.0,StrandBias:-0.4,Multiplicity:1.38
0.001	0.001	0.997	0.001
0.280	0.001	0.718	0.001
0.001	0.001	0.997	0.001
0.550	0.001	0.430	0.019
0.513	0.001	0.485	0.001
0.595	0.001	0.403	0.001
0.360	0.163	0.225	0.253
0.161	0.403	0.161	0.275
0.176	0.435	0.223	0.166
0.121	0.271	0.259	0.349
>CCCCCTBCCC	3-CCCCCTBCCC	4.679079	-3.578794	0	T:298.0(76.21%),B:42024.8(71.77%),P:1e-1	Tpos:90.5,Tstd:53.9,Bpos:12332.0,Bstd:14219.8,StrandBias:0.3,Multiplicity:1.41
0.049	0.586	0.027	0.338
0.050	0.600	0.001	0.349
0.001	0.862	0.025	0.112
0.012	0.840	0.001	0.147
0.076	0.713	0.001	0.210
0.276	0.155	0.038	0.531
0.165	0.363	0.220	0.252
0.063	0.502	0.145	0.290
0.063	0.612	0.098	0.227
0.238	0.602	0.038	0.122
>CHCACACACA	4-CHCACACACA	4.288338	-3.061624	0	T:258.0(65.98%),B:36151.2(61.74%),P:1e-1	Tpos:101.6,Tstd:53.6,Bpos:13566.3,Bstd:12750.3,StrandBias:0.3,Multiplicity:1.38
0.138	0.547	0.110	0.205
0.262	0.297	0.054	0.387
0.099	0.798	0.059	0.044
0.754	0.164	0.001	0.081
0.013	0.853	0.114	0.020
0.512	0.047	0.081	0.360
0.195	0.744	0.060	0.001
0.640	0.153	0.001	0.206
0.086	0.598	0.151	0.165
0.453	0.229	0.123	0.195
>CACTCACACA	5-CACTCACACA	3.523519	-1.338043	0	T:211.0(53.96%),B:30577.1(52.22%),P:1e0	Tpos:98.3,Tstd:54.2,Bpos:13811.4,Bstd:12644.2,StrandBias:-0.2,Multiplicity:1.41
0.080	0.918	0.001	0.001
0.557	0.191	0.090	0.162
0.001	0.878	0.050	0.071
0.034	0.037	0.114	0.815
0.184	0.772	0.043	0.001
0.714	0.097	0.001	0.188
0.001	0.840	0.051	0.108
0.916	0.001	0.061	0.022
0.190	0.808	0.001	0.001
0.837	0.023	0.042	0.098
>VCGCCCTCTS	6-VCGCCCTCTS	4.595649	-0.462551	0	T:193.0(49.36%),B:29318.0(50.07%),P:1e0	Tpos:95.8,Tstd:55.8,Bpos:8656.6,Bstd:15904.7,StrandBias:0.3,Multiplicity:1.68
0.196	0.325	0.307	0.172
0.100	0.550	0.183	0.167
0.112	0.207	0.484	0.197
0.090	0.641	0.188	0.081
0.083	0.604	0.169	0.144
0.115	0.622	0.110	0.153
0.098	0.247	0.210	0.444
0.084	0.605	0.177	0.134
0.118	0.255	0.174	0.452
0.124	0.290	0.369	0.218
>TCCGGGGCCT	7-TCCGGGGCCT	10.986805	-0.401600	0	T:1.0(0.26%),B:166.0(0.28%),P:1e0	Tpos:15.0,Tstd:0.0,Bpos:6695.9,Bstd:12328.7,StrandBias:10.0,Multiplicity:1.00
0.074	0.064	0.086	0.776
0.048	0.712	0.070	0.170
0.038	0.840	0.071	0.051
0.051	0.195	0.693	0.061
0.056	0.181	0.706	0.057
0.055	0.060	0.827	0.058
0.055	0.053	0.842	0.050
0.056	0.711	0.186	0.047
0.164	0.710	0.069	0.057
0.038	0.079	0.177	0.706
>YYCCCCBGGN	8-YYCCCCBGGN	7.509458	-0.307704	0	T:4.0(1.02%),B:747.9(1.28%),P:1e0	Tpos:5.0,Tstd:0.0,Bpos:12223.4,Bstd:15356.3,StrandBias:-10.0,Multiplicity:1.00
0.074	0.457	0.100	0.369
0.001	0.528	0.014	0.457
0.059	0.619	0.001	0.321
0.074	0.690	0.118	0.118
0.147	0.705	0.001	0.147
0.206	0.472	0.074	0.248
0.162	0.236	0.248	0.354
0.014	0.001	0.617	0.368
0.206	0.001	0.792	0.001
0.251	0.203	0.339	0.206
>GGGGGYTTGD	9-GGGGGYTTGD	7.534731	-0.113001	0	T:3.0(0.77%),B:780.5(1.33%),P:1e0	Tpos:97.0,Tstd:0.0,Bpos:13565.6,Bstd:15495.2,StrandBias:10.0,Multiplicity:1.00
0.001	0.001	0.997	0.001
0.243	0.001	0.755	0.001
0.276	0.001	0.722	0.001
0.346	0.001	0.652	0.001
0.336	0.148	0.515	0.001
0.078	0.387	0.034	0.501
0.001	0.300	0.223	0.476
0.182	0.196	0.236	0.386
0.051	0.271	0.455	0.224
0.245	0.112	0.286	0.358
>AGRGAGCHTK	10-AGRGAGCHTK	8.261551	-0.076532	0	T:3.0(0.77%),B:859.2(1.47%),P:1e0	Tpos:99.0,Tstd:3.6,Bpos:13930.8,Bstd:13475.1,StrandBias:-1.0,Multiplicity:1.00
0.930	0.001	0.001	0.068
0.001	0.001	0.997	0.001
0.524	0.001	0.474	0.001
0.001	0.001	0.997	0.001
0.630	0.001	0.368	0.001
0.319	0.025	0.655	0.001
0.284	0.434	0.138	0.144
0.296	0.312	0.156	0.237
0.229	0.161	0.178	0.432
0.204	0.132	0.296	0.368
>CYCYBKTGTG	11-CYCYBKTGTG	7.305599	-0.058224	0	T:1.0(0.26%),B:429.4(0.73%),P:1e0	Tpos:181.0,Tstd:0.0,Bpos:13993.9,Bstd:11719.6,StrandBias:-10.0,Multiplicity:1.00
0.057	0.711	0.099	0.133
0.177	0.371	0.069	0.383
0.059	0.799	0.108	0.034
0.166	0.327	0.046	0.461
0.001	0.386	0.365	0.247
0.103	0.166	0.315	0.416
0.069	0.034	0.371	0.526
0.080	0.240	0.579	0.101
0.234	0.108	0.187	0.472
0.023	0.212	0.633	0.132
>GRRGGAAGGG	12-GRRGGAAGGG	8.071651	-0.021792	0	T:3.0(0.77%),B:1105.5(1.89%),P:1e0	Tpos:88.5,Tstd:30.5,Bpos:13731.9,Bstd:13766.3,StrandBias:0.0,Multiplicity:1.00
0.163	0.168	0.581	0.088
0.376	0.127	0.355	0.142
0.435	0.077	0.339	0.149
0.240	0.042	0.662	0.056
0.218	0.080	0.665	0.037
0.452	0.176	0.261	0.112
0.523	0.069	0.278	0.130
0.195	0.062	0.655	0.088
0.202	0.037	0.622	0.139
0.140	0.046	0.758	0.056
>NGGAGCAGTN	13-NGGAGCAGTN	6.842865	-0.018986	0	T:1.0(0.26%),B:594.0(1.01%),P:1e0	Tpos:30.0,Tstd:0.0,Bpos:12678.5,Bstd:13760.4,StrandBias:10.0,Multiplicity:1.00
0.248	0.238	0.300	0.213
0.134	0.126	0.587	0.153
0.159	0.159	0.572	0.110
0.515	0.180	0.192	0.113
0.150	0.145	0.556	0.149
0.146	0.568	0.158	0.128
0.559	0.150	0.131	0.160
0.128	0.144	0.598	0.130
0.152	0.162	0.176	0.510
0.201	0.236	0.320	0.243
>NCYCCCCCCC	14-NCYCCCCCCC	7.667302	-0.008915	0	T:5.0(1.28%),B:1749.3(2.99%),P:1e0	Tpos:80.0,Tstd:61.0,Bpos:10544.4,Bstd:15155.1,StrandBias:0.0,Multiplicity:1.00
0.236	0.336	0.212	0.217
0.087	0.619	0.001	0.293
0.147	0.381	0.125	0.347
0.001	0.654	0.166	0.179
0.165	0.626	0.001	0.208
0.001	0.784	0.001	0.214
0.001	0.708	0.088	0.203
0.187	0.605	0.207	0.001
0.304	0.694	0.001	0.001
0.296	0.454	0.085	0.164
>DGRGGARRGD	15-DGRGGARRGD	6.111613	-0.001310	0	T:26.0(6.65%),B:6444.3(11.01%),P:1e0	Tpos:91.0,Tstd:0.0,Bpos:13127.6,Bstd:14363.4,StrandBias:-10.0,Multiplicity:1.00
0.338	0.094	0.353	0.216
0.194	0.050	0.634	0.122
0.371	0.043	0.470	0.116
0.199	0.001	0.784	0.016
0.358	0.066	0.554	0.022
0.476	0.072	0.325	0.127
0.376	0.155	0.347	0.122
0.321	0.100	0.402	0.177
0.266	0.089	0.507	0.138
0.310	0.142	0.327	0.221
>GGGGGRGGGG	16-GGGGGRGGGG	7.018093	-0.000227	0	T:34.0(8.70%),B:8457.8(14.44%),P:1e0	Tpos:34.0,Tstd:0.0,Bpos:10598.2,Bstd:16184.0,StrandBias:10.0,Multiplicity:1.00
0.227	0.018	0.594	0.161
0.215	0.092	0.620	0.073
0.167	0.150	0.557	0.126
0.254	0.034	0.538	0.174
0.228	0.024	0.700	0.048
0.382	0.079	0.410	0.129
0.230	0.096	0.601	0.073
0.205	0.053	0.581	0.161
0.203	0.075	0.609	0.113
0.169	0.094	0.521	0.216
>CNCCCYCCCC	17-CNCCCYCCCC	7.767930	-0.000150	0	T:15.0(3.84%),B:4850.4(8.28%),P:1e0	Tpos:183.0,Tstd:0.0,Bpos:6034.5,Bstd:12474.2,StrandBias:-10.0,Multiplicity:1.00
0.041	0.695	0.082	0.182
0.214	0.267	0.316	0.204
0.074	0.678	0.115	0.133
0.182	0.620	0.047	0.151
0.098	0.717	0.084	0.101
0.185	0.427	0.040	0.349
0.091	0.737	0.071	0.101
0.127	0.595	0.044	0.234
0.148	0.660	0.111	0.081
0.091	0.636	0.095	0.178
>GGRGRAGGGG	18-GGRGRAGGGG	8.091959	-0.000110	0	T:4.0(1.02%),B:2332.0(3.98%),P:1e0	Tpos:120.0,Tstd:0.0,Bpos:10634.6,Bstd:15488.2,StrandBias:-10.0,Multiplicity:1.00
0.265	0.001	0.596	0.138
0.010	0.032	0.957	0.001
0.422	0.043	0.313	0.223
0.289	0.001	0.689	0.021
0.350	0.171	0.415	0.064
0.442	0.035	0.240	0.283
0.276	0.011	0.606	0.107
0.280	0.046	0.525	0.149
0.154	0.021	0.645	0.180
0.190	0.037	0.592	0.181
>GGGGGRRNDR	19-GGGGGRRNDR	5.405313	-0.000008	0	T:71.0(18.16%),B:16032.0(27.38%),P:1e0	Tpos:124.0,Tstd:0.0,Bpos:11510.1,Bstd:14907.5,StrandBias:-10.0,Multiplicity:1.00
0.321	0.001	0.537	0.141
0.286	0.001	0.585	0.128
0.294	0.001	0.572	0.133
0.144	0.001	0.854	0.001
0.374	0.019	0.602	0.005
0.350	0.178	0.362	0.110
0.354	0.178	0.286	0.182
0.298	0.174	0.281	0.247
0.296	0.076	0.375	0.252
0.271	0.148	0.385	0.196
>GDGNDGGGRG	20-GDGNDGGGRG	6.318765	-0.000008	0	T:11.0(2.81%),B:4590.6(7.84%),P:1e0	Tpos:118.0,Tstd:0.0,Bpos:10357.9,Bstd:15165.6,StrandBias:10.0,Multiplicity:1.00
0.242	0.183	0.416	0.159
0.279	0.001	0.390	0.330
0.289	0.268	0.441	0.001
0.293	0.220	0.274	0.213
0.381	0.001	0.355	0.263
0.187	0.075	0.623	0.115
0.274	0.009	0.466	0.251
0.001	0.001	0.997	0.001
0.301	0.001	0.447	0.251
0.215	0.001	0.682	0.102
>VDVHDGGGRG	21-VDVHDGGGRG	6.153086	-0.000002	0	T:15.0(3.84%),B:5780.0(9.87%),P:1e0	Tpos:111.8,Tstd:34.4,Bpos:8783.8,Bstd:14582.2,StrandBias:0.0,Multiplicity:1.00
0.258	0.261	0.337	0.144
0.273	0.142	0.305	0.281
0.261	0.285	0.348	0.106
0.267	0.310	0.154	0.269
0.320	0.024	0.350	0.306
0.199	0.023	0.715	0.063
0.231	0.001	0.599	0.169
0.060	0.001	0.938	0.001
0.377	0.001	0.430	0.192
0.204	0.001	0.794	0.001
>CCCTBCYCCC	22-CCCTBCYCCC	6.854679	-0.000000	0	T:34.0(8.70%),B:10228.2(17.47%),P:1e0	Tpos:102.5,Tstd:5.5,Bpos:11086.5,Bstd:14429.5,StrandBias:-10.0,Multiplicity:1.00
0.001	0.702	0.119	0.178
0.136	0.579	0.054	0.231
0.194	0.556	0.001	0.249
0.297	0.059	0.178	0.466
0.136	0.263	0.254	0.347
0.051	0.576	0.042	0.331
0.001	0.568	0.001	0.430
0.042	0.640	0.055	0.263
0.218	0.469	0.056	0.258
0.076	0.643	0.102	0.179
>SWGKGGGVAD	23-SWGKGGGVAD	6.494555	-0.000000	0	T:16.0(4.09%),B:6750.3(11.53%),P:1e0	Tpos:91.0,Tstd:0.0,Bpos:10521.2,Bstd:14737.3,StrandBias:-10.0,Multiplicity:1.00
0.113	0.318	0.423	0.146
0.339	0.033	0.216	0.412
0.028	0.217	0.646	0.109
0.238	0.038	0.397	0.328
0.119	0.028	0.740	0.113
0.185	0.033	0.669	0.113
0.028	0.135	0.734	0.103
0.287	0.245	0.310	0.157
0.581	0.146	0.169	0.104
0.260	0.137	0.363	0.240
>HCMCCCCCMC	24-HCMCCCCCMC	7.169888	-0.000000	0	T:29.0(7.42%),B:9651.1(16.48%),P:1e0	Tpos:96.0,Tstd:0.0,Bpos:11507.2,Bstd:14070.2,StrandBias:-10.0,Multiplicity:1.00
0.310	0.407	0.013	0.270
0.051	0.947	0.001	0.001
0.370	0.394	0.031	0.205
0.052	0.628	0.108	0.212
0.220	0.516	0.001	0.263
0.121	0.479	0.099	0.302
0.053	0.770	0.033	0.144
0.183	0.764	0.052	0.001
0.383	0.404	0.139	0.074
0.249	0.558	0.128	0.065
>CCCCBYCCCC	25-CCCCBYCCCC	7.396192	-0.000000	0	T:26.0(6.65%),B:10876.8(18.58%),P:1e0	Tpos:110.0,Tstd:0.0,Bpos:10092.9,Bstd:16056.3,StrandBias:-10.0,Multiplicity:1.00
0.001	0.622	0.028	0.349
0.277	0.463	0.028	0.232
0.001	0.636	0.001	0.362
0.112	0.491	0.143	0.254
0.155	0.328	0.202	0.315
0.056	0.418	0.075	0.451
0.014	0.683	0.001	0.302
0.207	0.653	0.001	0.139
0.181	0.546	0.076	0.197
0.001	0.997	0.001	0.001
>ATTTGTGGTAGT	1-ATTTGTGGTAGT	14.259459	-18.309651	0	T:8.0(2.05%),B:56.7(0.10%),P:1e-7	Tpos:95.2,Tstd:43.5,Bpos:13948.4,Bstd:11023.0,StrandBias:0.7,Multiplicity:1.00
0.997	0.001	0.001	0.001
0.001	0.212	0.001	0.786
0.001	0.001	0.001	0.997
0.001	0.001	0.001	0.997
0.001	0.001	0.997	0.001
0.001	0.001	0.001	0.997
0.001	0.001	0.997	0.001
0.212	0.001	0.786	0.001
0.001	0.196	0.001	0.802
0.997	0.001	0.001	0.001
0.001	0.001	0.997	0.001
0.001	0.212	0.001	0.786
>CTTATCCWTTGC	2-CTTATCCWTTGC	14.352767	-9.211697	0	T:3.0(0.77%),B:11.6(0.02%),P:1e-4	Tpos:73.7,Tstd:70.4,Bpos:14830.3,Bstd:11543.4,StrandBias:1.0,Multiplicity:1.00
0.253	0.745	0.001	0.001
0.001	0.001	0.001	0.997
0.001	0.001	0.253	0.745
0.756	0.001	0.001	0.242
0.001	0.253	0.001	0.745
0.001	0.997	0.001	0.001
0.001	0.997	0.001	0.001
0.547	0.001	0.001	0.451
0.001	0.001	0.001	0.997
0.242	0.001	0.001	0.756
0.001	0.197	0.801	0.001
0.001	0.997	0.001	0.001
>TTTCTCCTCCCG	3-TTTCTCCTCCCG	11.994651	-8.879599	0	T:15.0(3.84%),B:718.8(1.23%),P:1e-3	Tpos:75.1,Tstd:47.0,Bpos:10901.8,Bstd:13003.6,StrandBias:-0.2,Multiplicity:1.00
0.221	0.123	0.227	0.429
0.001	0.091	0.001	0.907
0.001	0.075	0.001	0.923
0.001	0.997	0.001	0.001
0.001	0.189	0.001	0.809
0.001	0.997	0.001	0.001
0.001	0.997	0.001	0.001
0.001	0.001	0.141	0.857
0.001	0.997	0.001	0.001
0.001	0.997	0.001	0.001
0.001	0.656	0.001	0.342
0.080	0.071	0.738	0.111
>CGAATBGAATCA	4-CGAATBGAATCA	11.758759	-7.149557	0	T:4.0(1.02%),B:58.1(0.10%),P:1e-3	Tpos:69.4,Tstd:56.8,Bpos:14388.0,Bstd:10327.7,StrandBias:10.0,Multiplicity:1.75
0.001	0.988	0.001	0.010
0.001	0.011	0.987	0.001
0.997	0.001	0.001	0.001
0.671	0.001	0.001	0.327
0.327	0.001	0.001	0.671
0.001	0.292	0.380	0.328
0.291	0.001	0.707	0.001
0.997	0.001	0.001	0.001
0.997	0.001	0.001	0.001
0.001	0.001	0.001	0.997
0.001	0.997	0.001	0.001
0.671	0.327	0.001	0.001
>CAGCGCCGACGG	5-CAGCGCCGACGG	9.249898	-5.976245	0	T:6.0(1.53%),B:198.5(0.34%),P:1e-2	Tpos:123.0,Tstd:33.1,Bpos:3019.9,Bstd:8466.6,StrandBias:1.0,Multiplicity:1.00
0.188	0.635	0.105	0.072
0.589	0.136	0.209	0.066
0.081	0.131	0.676	0.112
0.088	0.616	0.145	0.151
0.032	0.063	0.754	0.151
0.089	0.685	0.137	0.089
0.103	0.670	0.146	0.081
0.153	0.040	0.766	0.041
0.684	0.137	0.088	0.091
0.177	0.669	0.081	0.073
0.081	0.089	0.675	0.155
0.137	0.138	0.582	0.143
>SBGGGAAACGCG	6-SBGGGAAACGCG	8.301513	-5.038213	0	T:10.0(2.56%),B:579.8(0.99%),P:1e-2	Tpos:94.8,Tstd:53.7,Bpos:4765.7,Bstd:11694.0,StrandBias:0.8,Multiplicity:1.10
0.065	0.404	0.338	0.193
0.135	0.354	0.274	0.238
0.083	0.003	0.863	0.051
0.212	0.001	0.786	0.001
0.100	0.060	0.839	0.001
0.667	0.120	0.209	0.004
0.543	0.185	0.271	0.001
0.517	0.191	0.225	0.067
0.293	0.501	0.205	0.001
0.171	0.234	0.393	0.201
0.098	0.642	0.166	0.094
0.127	0.263	0.502	0.108
>NGGCGCTGCGCN	7-NGGCGCTGCGCN	9.714718	-4.893479	0	T:3.0(0.77%),B:57.0(0.10%),P:1e-2	Tpos:52.7,Tstd:35.8,Bpos:2376.3,Bstd:9394.0,StrandBias:-1.0,Multiplicity:1.00
0.197	0.301	0.287	0.215
0.096	0.167	0.649	0.088
0.072	0.163	0.672	0.093
0.116	0.678	0.120	0.086
0.095	0.115	0.647	0.143
0.106	0.666	0.136	0.092
0.136	0.180	0.177	0.507
0.097	0.152	0.643	0.108
0.120	0.655	0.125	0.100
0.094	0.138	0.640	0.128
0.113	0.654	0.134	0.099
0.219	0.302	0.260	0.218
>CGCTGCTGCTGT	8-CGCTGCTGCTGT	12.129317	-4.847905	0	T:3.0(0.77%),B:58.7(0.10%),P:1e-2	Tpos:94.7,Tstd:68.7,Bpos:4217.8,Bstd:8551.2,StrandBias:-1.0,Multiplicity:1.00
0.001	0.989	0.008	0.002
0.001	0.001	0.903	0.095
0.096	0.721	0.001	0.182
0.001	0.234	0.278	0.487
0.085	0.001	0.913	0.001
0.001	0.903	0.001	0.095
0.096	0.138	0.289	0.476
0.086	0.001	0.817	0.096
0.001	0.710	0.193	0.096
0.193	0.182	0.096	0.529
0.001	0.096	0.710	0.193
0.086	0.056	0.001	0.857
>GCTCGGCCCGCG	9-GCTCGGCCCGCG	9.448087	-4.730436	0	T:10.0(2.56%),B:607.7(1.04%),P:1e-2	Tpos:122.9,Tstd:42.6,Bpos:2062.9,Bstd:7333.6,StrandBias:0.0,Multiplicity:1.11
0.075	0.155	0.696	0.074
0.102	0.705	0.088	0.105
0.095	0.081	0.192	0.632
0.087	0.720	0.072	0.121
0.081	0.142	0.656	0.121
0.089	0.147	0.654	0.110
0.080	0.672	0.117	0.131
0.109	0.570	0.189	0.132
0.075	0.698	0.162	0.065
0.138	0.102	0.635	0.125
0.140	0.666	0.116	0.078
0.109	0.097	0.698	0.096
>CCAGCCTGCCCT	10-CCAGCCTGCCCT	14.098257	-4.214502	0	T:4.0(1.02%),B:137.1(0.23%),P:1e-1	Tpos:83.5,Tstd:40.6,Bpos:12577.1,Bstd:11611.8,StrandBias:1.6,Multiplicity:1.00
0.001	0.732	0.001	0.266
0.001	0.993	0.003	0.003
0.629	0.001	0.369	0.001
0.001	0.001	0.997	0.001
0.291	0.707	0.001	0.001
0.409	0.589	0.001	0.001
0.001	0.001	0.028	0.970
0.001	0.001	0.997	0.001
0.001	0.997	0.001	0.001
0.372	0.626	0.001	0.001
0.001	0.997	0.001	0.001
0.001	0.001	0.001	0.997
>YSGCGCGGMRMH	11-YSGCGCGGMRMH	8.061046	-3.052207	0	T:5.0(1.28%),B:290.0(0.50%),P:1e-1	Tpos:108.4,Tstd:40.2,Bpos:1807.1,Bstd:5809.7,StrandBias:-2.0,Multiplicity:1.00
0.119	0.410	0.167	0.304
0.046	0.471	0.407	0.076
0.001	0.407	0.577	0.015
0.285	0.547	0.167	0.001
0.001	0.001	0.953	0.045
0.001	0.742	0.182	0.075
0.210	0.304	0.456	0.030
0.258	0.182	0.559	0.001
0.365	0.453	0.152	0.030
0.558	0.001	0.440	0.001
0.456	0.335	0.164	0.046
0.365	0.255	0.152	0.228
>SVGCGTWCCCCG	12-SVGCGTWCCCCG	9.557698	-2.282890	0	T:4.0(1.02%),B:262.3(0.45%),P:1e0	Tpos:61.5,Tstd:73.3,Bpos:2515.3,Bstd:8215.9,StrandBias:-1.6,Multiplicity:1.00
0.029	0.457	0.458	0.056
0.318	0.336	0.273	0.072
0.231	0.057	0.711	0.001
0.370	0.586	0.043	0.001
0.085	0.043	0.676	0.196
0.058	0.115	0.326	0.501
0.331	0.159	0.029	0.481
0.058	0.640	0.188	0.114
0.127	0.629	0.130	0.114
0.071	0.715	0.201	0.013
0.001	0.797	0.201	0.001
0.070	0.071	0.788	0.071
>SSGCGCAYYCCG	13-SSGCGCAYYCCG	9.445951	-2.234990	0	T:1.0(0.26%),B:16.7(0.03%),P:1e0	Tpos:129.0,Tstd:0.0,Bpos:931.2,Bstd:2645.9,StrandBias:-10.0,Multiplicity:1.00
0.097	0.407	0.334	0.162
0.081	0.285	0.406	0.228
0.081	0.276	0.578	0.065
0.016	0.951	0.032	0.001
0.001	0.040	0.958	0.001
0.114	0.447	0.244	0.195
0.471	0.016	0.212	0.301
0.065	0.383	0.179	0.374
0.032	0.423	0.113	0.431
0.001	0.756	0.032	0.211
0.001	0.707	0.211	0.081
0.122	0.260	0.487	0.130
>CGGGAGCCGCGC	14-CGGGAGCCGCGC	11.960562	-2.082227	0	T:1.0(0.26%),B:19.7(0.03%),P:1e0	Tpos:52.0,Tstd:0.0,Bpos:19091.4,Bstd:7795.6,StrandBias:-10.0,Multiplicity:1.00
0.077	0.757	0.114	0.052
0.098	0.319	0.552	0.031
0.036	0.292	0.630	0.042
0.048	0.126	0.797	0.029
0.622	0.192	0.122	0.064
0.064	0.297	0.561	0.078
0.026	0.705	0.082	0.187
0.102	0.723	0.096	0.079
0.063	0.168	0.715	0.054
0.063	0.738	0.120	0.079
0.030	0.089	0.634	0.247
0.067	0.747	0.140	0.046
>CGCGSCTYCCSC	15-CGCGSCTYCCSC	7.723484	-1.890648	0	T:6.0(1.53%),B:533.6(0.91%),P:1e0	Tpos:75.5,Tstd:40.8,Bpos:4599.9,Bstd:12159.7,StrandBias:0.0,Multiplicity:1.00
0.051	0.481	0.169	0.299
0.042	0.123	0.563	0.272
0.001	0.584	0.390	0.025
0.230	0.179	0.510	0.081
0.051	0.328	0.408	0.213
0.288	0.448	0.068	0.195
0.102	0.192	0.111	0.595
0.026	0.451	0.026	0.498
0.077	0.536	0.068	0.319
0.118	0.600	0.205	0.077
0.001	0.437	0.391	0.171
0.050	0.485	0.222	0.243
>SCGSSGVGCTCT	16-SCGSSGVGCTCT	9.234009	-1.715212	0	T:2.0(0.51%),B:114.5(0.20%),P:1e0	Tpos:63.0,Tstd:18.0,Bpos:3474.2,Bstd:9171.9,StrandBias:0.0,Multiplicity:1.00
0.001	0.340	0.489	0.170
0.218	0.630	0.151	0.001
0.140	0.126	0.733	0.001
0.229	0.302	0.396	0.073
0.001	0.388	0.411	0.200
0.126	0.001	0.872	0.001
0.330	0.406	0.262	0.001
0.001	0.380	0.618	0.001
0.001	0.734	0.001	0.264
0.072	0.345	0.001	0.582
0.001	0.475	0.263	0.262
0.033	0.335	0.001	0.631
>SAATGGAMTCAA	17-SAATGGAMTCAA	15.236213	-1.570901	0	T:1.0(0.26%),B:34.6(0.06%),P:1e0	Tpos:169.0,Tstd:0.0,Bpos:18874.5,Bstd:12911.4,StrandBias:10.0,Multiplicity:1.00
0.001	0.426	0.572	0.001
0.997	0.001	0.001	0.001
0.997	0.001	0.001	0.001
0.001	0.001	0.001	0.997
0.001	0.001	0.997	0.001
0.001	0.001	0.997	0.001
0.997	0.001	0.001	0.001
0.512	0.486	0.001	0.001
0.001	0.001	0.001	0.997
0.001	0.997	0.001	0.001
0.997	0.001	0.001	0.001
0.912	0.001	0.001	0.086
>CGCKTTHCCCGC	18-CGCKTTHCCCGC	8.363183	-1.422149	0	T:6.0(1.53%),B:623.5(1.06%),P:1e0	Tpos:71.8,Tstd:45.9,Bpos:4734.7,Bstd:13419.7,StrandBias:1.6,Multiplicity:1.00
0.192	0.502	0.305	0.001
0.001	0.152	0.846	0.001
0.307	0.500	0.001	0.192
0.114	0.212	0.405	0.269
0.001	0.311	0.115	0.573
0.001	0.001	0.001	0.997
0.229	0.330	0.078	0.363
0.001	0.502	0.344	0.153
0.038	0.689	0.272	0.001
0.076	0.480	0.291	0.153
0.192	0.234	0.535	0.039
0.194	0.538	0.267	0.001
>RGCCGCCTYTGG	19-RGCCGCCTYTGG	11.309443	-1.410835	0	T:1.0(0.26%),B:41.2(0.07%),P:1e0	Tpos:134.0,Tstd:0.0,Bpos:4721.7,Bstd:11499.9,StrandBias:10.0,Multiplicity:1.00
0.395	0.197	0.277	0.130
0.001	0.277	0.610	0.112
0.001	0.604	0.001	0.394
0.001	0.542	0.345	0.112
0.129	0.001	0.869	0.001
0.001	0.852	0.146	0.001
0.001	0.738	0.001	0.260
0.001	0.001	0.001	0.997
0.001	0.474	0.001	0.524
0.001	0.001	0.001	0.997
0.001	0.215	0.507	0.277
0.130	0.214	0.655	0.001
>HGCGRCGCGACD	20-HGCGRCGCGACD	7.583214	-1.395552	0	T:2.0(0.51%),B:142.6(0.24%),P:1e0	Tpos:137.5,Tstd:17.5,Bpos:2399.4,Bstd:7966.7,StrandBias:0.0,Multiplicity:1.00
0.231	0.320	0.141	0.307
0.115	0.218	0.577	0.090
0.090	0.705	0.141	0.064
0.244	0.103	0.512	0.141
0.423	0.115	0.398	0.064
0.128	0.706	0.115	0.051
0.039	0.372	0.525	0.064
0.154	0.615	0.192	0.039
0.141	0.244	0.589	0.026
0.539	0.128	0.128	0.205
0.141	0.564	0.141	0.154
0.320	0.154	0.231	0.295
>SSGVVRDDCGCG	21-SSGVVRDDCGCG	8.315995	-0.829556	0	T:5.0(1.28%),B:648.9(1.11%),P:1e0	Tpos:101.8,Tstd:32.4,Bpos:2223.0,Bstd:7800.4,StrandBias:2.0,Multiplicity:1.00
0.001	0.341	0.454	0.204
0.001	0.476	0.365	0.159
0.001	0.136	0.862	0.001
0.364	0.318	0.295	0.023
0.340	0.340	0.318	0.001
0.455	0.204	0.340	0.001
0.341	0.114	0.272	0.273
0.273	0.114	0.318	0.295
0.227	0.704	0.068	0.001
0.001	0.136	0.773	0.090
0.001	0.976	0.022	0.001
0.001	0.205	0.704	0.090
>CACACACACACC	22-CACACACACACC	0.843738	-0.539002	0	T:193.0(49.36%),B:29139.7(49.77%),P:1e0	Tpos:95.1,Tstd:52.4,Bpos:13600.1,Bstd:13213.7,StrandBias:-0.0,Multiplicity:1.33
0.078	0.824	0.019	0.079
0.852	0.031	0.097	0.020
0.024	0.961	0.001	0.014
0.916	0.001	0.001	0.082
0.001	0.997	0.001	0.001
0.781	0.001	0.150	0.068
0.001	0.997	0.001	0.001
0.865	0.054	0.001	0.080
0.026	0.886	0.001	0.087
0.805	0.169	0.001	0.025
0.197	0.636	0.132	0.035
0.264	0.494	0.159	0.084
>GSCGCMGCTCSS	23-GSCGCMGCTCSS	8.414275	-0.491712	0	T:5.0(1.28%),B:793.7(1.36%),P:1e0	Tpos:97.2,Tstd:50.7,Bpos:2390.5,Bstd:7811.8,StrandBias:10.0,Multiplicity:1.00
0.237	0.157	0.580	0.026
0.040	0.381	0.526	0.053
0.026	0.739	0.144	0.091
0.001	0.263	0.472	0.263
0.119	0.513	0.236	0.132
0.369	0.447	0.079	0.106
0.001	0.237	0.511	0.251
0.001	0.591	0.092	0.316
0.145	0.131	0.211	0.513
0.064	0.922	0.001	0.013
0.132	0.393	0.396	0.079
0.197	0.420	0.382	0.001
>SGACCCCTGCGS	24-SGACCCCTGCGS	8.768875	-0.324400	0	T:25.0(6.39%),B:4132.2(7.06%),P:1e0	Tpos:88.5,Tstd:59.8,Bpos:4746.4,Bstd:12607.0,StrandBias:-0.2,Multiplicity:1.04
0.192	0.385	0.422	0.001
0.065	0.090	0.844	0.001
0.719	0.096	0.150	0.035
0.078	0.649	0.085	0.188
0.001	0.782	0.004	0.213
0.074	0.778	0.147	0.001
0.040	0.812	0.074	0.074
0.001	0.104	0.253	0.642
0.001	0.039	0.959	0.001
0.076	0.858	0.001	0.065
0.001	0.001	0.933	0.065
0.060	0.513	0.423	0.004
>SACACACACACN	25-SACACACACACN	6.781057	-0.000001	0	T:22.0(5.63%),B:7624.7(13.02%),P:1e0	Tpos:76.0,Tstd:0.0,Bpos:11008.5,Bstd:14751.4,StrandBias:10.0,Multiplicity:1.00
0.163	0.386	0.252	0.199
0.542	0.132	0.190	0.136
0.091	0.729	0.118	0.062
0.619	0.118	0.145	0.118
0.118	0.696	0.086	0.100
0.542	0.226	0.136	0.096
0.127	0.673	0.064	0.136
0.605	0.069	0.235	0.091
0.099	0.656	0.136	0.109
0.520	0.154	0.217	0.109
0.091	0.738	0.081	0.090
0.290	0.203	0.326	0.181
>CMCTTCCC	1-CMCTTCCC	2.206377	-8.256452	0	T:296.0(75.70%),B:39533.4(67.52%),P:1e-3	Tpos:98.3,Tstd:54.2,Bpos:12791.4,Bstd:13556.4,StrandBias:-0.1,Multiplicity:1.37
0.001	0.745	0.001	0.253
0.411	0.329	0.008	0.252
0.001	0.824	0.174	0.001
0.001	0.094	0.001	0.904
0.001	0.001	0.001	0.997
0.001	0.997	0.001	0.001
0.001	0.997	0.001	0.001
0.001	0.997	0.001	0.001
>CGGGGAAC	2-CGGGGAAC	5.064204	-7.371927	0	T:269.0(68.80%),B:35590.2(60.78%),P:1e-3	Tpos:96.9,Tstd:55.6,Bpos:12196.0,Bstd:14328.2,StrandBias:-0.1,Multiplicity:1.45
0.166	0.544	0.100	0.190
0.117	0.180	0.623	0.080
0.047	0.032	0.920	0.001
0.018	0.001	0.953	0.028
0.246	0.001	0.752	0.001
0.868	0.094	0.011	0.027
0.514	0.054	0.320	0.112
0.124	0.594	0.212	0.070
>CCCTCTGG	3-CCCTCTGG	4.579992	-4.629813	0	T:295.0(75.45%),B:40969.3(69.97%),P:1e-2	Tpos:102.9,Tstd:58.0,Bpos:13022.9,Bstd:13046.9,StrandBias:0.1,Multiplicity:1.34
0.139	0.656	0.106	0.099
0.092	0.718	0.082	0.108
0.017	0.848	0.081	0.054
0.091	0.098	0.032	0.779
0.037	0.734	0.083	0.146
0.080	0.042	0.044	0.834
0.071	0.084	0.781	0.064
0.093	0.187	0.651	0.069
>TCCCYSWC	4-TCCCYSWC	5.408828	-4.115365	0	T:260.0(66.50%),B:35788.3(61.12%),P:1e-1	Tpos:101.7,Tstd:56.4,Bpos:13048.4,Bstd:13513.5,StrandBias:0.1,Multiplicity:1.20
0.001	0.026	0.001	0.972
0.001	0.997	0.001	0.001
0.001	0.997	0.001	0.001
0.001	0.997	0.001	0.001
0.161	0.358	0.055	0.427
0.049	0.459	0.342	0.150
0.436	0.221	0.027	0.315
0.204	0.448	0.238	0.110
>GCGCYGCG	5-GCGCYGCG	8.816146	-0.723806	0	T:13.0(3.32%),B:1875.8(3.20%),P:1e0	Tpos:87.0,Tstd:43.1,Bpos:2657.4,Bstd:8401.0,StrandBias:0.0,Multiplicity:1.08
0.009	0.283	0.707	0.001
0.003	0.826	0.170	0.001
0.001	0.001	0.904	0.094
0.004	0.994	0.001	0.001
0.208	0.240	0.169	0.382
0.001	0.083	0.915	0.001
0.174	0.710	0.115	0.001
0.001	0.092	0.790	0.117
>TTCTCCGC	6-TTCTCCGC	4.960882	-0.706971	0	T:212.0(54.22%),B:31645.0(54.05%),P:1e0	Tpos:101.1,Tstd:57.0,Bpos:10679.9,Bstd:15319.6,StrandBias:-0.2,Multiplicity:1.55
0.042	0.160	0.050	0.748
0.068	0.139	0.160	0.633
0.032	0.779	0.074	0.115
0.067	0.132	0.174	0.627
0.039	0.779	0.119	0.063
0.046	0.798	0.072	0.084
0.028	0.110	0.842	0.020
0.026	0.799	0.090	0.085
>CCTCTGGG	7-CCTCTGGG	3.872322	-0.565402	0	T:244.0(62.40%),B:36704.6(62.69%),P:1e0	Tpos:91.3,Tstd:55.7,Bpos:12050.9,Bstd:13987.4,StrandBias:-0.0,Multiplicity:1.41
0.054	0.750	0.060	0.136
0.001	0.880	0.109	0.010
0.001	0.061	0.001	0.937
0.023	0.873	0.043	0.061
0.109	0.034	0.001	0.856
0.001	0.020	0.978	0.001
0.001	0.108	0.890	0.001
0.001	0.028	0.970	0.001
>YBCGCVGC	8-YBCGCVGC	7.398740	-0.382063	0	T:9.0(2.30%),B:1514.0(2.59%),P:1e0	Tpos:140.2,Tstd:63.9,Bpos:3722.7,Bstd:10757.9,StrandBias:-0.6,Multiplicity:1.00
0.001	0.413	0.247	0.339
0.001	0.341	0.277	0.381
0.001	0.997	0.001	0.001
0.001	0.001	0.997	0.001
0.001	0.626	0.372	0.001
0.296	0.418	0.285	0.001
0.001	0.001	0.997	0.001
0.387	0.611	0.001	0.001
>GCGCTCCC	9-GCGCTCCC	5.315412	-0.378896	0	T:210.0(53.71%),B:32081.9(54.79%),P:1e0	Tpos:100.9,Tstd:55.3,Bpos:9739.2,Bstd:15734.8,StrandBias:0.2,Multiplicity:1.46
0.001	0.101	0.832	0.066
0.053	0.686	0.101	0.160
0.001	0.114	0.717	0.168
0.017	0.700	0.074	0.209
0.001	0.124	0.167	0.708
0.001	0.676	0.125	0.198
0.018	0.743	0.082	0.157
0.001	0.941	0.057	0.001
>SSGCGGCG	10-SSGCGGCG	5.862048	-0.164474	0	T:140.0(35.81%),B:22375.7(38.22%),P:1e0	Tpos:100.0,Tstd:55.0,Bpos:2972.6,Bstd:9315.9,StrandBias:-0.1,Multiplicity:2.58
0.001	0.451	0.547	0.001
0.131	0.369	0.314	0.185
0.001	0.299	0.563	0.137
0.001	0.997	0.001	0.001
0.027	0.360	0.522	0.091
0.001	0.151	0.847	0.001
0.227	0.771	0.001	0.001
0.001	0.062	0.936	0.001
>CTCCCCCG	11-CTCCCCCG	10.182213	-0.134216	0	T:13.0(3.32%),B:2560.0(4.37%),P:1e0	Tpos:168.0,Tstd:31.2,Bpos:7057.3,Bstd:13996.0,StrandBias:1.6,Multiplicity:1.00
0.014	0.960	0.009	0.017
0.001	0.001	0.001	0.997
0.001	0.900	0.024	0.075
0.001	0.992	0.006	0.001
0.014	0.984	0.001	0.001
0.001	0.995	0.001	0.003
0.024	0.745	0.034	0.197
0.189	0.018	0.647	0.146
>GCGGCGCC	12-GCGGCGCC	8.863327	-0.095051	0	T:14.0(3.58%),B:2856.8(4.88%),P:1e0	Tpos:55.0,Tstd:0.0,Bpos:4920.4,Bstd:11007.0,StrandBias:10.0,Multiplicity:1.00
0.019	0.083	0.829	0.069
0.079	0.787	0.056	0.078
0.012	0.180	0.732	0.076
0.001	0.201	0.769	0.029
0.094	0.807	0.088	0.011
0.004	0.034	0.830	0.132
0.146	0.621	0.186	0.047
0.144	0.706	0.106	0.044
>SYYGGGGA	13-SYYGGGGA	8.323462	-0.031824	0	T:21.0(5.37%),B:4483.8(7.66%),P:1e0	Tpos:62.3,Tstd:15.3,Bpos:7172.7,Bstd:14452.8,StrandBias:-1.0,Multiplicity:1.00
0.034	0.494	0.471	0.001
0.001	0.425	0.239	0.334
0.001	0.547	0.001	0.451
0.417	0.001	0.581	0.001
0.001	0.001	0.997	0.001
0.001	0.001	0.997	0.001
0.001	0.001	0.997	0.001
0.997	0.001	0.001	0.001
>SGGGRAMG	14-SGGGRAMG	5.283377	-0.025371	0	T:7.0(1.79%),B:1940.8(3.31%),P:1e0	Tpos:95.2,Tstd:67.6,Bpos:8856.4,Bstd:14455.7,StrandBias:0.6,Multiplicity:1.00
0.085	0.386	0.297	0.232
0.001	0.350	0.567	0.082
0.017	0.370	0.588	0.025
0.001	0.328	0.646	0.025
0.424	0.075	0.300	0.201
0.542	0.019	0.385	0.054
0.332	0.355	0.205	0.109
0.152	0.275	0.474	0.099
>CCCGCGCG	15-CCCGCGCG	8.236954	-0.012518	0	T:7.0(1.79%),B:2110.6(3.60%),P:1e0	Tpos:83.8,Tstd:41.9,Bpos:2008.1,Bstd:6588.0,StrandBias:1.6,Multiplicity:1.00
0.100	0.700	0.100	0.100
0.100	0.700	0.100	0.100
0.100	0.700	0.100	0.100
0.100	0.100	0.700	0.100
0.100	0.700	0.100	0.100
0.100	0.100	0.700	0.100
0.100	0.700	0.100	0.100
0.100	0.100	0.700	0.100
>GCGTCGGG	16-GCGTCGGG	6.663663	-0.007875	0	T:36.0(9.21%),B:7636.8(13.04%),P:1e0	Tpos:90.7,Tstd:45.0,Bpos:5265.8,Bstd:13352.4,StrandBias:-1.0,Multiplicity:1.00
0.038	0.089	0.775	0.098
0.080	0.814	0.054	0.052
0.068	0.089	0.801	0.042
0.056	0.154	0.256	0.534
0.129	0.735	0.055	0.081
0.038	0.088	0.806	0.068
0.056	0.073	0.809	0.062
0.072	0.121	0.731	0.076
>CCTCCYCC	17-CCTCCYCC	9.353151	-0.000644	0	T:53.0(13.55%),B:11505.1(19.65%),P:1e0	Tpos:88.1,Tstd:36.7,Bpos:9622.3,Bstd:15467.8,StrandBias:3.2,Multiplicity:1.00
0.051	0.947	0.001	0.001
0.001	0.947	0.001	0.051
0.001	0.001	0.001	0.997
0.001	0.786	0.212	0.001
0.001	0.678	0.001	0.320
0.001	0.529	0.001	0.469
0.001	0.997	0.001	0.001
0.001	0.790	0.001	0.208
>TCCCCNAS	18-TCCCCNAS	9.066983	-0.000261	0	T:15.0(3.84%),B:4719.8(8.06%),P:1e0	Tpos:102.8,Tstd:42.3,Bpos:12383.4,Bstd:13223.9,StrandBias:-0.6,Multiplicity:1.00
0.001	0.001	0.001	0.997
0.001	0.997	0.001	0.001
0.001	0.997	0.001	0.001
0.001	0.997	0.001	0.001
0.001	0.997	0.001	0.001
0.279	0.162	0.279	0.279
0.859	0.139	0.001	0.001
0.019	0.560	0.420	0.001
>CCCCCTCC	19-CCCCCTCC	8.965124	-0.000226	0	T:22.0(5.63%),B:6172.8(10.54%),P:1e0	Tpos:166.0,Tstd:21.9,Bpos:10401.8,Bstd:14630.0,StrandBias:2.0,Multiplicity:1.00
0.001	0.849	0.037	0.113
0.001	0.793	0.001	0.205
0.187	0.713	0.001	0.099
0.001	0.828	0.001	0.170
0.038	0.572	0.038	0.352
0.001	0.113	0.001	0.885
0.001	0.650	0.020	0.329
0.001	0.913	0.001	0.085
>CCCCCTTC	20-CCCCCTTC	8.750859	-0.000023	0	T:7.0(1.79%),B:3417.6(5.84%),P:1e0	Tpos:127.5,Tstd:64.5,Bpos:12287.8,Bstd:14369.3,StrandBias:10.0,Multiplicity:1.00
0.044	0.775	0.089	0.092
0.051	0.729	0.014	0.206
0.079	0.736	0.048	0.137
0.075	0.692	0.029	0.204
0.045	0.744	0.035	0.176
0.056	0.085	0.010	0.849
0.053	0.247	0.087	0.613
0.015	0.865	0.028	0.092
>CCCTGMTT	21-CCCTGMTT	9.394641	-0.000020	0	T:7.0(1.79%),B:3439.2(5.87%),P:1e0	Tpos:63.0,Tstd:31.6,Bpos:12983.2,Bstd:11936.0,StrandBias:0.0,Multiplicity:1.00
0.001	0.997	0.001	0.001
0.001	0.890	0.001	0.108
0.001	0.997	0.001	0.001
0.001	0.001	0.001	0.997
0.001	0.001	0.997	0.001
0.401	0.489	0.073	0.036
0.218	0.001	0.001	0.780
0.001	0.255	0.197	0.547
>GGGAGGGA	22-GGGAGGGA	10.460958	-0.000007	0	T:19.0(4.86%),B:6410.6(10.95%),P:1e0	Tpos:130.4,Tstd:62.9,Bpos:13605.1,Bstd:14672.9,StrandBias:2.2,Multiplicity:1.38
0.001	0.001	0.997	0.001
0.001	0.001	0.997	0.001
0.001	0.173	0.825	0.001
0.956	0.001	0.042	0.001
0.086	0.001	0.912	0.001
0.001	0.001	0.997	0.001
0.001	0.042	0.956	0.001
0.782	0.001	0.216	0.001
>AGAGSCCC	23-AGAGSCCC	6.373298	-0.000002	0	T:5.0(1.28%),B:3285.2(5.61%),P:1e0	Tpos:167.7,Tstd:19.3,Bpos:11994.9,Bstd:13430.9,StrandBias:-1.0,Multiplicity:1.00
0.614	0.001	0.338	0.047
0.255	0.001	0.743	0.001
0.586	0.025	0.311	0.078
0.177	0.001	0.756	0.066
0.120	0.311	0.431	0.137
0.071	0.563	0.259	0.107
0.165	0.425	0.253	0.158
0.146	0.429	0.183	0.242
>GRSCCCTC	24-GRSCCCTC	8.790547	-0.000002	0	T:2.0(0.51%),B:2389.0(4.08%),P:1e0	Tpos:96.5,Tstd:35.5,Bpos:11027.6,Bstd:14828.2,StrandBias:-10.0,Multiplicity:1.00
0.357	0.001	0.641	0.001
0.541	0.001	0.457	0.001
0.001	0.545	0.453	0.001
0.001	0.997	0.001	0.001
0.001	0.997	0.001	0.001
0.001	0.997	0.001	0.001
0.001	0.001	0.001	0.997
0.001	0.537	0.191	0.271
>GGAAGCCC	25-GGAAGCCC	7.706990	-0.000000	0	T:17.0(4.35%),B:6788.9(11.59%),P:1e0	Tpos:164.3,Tstd:30.1,Bpos:10035.7,Bstd:15709.4,StrandBias:1.0,Multiplicity:1.00
0.076	0.001	0.904	0.019
0.053	0.001	0.945	0.001
0.883	0.001	0.115	0.001
0.579	0.001	0.419	0.001
0.120	0.332	0.513	0.035
0.108	0.732	0.159	0.001
0.211	0.668	0.001	0.120
0.136	0.428	0.217	0.219
