>CGGTGCCTGGAG	9-CGGTGCCTGGAG,BestGuess:LEU3/LEU3_SM/47-LEU3(Harbison)/Yeast(0.639)	11.683403	-1.336572	0	T:1.0(0.09%),B:19.3(0.03%),P:1e0
0.061	0.685	0.143	0.111
0.021	0.115	0.829	0.035
0.151	0.145	0.648	0.056
0.157	0.185	0.113	0.545
0.146	0.143	0.619	0.092
0.102	0.630	0.177	0.091
0.073	0.748	0.108	0.071
0.110	0.153	0.191	0.546
0.072	0.140	0.727	0.061
0.066	0.050	0.734	0.150
0.649	0.201	0.085	0.065
0.099	0.146	0.639	0.116
