>TGCGGGCRGGRH	4-TGCGGGCRGGRH,BestGuess:KLF15/MA1513.1/Jaspar(0.767)	8.704030	-2.397936	0	T:6.0(0.55%),B:198.5(0.28%),P:1e-1
0.119	0.164	0.196	0.521
0.140	0.142	0.646	0.072
0.055	0.570	0.184	0.191
0.247	0.081	0.619	0.053
0.110	0.220	0.583	0.087
0.127	0.149	0.638	0.086
0.072	0.556	0.279	0.093
0.460	0.097	0.378	0.065
0.098	0.144	0.689	0.069
0.090	0.273	0.552	0.085
0.316	0.214	0.428	0.042
0.271	0.322	0.134	0.273
