>CCGVGCGNCNBG	18-CCGVGCGNCNBG,BestGuess:RSC30/MA0375.1/Jaspar(0.665)	7.482481	-0.033939	0	T:3.0(0.27%),B:446.6(0.63%),P:1e0
0.001	0.716	0.282	0.001
0.001	0.591	0.407	0.001
0.001	0.279	0.719	0.001
0.278	0.344	0.377	0.001
0.189	0.220	0.436	0.156
0.001	0.655	0.343	0.001
0.001	0.187	0.533	0.279
0.189	0.313	0.248	0.251
0.219	0.533	0.001	0.247
0.282	0.216	0.219	0.282
0.001	0.376	0.345	0.279
0.001	0.282	0.466	0.250
