>CTGCCCTGCTCT	15-CTGCCCTGCTCT,BestGuess:THAP1/MA0597.1/Jaspar(0.609)	12.923893	-0.140398	0	T:2.0(0.18%),B:231.6(0.32%),P:1e0
0.037	0.793	0.138	0.032
0.056	0.021	0.001	0.922
0.037	0.001	0.902	0.060
0.001	0.900	0.023	0.076
0.032	0.887	0.077	0.004
0.063	0.669	0.113	0.155
0.038	0.032	0.130	0.800
0.035	0.097	0.867	0.001
0.001	0.932	0.017	0.050
0.096	0.152	0.090	0.662
0.039	0.865	0.044	0.052
0.049	0.124	0.018	0.809
