# universalmotif version 1.16.0

---
name: motif1.motif_air_100
family: '?'
alphabet: DNA
type: PPM
icscore: 6.2699999999999995736744
nsites: 20895.0
pseudocount: 0.3333333333333333148296
bkg:
  A: 0.3246883316991175383315
  C: 0.175335107624784047875
  G: 0.1754490358126721827325
  T: 0.324527524863426231061
  AA: 0.119177630958273716999
  AC: 0.0520059399098086738711
  AG: 0.0580365310648853216513
  AT: 0.095696794620925215713
  CA: 0.0629853294290914633713
  CC: 0.0314809775223847260195
  CG: 0.0224865332098840402242
  CT: 0.0580253601743860522588
  GA: 0.0628000240690447381064
  GC: 0.0287694550680030296241
  GG: 0.0317464504495438559761
  GT: 0.0518798684313169083948
  TA: 0.0799398311430721680848
  TC: 0.0628390752492774817828
  TG: 0.0628948358287444303505
  TT: 0.1192353628713581775722
bkgsites: 45204.3000000000029103830457
consensus: TTKGGTTTGGTT
strand: +-
pval: 0.0
extrainfo:
  logodds.threshold: '3.051420'
motif:
- 1.570e-01 8.900e-02 1.100e-01 6.440e-01
- 1.020e-01 8.100e-02 6.000e-02 7.570e-01
- 7.100e-02 1.260e-01 2.660e-01 5.370e-01
- 1.100e-01 8.800e-02 6.320e-01 1.700e-01
- 2.430e-01 9.500e-02 5.190e-01 1.430e-01
- 1.440e-01 7.400e-02 1.510e-01 6.310e-01
- 3.800e-02 5.000e-02 7.500e-02 8.370e-01
- 6.500e-02 9.100e-02 1.530e-01 6.910e-01
- 8.500e-02 1.410e-01 5.280e-01 2.460e-01
- 1.520e-01 1.460e-01 5.250e-01 1.770e-01
- 2.090e-01 6.300e-02 2.210e-01 5.070e-01
- 1.040e-01 9.300e-02 8.700e-02 7.160e-01

