>NNHAVCCACANN	12-NNHAVCCACANN,BestGuess:RUNX1/MA0002.2/Jaspar(0.942)	7.949660	-0.000000	0	T:105.0(0.49%),B:4644.0(5.34%),P:1e0
0.268	0.246	0.237	0.249
0.268	0.281	0.199	0.252
0.361	0.315	0.025	0.299
0.638	0.039	0.269	0.054
0.325	0.370	0.282	0.023
0.064	0.805	0.056	0.075
0.062	0.873	0.013	0.052
0.837	0.064	0.028	0.071
0.073	0.778	0.084	0.065
0.851	0.048	0.038	0.063
0.263	0.189	0.297	0.251
0.289	0.260	0.203	0.248
