# universalmotif version 1.16.0

---
name: motif_bio_caracteristico
alphabet: DNA
type: PPM
icscore: 7.2099999999999999644729
nsites: 31917.0
pseudocount: 0.3333333333333333148296
bkg:
  A: 0.2856602519965287800829
  C: 0.2138880414880616198658
  G: 0.2141303788709418287617
  T: 0.2863213276444677712895
consensus: WGATAARNNANA
strand: +-
motif:
- 6.063e-01 1.173e-02 1.266e-02 3.693e-01
- 5.023e-02 4.123e-02 6.879e-01 2.206e-01
- 7.263e-01 5.950e-03 2.959e-02 2.382e-01
- 8.895e-02 8.553e-02 1.048e-01 7.207e-01
- 6.879e-01 1.476e-01 5.428e-02 1.102e-01
- 8.589e-01 6.813e-02 2.560e-02 4.741e-02
- 3.451e-01 9.742e-02 4.412e-01 1.164e-01
- 4.990e-01 1.316e-01 2.477e-01 1.217e-01
- 3.903e-01 2.100e-01 1.968e-01 2.029e-01
- 5.282e-01 1.053e-01 1.312e-01 2.353e-01
- 2.654e-01 1.599e-01 3.461e-01 2.286e-01
- 8.463e-01 4.959e-02 5.672e-02 4.744e-02

