>CTTATCTG	1-CTTATCTG	4.087474	-1342.300805	0	T:14997.0(69.59%),B:41899.5(50.16%),P:1e-582	Tpos:50.3,Tstd:24.5,Bpos:15162.6,Bstd:19095.3,StrandBias:0.0,Multiplicity:1.52
0.021	0.876	0.049	0.054
0.010	0.012	0.001	0.977
0.009	0.001	0.001	0.989
0.997	0.001	0.001	0.001
0.001	0.001	0.001	0.997
0.001	0.997	0.001	0.001
0.157	0.001	0.007	0.835
0.112	0.197	0.509	0.182
>TATCTKHN	2-TATCTKHN	5.775641	-238.074970	0	T:14034.0(65.12%),B:47640.9(57.03%),P:1e-103	Tpos:50.4,Tstd:27.2,Bpos:15384.9,Bstd:19226.6,StrandBias:0.0,Multiplicity:1.18
0.001	0.001	0.160	0.838
0.994	0.001	0.004	0.001
0.002	0.001	0.001	0.996
0.063	0.823	0.001	0.113
0.346	0.002	0.007	0.645
0.143	0.210	0.386	0.261
0.192	0.328	0.177	0.303
0.260	0.177	0.286	0.277
>TCWDWWAT	3-TCWDWWAT	5.071482	-0.000000	0	T:4660.0(21.62%),B:44696.2(53.51%),P:1e0	Tpos:49.9,Tstd:28.4,Bpos:15215.3,Bstd:19027.7,StrandBias:0.0,Multiplicity:1.08
0.054	0.030	0.001	0.915
0.147	0.655	0.107	0.091
0.439	0.031	0.001	0.529
0.257	0.098	0.327	0.318
0.349	0.153	0.098	0.400
0.436	0.153	0.090	0.321
0.578	0.036	0.028	0.358
0.255	0.053	0.173	0.519
>TATTATHA	4-TATTATHA	2.530150	-0.000000	0	T:4353.0(20.20%),B:40135.6(48.05%),P:1e0	Tpos:49.8,Tstd:28.8,Bpos:14840.1,Bstd:19271.0,StrandBias:0.0,Multiplicity:1.06
0.186	0.121	0.001	0.692
0.997	0.001	0.001	0.001
0.001	0.001	0.001	0.997
0.001	0.001	0.001	0.997
0.997	0.001	0.001	0.001
0.001	0.001	0.001	0.997
0.348	0.286	0.001	0.365
0.680	0.001	0.001	0.318
>ATATCATC	5-ATATCATC	6.291044	-0.000000	0	T:2489.0(11.55%),B:36804.5(44.06%),P:1e0	Tpos:49.7,Tstd:28.8,Bpos:15407.5,Bstd:19144.0,StrandBias:0.2,Multiplicity:1.04
0.700	0.100	0.100	0.100
0.100	0.100	0.100	0.700
0.700	0.100	0.100	0.100
0.100	0.100	0.100	0.700
0.100	0.700	0.100	0.100
0.700	0.100	0.100	0.100
0.100	0.100	0.100	0.700
0.100	0.700	0.100	0.100
>ATCAGATN	6-ATCAGATN	6.492524	-0.000000	0	T:2886.0(13.39%),B:36579.6(43.79%),P:1e0	Tpos:49.4,Tstd:28.3,Bpos:15535.8,Bstd:18941.4,StrandBias:-0.2,Multiplicity:1.03
0.997	0.001	0.001	0.001
0.001	0.001	0.001	0.997
0.001	0.997	0.001	0.001
0.611	0.001	0.001	0.387
0.217	0.110	0.586	0.087
0.606	0.108	0.001	0.285
0.256	0.040	0.270	0.433
0.303	0.249	0.266	0.183
>TTTTTTTW	7-TTTTTTTW	3.634789	-0.000000	0	T:11360.0(52.71%),B:62197.4(74.46%),P:1e0	Tpos:49.8,Tstd:28.9,Bpos:15699.8,Bstd:18913.7,StrandBias:-0.0,Multiplicity:1.09
0.293	0.124	0.037	0.546
0.221	0.199	0.114	0.465
0.180	0.081	0.154	0.585
0.036	0.242	0.232	0.490
0.109	0.206	0.138	0.547
0.119	0.239	0.185	0.457
0.296	0.167	0.070	0.466
0.323	0.094	0.162	0.421
>GATAAWRA	8-GATAAWRA	7.273827	-0.000000	0	T:617.0(2.86%),B:10392.6(12.44%),P:1e0	Tpos:54.2,Tstd:32.2,Bpos:18158.7,Bstd:19606.1,StrandBias:-0.1,Multiplicity:1.00
0.001	0.001	0.935	0.063
0.997	0.001	0.001	0.001
0.001	0.001	0.001	0.997
0.589	0.052	0.115	0.244
0.638	0.210	0.060	0.092
0.407	0.058	0.219	0.317
0.314	0.189	0.344	0.153
0.450	0.138	0.220	0.192
>ATCTWYWK	9-ATCTWYWK	6.322746	-0.000000	0	T:5102.0(23.67%),B:43715.5(52.34%),P:1e0	Tpos:50.1,Tstd:28.6,Bpos:15265.8,Bstd:19040.7,StrandBias:0.1,Multiplicity:1.05
0.997	0.001	0.001	0.001
0.001	0.001	0.001	0.997
0.001	0.997	0.001	0.001
0.001	0.001	0.001	0.997
0.483	0.001	0.101	0.415
0.183	0.375	0.088	0.354
0.483	0.001	0.139	0.377
0.162	0.038	0.438	0.362
>ANNMTATC	10-ANNMTATC	5.990283	-0.000000	0	T:7412.0(34.39%),B:43481.1(52.05%),P:1e0	Tpos:49.8,Tstd:27.8,Bpos:16130.4,Bstd:19863.9,StrandBias:-0.1,Multiplicity:1.07
0.490	0.251	0.242	0.016
0.293	0.230	0.167	0.310
0.251	0.242	0.271	0.236
0.449	0.336	0.001	0.214
0.001	0.001	0.001	0.997
0.997	0.001	0.001	0.001
0.001	0.001	0.001	0.997
0.001	0.997	0.001	0.001
>WTTTTTTW	11-WTTTTTTW	3.905396	-0.000000	0	T:6219.0(28.86%),B:50375.7(60.31%),P:1e0	Tpos:49.7,Tstd:30.1,Bpos:14828.6,Bstd:17554.9,StrandBias:-0.1,Multiplicity:1.11
0.336	0.139	0.072	0.453
0.206	0.193	0.103	0.498
0.152	0.198	0.157	0.493
0.153	0.187	0.133	0.527
0.111	0.284	0.166	0.439
0.229	0.201	0.025	0.545
0.226	0.152	0.167	0.454
0.388	0.090	0.107	0.415
>ATCTKTKW	12-ATCTKTKW	6.007488	-0.000000	0	T:7619.0(35.35%),B:48762.6(58.38%),P:1e0	Tpos:50.2,Tstd:27.7,Bpos:15443.6,Bstd:18926.7,StrandBias:-0.0,Multiplicity:1.05
0.997	0.001	0.001	0.001
0.001	0.001	0.001	0.997
0.001	0.997	0.001	0.001
0.200	0.001	0.001	0.798
0.001	0.200	0.417	0.382
0.177	0.230	0.155	0.438
0.242	0.001	0.323	0.434
0.404	0.108	0.098	0.391
>ATCTKTWW	13-ATCTKTWW	6.600119	-0.000000	0	T:4073.0(18.90%),B:39369.6(47.13%),P:1e0	Tpos:50.7,Tstd:28.1,Bpos:15055.0,Bstd:18905.2,StrandBias:-0.0,Multiplicity:1.05
0.997	0.001	0.001	0.001
0.001	0.001	0.001	0.997
0.001	0.997	0.001	0.001
0.001	0.001	0.001	0.997
0.112	0.153	0.356	0.379
0.136	0.256	0.170	0.437
0.286	0.205	0.146	0.362
0.356	0.034	0.210	0.400
>WWMANAGA	14-WWMANAGA	7.443310	-0.000000	0	T:978.0(4.54%),B:24183.3(28.95%),P:1e0	Tpos:50.7,Tstd:28.4,Bpos:15555.1,Bstd:18786.3,StrandBias:0.1,Multiplicity:1.02
0.394	0.047	0.156	0.403
0.471	0.001	0.001	0.527
0.403	0.429	0.001	0.168
0.997	0.001	0.001	0.001
0.258	0.324	0.240	0.178
0.997	0.001	0.001	0.001
0.001	0.001	0.997	0.001
0.997	0.001	0.001	0.001
>ATCAANMW	15-ATCAANMW	5.445663	-0.000000	0	T:5723.0(26.56%),B:46875.6(56.12%),P:1e0	Tpos:51.1,Tstd:28.9,Bpos:15723.8,Bstd:19051.9,StrandBias:0.0,Multiplicity:1.08
0.989	0.009	0.001	0.001
0.020	0.008	0.016	0.956
0.034	0.939	0.026	0.001
0.663	0.034	0.001	0.302
0.423	0.153	0.240	0.185
0.268	0.235	0.224	0.274
0.391	0.282	0.111	0.217
0.356	0.175	0.133	0.336
>TTTTTTTW	16-TTTTTTTW	4.167297	-0.000000	0	T:5832.0(27.06%),B:49504.9(59.27%),P:1e0	Tpos:51.0,Tstd:30.3,Bpos:15807.3,Bstd:18610.2,StrandBias:0.3,Multiplicity:1.00
0.283	0.156	0.095	0.465
0.186	0.181	0.113	0.520
0.177	0.174	0.055	0.594
0.123	0.181	0.167	0.529
0.073	0.210	0.144	0.573
0.137	0.166	0.149	0.548
0.172	0.176	0.158	0.494
0.363	0.118	0.109	0.409
>TAATCATC	17-TAATCATC	5.416934	-0.000000	0	T:4146.0(19.24%),B:44676.2(53.49%),P:1e0	Tpos:48.8,Tstd:27.8,Bpos:15549.8,Bstd:18870.9,StrandBias:-0.0,Multiplicity:1.04
0.290	0.172	0.019	0.519
0.492	0.262	0.145	0.101
0.913	0.001	0.037	0.049
0.056	0.074	0.072	0.798
0.074	0.757	0.051	0.118
0.961	0.026	0.001	0.012
0.001	0.122	0.139	0.738
0.104	0.641	0.138	0.117
>TATCTAHV	18-TATCTAHV	7.750742	-0.000000	0	T:699.0(3.24%),B:11757.9(14.08%),P:1e0	Tpos:51.0,Tstd:29.1,Bpos:17071.0,Bstd:22633.4,StrandBias:-0.2,Multiplicity:2.55
0.001	0.001	0.001	0.997
0.997	0.001	0.001	0.001
0.001	0.010	0.001	0.988
0.001	0.984	0.001	0.014
0.001	0.001	0.001	0.997
0.412	0.189	0.206	0.192
0.285	0.269	0.136	0.309
0.229	0.332	0.261	0.177
>TGAAAAGA	19-TGAAAAGA	7.208330	-0.000000	0	T:1009.0(4.68%),B:30066.2(35.99%),P:1e0	Tpos:49.1,Tstd:28.9,Bpos:15681.1,Bstd:18875.2,StrandBias:-0.1,Multiplicity:1.01
0.109	0.043	0.065	0.783
0.139	0.131	0.604	0.126
0.751	0.078	0.062	0.109
0.808	0.054	0.064	0.074
0.770	0.094	0.040	0.096
0.784	0.008	0.033	0.175
0.115	0.068	0.629	0.188
0.872	0.021	0.045	0.062
>TCTGATTA	20-TCTGATTA	5.022583	-0.000000	0	T:4416.0(20.49%),B:42157.1(50.47%),P:1e0	Tpos:48.9,Tstd:27.8,Bpos:15159.9,Bstd:18994.3,StrandBias:-0.2,Multiplicity:1.04
0.097	0.058	0.044	0.801
0.139	0.547	0.136	0.178
0.183	0.034	0.046	0.737
0.168	0.155	0.488	0.190
0.641	0.086	0.093	0.180
0.207	0.061	0.097	0.635
0.178	0.098	0.146	0.578
0.575	0.100	0.133	0.192
>ATHTGNAW	21-ATHTGNAW	4.317317	-0.000000	0	T:7173.0(33.28%),B:49879.3(59.71%),P:1e0	Tpos:50.5,Tstd:28.2,Bpos:15090.2,Bstd:19276.1,StrandBias:0.1,Multiplicity:1.11
0.706	0.135	0.059	0.100
0.084	0.027	0.062	0.827
0.321	0.317	0.144	0.217
0.345	0.001	0.077	0.577
0.006	0.270	0.476	0.248
0.270	0.215	0.221	0.294
0.450	0.105	0.187	0.258
0.281	0.115	0.194	0.410
>AGATKAWN	22-AGATKAWN	6.968769	-0.000000	0	T:2804.0(13.01%),B:38269.9(45.82%),P:1e0	Tpos:50.3,Tstd:27.9,Bpos:15318.4,Bstd:19015.3,StrandBias:-0.1,Multiplicity:1.04
0.997	0.001	0.001	0.001
0.001	0.001	0.997	0.001
0.997	0.001	0.001	0.001
0.001	0.001	0.001	0.997
0.001	0.001	0.438	0.560
0.613	0.332	0.001	0.054
0.405	0.139	0.170	0.286
0.281	0.218	0.250	0.252
>GATTTDWW	23-GATTTDWW	5.597402	-0.000000	0	T:4792.0(22.24%),B:46571.3(55.75%),P:1e0	Tpos:49.6,Tstd:28.3,Bpos:15391.7,Bstd:18898.7,StrandBias:-0.0,Multiplicity:1.07
0.001	0.047	0.951	0.001
0.997	0.001	0.001	0.001
0.001	0.001	0.001	0.997
0.001	0.016	0.401	0.582
0.273	0.001	0.282	0.444
0.298	0.117	0.319	0.265
0.374	0.197	0.146	0.282
0.393	0.106	0.214	0.287
>GATAAATA	24-GATAAATA	4.345134	-0.000000	0	T:17360.0(80.55%),B:69083.1(82.70%),P:1e0	Tpos:49.9,Tstd:28.7,Bpos:15367.3,Bstd:18944.7,StrandBias:0.0,Multiplicity:1.35
0.100	0.100	0.700	0.100
0.700	0.100	0.100	0.100
0.100	0.100	0.100	0.700
0.700	0.100	0.100	0.100
0.700	0.100	0.100	0.100
0.700	0.100	0.100	0.100
0.100	0.100	0.100	0.700
0.700	0.100	0.100	0.100
>GATATCWR	25-GATATCWR	4.117901	-0.000000	0	T:11105.0(51.53%),B:52407.8(62.74%),P:1e0	Tpos:50.3,Tstd:27.7,Bpos:15388.3,Bstd:19008.8,StrandBias:-0.0,Multiplicity:1.07
0.190	0.178	0.519	0.113
0.602	0.178	0.010	0.210
0.148	0.126	0.057	0.669
0.860	0.121	0.009	0.010
0.164	0.067	0.086	0.683
0.123	0.583	0.162	0.132
0.393	0.120	0.136	0.350
0.386	0.180	0.250	0.185
