>NNBSTTATCT	1-NNBSTTATCT	5.334227	-1225.144095	0	T:14761.0(68.49%),B:41675.8(49.89%),P:1e-532	Tpos:50.1,Tstd:24.2,Bpos:15108.5,Bstd:19051.2,StrandBias:0.0,Multiplicity:1.49
0.222	0.266	0.290	0.221
0.224	0.266	0.277	0.233
0.143	0.335	0.306	0.216
0.205	0.358	0.245	0.193
0.037	0.109	0.001	0.853
0.051	0.068	0.028	0.853
0.940	0.025	0.009	0.026
0.030	0.033	0.015	0.922
0.001	0.992	0.006	0.001
0.366	0.036	0.065	0.533
>GATANRDNNN	2-GATANRDNNN	6.169432	-0.002727	0	T:10164.0(47.16%),B:40278.5(48.22%),P:1e0	Tpos:49.9,Tstd:27.0,Bpos:15627.7,Bstd:18978.5,StrandBias:-0.0,Multiplicity:1.05
0.001	0.001	0.997	0.001
0.997	0.001	0.001	0.001
0.001	0.001	0.001	0.997
0.997	0.001	0.001	0.001
0.281	0.218	0.322	0.179
0.448	0.018	0.533	0.001
0.354	0.130	0.291	0.224
0.210	0.258	0.318	0.214
0.321	0.227	0.238	0.214
0.176	0.238	0.321	0.265
>TCTHTNHNNR	3-TCTHTNHNNR	6.514836	-0.000000	0	T:3063.0(14.21%),B:41124.7(49.23%),P:1e0	Tpos:50.2,Tstd:27.5,Bpos:15687.9,Bstd:18811.1,StrandBias:0.1,Multiplicity:1.03
0.001	0.001	0.001	0.997
0.001	0.997	0.001	0.001
0.001	0.001	0.001	0.997
0.265	0.366	0.001	0.369
0.001	0.001	0.001	0.997
0.275	0.196	0.197	0.332
0.325	0.306	0.001	0.368
0.288	0.205	0.267	0.240
0.247	0.240	0.298	0.215
0.323	0.209	0.359	0.109
>TATCATMTYW	4-TATCATMTYW	8.255634	-0.000000	0	T:626.0(2.90%),B:16947.0(20.29%),P:1e0	Tpos:49.0,Tstd:30.3,Bpos:14892.3,Bstd:19168.3,StrandBias:0.0,Multiplicity:1.00
0.020	0.013	0.019	0.948
0.792	0.172	0.001	0.035
0.014	0.001	0.001	0.984
0.079	0.840	0.037	0.044
0.784	0.041	0.001	0.174
0.082	0.107	0.111	0.700
0.349	0.414	0.037	0.201
0.086	0.037	0.009	0.868
0.177	0.332	0.167	0.324
0.353	0.163	0.069	0.416
>DWARAAAAAD	5-DWARAAAAAD	5.466371	-0.000000	0	T:2204.0(10.23%),B:38729.3(46.37%),P:1e0	Tpos:54.0,Tstd:26.1,Bpos:14993.4,Bstd:18605.3,StrandBias:0.2,Multiplicity:1.00
0.362	0.080	0.234	0.324
0.388	0.130	0.228	0.253
0.504	0.001	0.215	0.280
0.419	0.153	0.279	0.150
0.548	0.118	0.173	0.161
0.572	0.001	0.234	0.193
0.487	0.112	0.260	0.141
0.694	0.146	0.143	0.017
0.682	0.001	0.097	0.220
0.376	0.026	0.281	0.318
>DDDANAGATA	6-DDDANAGATA	6.823507	-0.000000	0	T:8782.0(40.75%),B:38950.1(46.63%),P:1e0	Tpos:50.9,Tstd:28.2,Bpos:15452.9,Bstd:19665.4,StrandBias:0.1,Multiplicity:1.17
0.332	0.172	0.273	0.223
0.383	0.111	0.244	0.261
0.333	0.145	0.252	0.271
0.434	0.062	0.248	0.257
0.236	0.218	0.290	0.256
0.836	0.001	0.001	0.162
0.001	0.001	0.997	0.001
0.997	0.001	0.001	0.001
0.001	0.001	0.001	0.997
0.997	0.001	0.001	0.001
>GATATATCTT	7-GATATATCTT	5.940409	-0.000000	0	T:2598.0(12.06%),B:36821.4(44.08%),P:1e0	Tpos:48.3,Tstd:27.5,Bpos:15238.8,Bstd:19337.6,StrandBias:0.0,Multiplicity:1.05
0.088	0.114	0.606	0.192
0.721	0.082	0.090	0.107
0.155	0.104	0.166	0.575
0.874	0.071	0.054	0.001
0.006	0.039	0.085	0.870
0.618	0.208	0.046	0.128
0.045	0.053	0.135	0.767
0.091	0.685	0.054	0.170
0.212	0.106	0.008	0.674
0.197	0.064	0.206	0.533
>THTTTTTTWW	8-THTTTTTTWW	5.138492	-0.000000	0	T:4252.0(19.73%),B:44686.0(53.50%),P:1e0	Tpos:48.8,Tstd:29.5,Bpos:14979.6,Bstd:17824.7,StrandBias:-0.2,Multiplicity:1.10
0.281	0.143	0.101	0.475
0.280	0.254	0.100	0.365
0.319	0.001	0.001	0.679
0.226	0.194	0.147	0.433
0.268	0.185	0.001	0.546
0.250	0.231	0.001	0.518
0.243	0.210	0.001	0.546
0.290	0.212	0.001	0.497
0.379	0.164	0.001	0.455
0.360	0.129	0.039	0.471
>NBNNMAGATA	9-NBNNMAGATA	8.046513	-0.000000	0	T:175.0(0.81%),B:5606.1(6.71%),P:1e0	Tpos:51.9,Tstd:29.2,Bpos:15265.7,Bstd:19354.3,StrandBias:-0.3,Multiplicity:1.00
0.200	0.240	0.227	0.334
0.137	0.312	0.235	0.316
0.206	0.291	0.215	0.288
0.188	0.320	0.283	0.210
0.338	0.378	0.073	0.212
0.919	0.001	0.001	0.079
0.001	0.001	0.997	0.001
0.997	0.001	0.001	0.001
0.001	0.001	0.001	0.997
0.997	0.001	0.001	0.001
>TATCANNWDN	10-TATCANNWDN	7.270569	-0.000000	0	T:794.0(3.68%),B:17038.9(20.40%),P:1e0	Tpos:50.9,Tstd:28.7,Bpos:15270.9,Bstd:19177.4,StrandBias:0.7,Multiplicity:1.01
0.001	0.001	0.001	0.997
0.995	0.003	0.001	0.001
0.001	0.001	0.001	0.997
0.001	0.997	0.001	0.001
0.566	0.063	0.001	0.370
0.204	0.190	0.286	0.320
0.208	0.276	0.212	0.305
0.355	0.173	0.159	0.312
0.353	0.104	0.317	0.226
0.315	0.230	0.187	0.268
>AAAAAAAAAW	11-AAAAAAAAAW	5.340941	-0.000000	0	T:3464.0(16.07%),B:42503.2(50.88%),P:1e0	Tpos:49.3,Tstd:30.3,Bpos:14929.8,Bstd:19355.8,StrandBias:1.0,Multiplicity:1.00
0.515	0.064	0.127	0.294
0.706	0.053	0.155	0.086
0.817	0.048	0.085	0.050
0.632	0.097	0.130	0.141
0.527	0.102	0.151	0.220
0.418	0.153	0.194	0.235
0.397	0.200	0.181	0.222
0.465	0.166	0.138	0.232
0.439	0.164	0.166	0.231
0.444	0.100	0.098	0.359
>AKATKDDNND	12-AKATKDDNND	6.177688	-0.000000	0	T:3898.0(18.09%),B:44634.9(53.44%),P:1e0	Tpos:50.4,Tstd:27.4,Bpos:15269.0,Bstd:18942.2,StrandBias:-0.0,Multiplicity:1.06
0.997	0.001	0.001	0.001
0.001	0.001	0.549	0.449
0.997	0.001	0.001	0.001
0.001	0.001	0.001	0.997
0.058	0.023	0.461	0.457
0.234	0.180	0.251	0.335
0.307	0.001	0.326	0.366
0.252	0.216	0.267	0.265
0.207	0.289	0.288	0.216
0.390	0.025	0.291	0.294
>TTTTTTTTTT	13-TTTTTTTTTT	4.861660	-0.000000	0	T:6836.0(31.72%),B:51589.4(61.76%),P:1e0	Tpos:50.8,Tstd:28.8,Bpos:15318.7,Bstd:18333.6,StrandBias:0.0,Multiplicity:1.09
0.253	0.134	0.017	0.596
0.227	0.168	0.082	0.523
0.225	0.100	0.094	0.581
0.197	0.145	0.127	0.531
0.211	0.157	0.083	0.549
0.222	0.154	0.069	0.555
0.195	0.156	0.064	0.585
0.197	0.166	0.050	0.587
0.251	0.167	0.048	0.534
0.282	0.109	0.001	0.608
>TTTTTTTTTT	14-TTTTTTTTTT	4.375459	-0.000000	0	T:9546.0(44.29%),B:57661.3(69.03%),P:1e0	Tpos:50.9,Tstd:28.4,Bpos:15511.2,Bstd:18874.3,StrandBias:0.1,Multiplicity:1.07
0.282	0.127	0.012	0.579
0.205	0.175	0.101	0.519
0.215	0.120	0.087	0.578
0.185	0.162	0.143	0.510
0.191	0.158	0.108	0.543
0.195	0.161	0.112	0.532
0.189	0.149	0.085	0.577
0.124	0.174	0.076	0.626
0.173	0.177	0.059	0.591
0.290	0.124	0.058	0.528
>HNNNWNAKAT	15-HNNNWNAKAT	6.141399	-0.000000	0	T:545.0(2.53%),B:17558.8(21.02%),P:1e0	Tpos:50.7,Tstd:30.2,Bpos:14796.8,Bstd:18536.7,StrandBias:0.6,Multiplicity:1.00
0.340	0.314	0.141	0.204
0.308	0.203	0.178	0.311
0.300	0.214	0.252	0.234
0.305	0.240	0.185	0.270
0.538	0.001	0.001	0.460
0.222	0.272	0.282	0.223
0.676	0.001	0.001	0.322
0.001	0.001	0.571	0.427
0.997	0.001	0.001	0.001
0.001	0.001	0.001	0.997
>WAAAAAAAAW	16-WAAAAAAAAW	4.284461	-0.000000	0	T:9891.0(45.90%),B:58897.8(70.51%),P:1e0	Tpos:48.8,Tstd:28.4,Bpos:15238.6,Bstd:19007.8,StrandBias:0.1,Multiplicity:1.07
0.460	0.079	0.127	0.333
0.647	0.043	0.159	0.151
0.752	0.083	0.086	0.079
0.560	0.094	0.141	0.205
0.470	0.139	0.172	0.218
0.437	0.171	0.159	0.233
0.484	0.142	0.134	0.240
0.456	0.203	0.177	0.164
0.647	0.126	0.001	0.226
0.393	0.052	0.205	0.349
>ATMTDNWWDD	17-ATMTDNWWDD	4.902916	-0.000000	0	T:5614.0(26.05%),B:47096.4(56.38%),P:1e0	Tpos:49.2,Tstd:28.3,Bpos:15093.3,Bstd:18971.1,StrandBias:-0.0,Multiplicity:1.09
0.760	0.001	0.001	0.238
0.001	0.001	0.156	0.842
0.352	0.314	0.135	0.200
0.409	0.001	0.001	0.589
0.291	0.001	0.340	0.367
0.306	0.210	0.251	0.232
0.412	0.247	0.001	0.340
0.410	0.101	0.182	0.307
0.373	0.001	0.277	0.348
0.341	0.169	0.243	0.247
>WTTNMAANAW	18-WTTNMAANAW	4.707610	-0.000000	0	T:6420.0(29.79%),B:50656.3(60.64%),P:1e0	Tpos:50.2,Tstd:28.3,Bpos:15376.3,Bstd:19042.8,StrandBias:-0.1,Multiplicity:1.08
0.384	0.099	0.014	0.503
0.247	0.128	0.036	0.589
0.173	0.001	0.101	0.725
0.206	0.194	0.274	0.326
0.432	0.354	0.082	0.132
0.629	0.275	0.001	0.095
0.578	0.001	0.107	0.314
0.320	0.190	0.254	0.236
0.502	0.116	0.088	0.294
0.365	0.078	0.173	0.384
>HNNHARAGAT	19-HNNHARAGAT	6.092001	-0.000000	0	T:7842.0(36.39%),B:49758.8(59.57%),P:1e0	Tpos:49.3,Tstd:28.0,Bpos:15123.0,Bstd:18786.7,StrandBias:-0.0,Multiplicity:1.08
0.379	0.250	0.001	0.370
0.236	0.220	0.210	0.334
0.246	0.257	0.217	0.280
0.320	0.367	0.001	0.312
0.537	0.001	0.085	0.377
0.267	0.199	0.352	0.181
0.954	0.001	0.001	0.044
0.001	0.001	0.575	0.423
0.997	0.001	0.001	0.001
0.001	0.001	0.001	0.997
>TATCANNNNN	20-TATCANNNNN	7.300684	-0.000000	0	T:280.0(1.30%),B:6224.2(7.45%),P:1e0	Tpos:49.1,Tstd:29.8,Bpos:14257.3,Bstd:18945.1,StrandBias:0.3,Multiplicity:1.00
0.003	0.003	0.002	0.992
0.962	0.014	0.014	0.010
0.004	0.001	0.004	0.991
0.004	0.982	0.003	0.011
0.677	0.026	0.003	0.294
0.213	0.214	0.332	0.241
0.250	0.253	0.189	0.307
0.343	0.211	0.200	0.246
0.278	0.208	0.239	0.275
0.242	0.287	0.204	0.266
>DAARWNAGAT	21-DAARWNAGAT	6.905050	-0.000000	0	T:3649.0(16.93%),B:37153.0(44.48%),P:1e0	Tpos:51.4,Tstd:27.6,Bpos:15309.3,Bstd:19082.3,StrandBias:0.0,Multiplicity:1.04
0.346	0.126	0.210	0.317
0.425	0.165	0.198	0.212
0.493	0.003	0.208	0.296
0.412	0.100	0.262	0.227
0.429	0.001	0.252	0.318
0.246	0.248	0.280	0.226
0.997	0.001	0.001	0.001
0.001	0.001	0.997	0.001
0.997	0.001	0.001	0.001
0.001	0.001	0.001	0.997
>WAANHAVAAA	22-WAANHAVAAA	5.417020	-0.000000	0	T:2982.0(13.84%),B:40755.2(48.79%),P:1e0	Tpos:50.9,Tstd:29.3,Bpos:15460.3,Bstd:18838.1,StrandBias:-0.3,Multiplicity:1.01
0.402	0.126	0.106	0.366
0.523	0.135	0.135	0.207
0.482	0.116	0.167	0.235
0.332	0.194	0.207	0.266
0.340	0.271	0.134	0.254
0.542	0.094	0.115	0.249
0.376	0.250	0.257	0.117
0.877	0.038	0.001	0.084
0.648	0.074	0.166	0.112
0.575	0.004	0.072	0.349
>NHHNNTGATA	23-NHHNNTGATA	7.332877	-0.000000	0	T:619.0(2.87%),B:11296.4(13.52%),P:1e0	Tpos:58.7,Tstd:29.1,Bpos:15676.4,Bstd:19146.1,StrandBias:0.2,Multiplicity:1.00
0.211	0.230	0.287	0.271
0.269	0.321	0.153	0.257
0.274	0.226	0.153	0.347
0.285	0.238	0.219	0.258
0.231	0.312	0.216	0.241
0.195	0.001	0.045	0.759
0.001	0.001	0.997	0.001
0.997	0.001	0.001	0.001
0.001	0.001	0.001	0.997
0.997	0.001	0.001	0.001
>ATCTDATATC	24-ATCTDATATC	5.634019	-0.000000	0	T:7063.0(32.77%),B:42469.4(50.84%),P:1e0	Tpos:51.1,Tstd:26.7,Bpos:15286.0,Bstd:19410.6,StrandBias:0.1,Multiplicity:1.09
0.646	0.132	0.055	0.167
0.089	0.017	0.096	0.798
0.149	0.704	0.057	0.090
0.185	0.060	0.001	0.754
0.265	0.154	0.272	0.309
0.656	0.185	0.044	0.115
0.057	0.104	0.001	0.838
0.593	0.385	0.001	0.021
0.100	0.056	0.023	0.821
0.100	0.666	0.112	0.122
>TATCTNVNGN	25-TATCTNVNGN	7.631111	-0.000000	0	T:374.0(1.74%),B:6608.3(7.91%),P:1e0	Tpos:50.9,Tstd:26.3,Bpos:15222.2,Bstd:18837.6,StrandBias:0.3,Multiplicity:1.01
0.001	0.001	0.001	0.997
0.997	0.001	0.001	0.001
0.001	0.001	0.001	0.997
0.001	0.997	0.001	0.001
0.307	0.001	0.001	0.691
0.206	0.191	0.307	0.295
0.196	0.278	0.342	0.184
0.340	0.202	0.207	0.251
0.216	0.195	0.378	0.212
0.318	0.170	0.308	0.204
