>CTTATCTNNNNN	1-CTTATCTNNNNN	4.466510	-1226.957386	0	T:14778.0(68.57%),B:41734.0(49.96%),P:1e-532	Tpos:50.2,Tstd:23.5,Bpos:15117.8,Bstd:19078.9,StrandBias:0.0,Multiplicity:1.47
0.081	0.479	0.216	0.224
0.004	0.028	0.001	0.967
0.008	0.001	0.001	0.990
0.996	0.002	0.001	0.001
0.001	0.001	0.001	0.997
0.001	0.997	0.001	0.001
0.394	0.001	0.001	0.604
0.191	0.262	0.339	0.208
0.256	0.260	0.181	0.303
0.277	0.228	0.252	0.243
0.266	0.276	0.220	0.238
0.262	0.244	0.235	0.260
>NAGAGATHAGAT	2-NAGAGATHAGAT	9.789305	-0.122579	0	T:56.0(0.26%),B:256.8(0.31%),P:1e0	Tpos:30.7,Tstd:20.4,Bpos:12413.2,Bstd:17975.5,StrandBias:0.0,Multiplicity:1.00
0.192	0.308	0.316	0.183
0.647	0.004	0.036	0.313
0.148	0.212	0.461	0.179
0.755	0.001	0.075	0.169
0.143	0.071	0.526	0.260
0.892	0.001	0.106	0.001
0.197	0.065	0.224	0.514
0.245	0.226	0.173	0.356
0.687	0.001	0.018	0.294
0.073	0.065	0.790	0.072
0.780	0.135	0.058	0.027
0.140	0.103	0.144	0.613
>NBHTAATCTNNN	3-NBHTAATCTNNN	8.672053	-0.114398	0	T:9.0(0.04%),B:52.0(0.06%),P:1e0	Tpos:43.3,Tstd:21.6,Bpos:10111.4,Bstd:15286.3,StrandBias:-1.0,Multiplicity:1.00
0.271	0.232	0.259	0.238
0.001	0.366	0.266	0.367
0.231	0.329	0.177	0.262
0.107	0.001	0.001	0.891
0.771	0.227	0.001	0.001
0.898	0.001	0.001	0.100
0.001	0.001	0.001	0.997
0.001	0.997	0.001	0.001
0.413	0.001	0.001	0.585
0.247	0.226	0.335	0.193
0.247	0.276	0.174	0.302
0.250	0.293	0.185	0.271
>KCTAATCTCTCT	4-KCTAATCTCTCT	8.956386	-0.004082	0	T:13.0(0.06%),B:100.7(0.12%),P:1e0	Tpos:53.0,Tstd:21.4,Bpos:16522.2,Bstd:18672.6,StrandBias:-0.6,Multiplicity:1.00
0.176	0.206	0.250	0.369
0.190	0.456	0.170	0.184
0.243	0.195	0.041	0.521
0.415	0.238	0.146	0.201
0.561	0.158	0.095	0.186
0.074	0.009	0.110	0.807
0.215	0.627	0.107	0.051
0.170	0.045	0.001	0.784
0.208	0.431	0.208	0.152
0.188	0.207	0.014	0.591
0.180	0.476	0.169	0.175
0.260	0.222	0.047	0.471
>TCTAATCTNHYH	5-TCTAATCTNHYH	9.499005	-0.000362	0	T:15.0(0.07%),B:130.2(0.16%),P:1e0	Tpos:50.8,Tstd:22.6,Bpos:15517.3,Bstd:19180.6,StrandBias:2.8,Multiplicity:1.08
0.131	0.231	0.212	0.425
0.169	0.494	0.155	0.182
0.070	0.192	0.001	0.737
0.678	0.230	0.091	0.001
0.893	0.017	0.016	0.074
0.001	0.001	0.001	0.997
0.001	0.997	0.001	0.001
0.247	0.014	0.001	0.738
0.304	0.231	0.288	0.177
0.297	0.269	0.125	0.308
0.191	0.329	0.095	0.385
0.214	0.333	0.170	0.284
>DDNWGATTAGVN	6-DDNWGATTAGVN	8.919157	-0.000225	0	T:5.0(0.02%),B:70.0(0.08%),P:1e0	Tpos:76.0,Tstd:12.1,Bpos:21030.8,Bstd:22910.1,StrandBias:1.0,Multiplicity:1.00
0.313	0.154	0.286	0.247
0.334	0.051	0.296	0.318
0.195	0.330	0.265	0.211
0.545	0.019	0.033	0.403
0.044	0.059	0.861	0.036
0.824	0.062	0.063	0.051
0.048	0.052	0.059	0.841
0.028	0.064	0.075	0.833
0.800	0.031	0.090	0.079
0.282	0.115	0.547	0.056
0.356	0.249	0.295	0.100
0.253	0.237	0.204	0.306
>NNWHTCTTATCW	7-NNWHTCTTATCW	9.673510	-0.000207	0	T:273.0(1.27%),B:1326.5(1.59%),P:1e0	Tpos:46.5,Tstd:26.7,Bpos:13589.4,Bstd:18221.3,StrandBias:-1.6,Multiplicity:1.00
0.253	0.194	0.226	0.327
0.250	0.341	0.205	0.204
0.315	0.241	0.001	0.443
0.320	0.258	0.169	0.253
0.001	0.001	0.001	0.997
0.001	0.984	0.014	0.001
0.367	0.018	0.001	0.614
0.315	0.117	0.028	0.540
0.706	0.096	0.026	0.172
0.001	0.001	0.001	0.997
0.001	0.997	0.001	0.001
0.305	0.243	0.001	0.450
>ATCAGACATCAG	8-ATCAGACATCAG	12.272989	-0.000000	0	T:2.0(0.01%),B:105.3(0.13%),P:1e0	Tpos:30.0,Tstd:0.0,Bpos:17299.8,Bstd:19735.1,StrandBias:-10.0,Multiplicity:1.00
0.997	0.001	0.001	0.001
0.006	0.003	0.001	0.990
0.001	0.997	0.001	0.001
0.897	0.001	0.001	0.101
0.001	0.001	0.997	0.001
0.612	0.054	0.235	0.099
0.256	0.451	0.139	0.154
0.875	0.011	0.026	0.088
0.274	0.146	0.143	0.437
0.065	0.604	0.130	0.201
0.628	0.001	0.001	0.370
0.165	0.051	0.577	0.207
>HHTMTATCTBTH	9-HHTMTATCTBTH	8.179591	-0.000000	0	T:417.0(1.93%),B:11470.2(13.73%),P:1e0	Tpos:49.3,Tstd:28.3,Bpos:15677.2,Bstd:18696.0,StrandBias:0.0,Multiplicity:1.00
0.211	0.295	0.139	0.355
0.393	0.286	0.001	0.320
0.242	0.068	0.249	0.441
0.352	0.495	0.152	0.001
0.001	0.001	0.001	0.997
0.519	0.261	0.139	0.081
0.001	0.001	0.001	0.997
0.047	0.839	0.066	0.048
0.209	0.001	0.001	0.789
0.155	0.300	0.324	0.221
0.213	0.261	0.001	0.525
0.207	0.317	0.142	0.334
>NNHHTMTATCTN	10-NNHHTMTATCTN	8.189268	-0.000000	0	T:168.0(0.78%),B:8019.7(9.60%),P:1e0	Tpos:45.8,Tstd:25.3,Bpos:15355.8,Bstd:18921.7,StrandBias:-0.9,Multiplicity:1.00
0.286	0.219	0.176	0.320
0.215	0.270	0.212	0.303
0.279	0.397	0.001	0.324
0.321	0.313	0.001	0.366
0.219	0.101	0.252	0.428
0.327	0.372	0.154	0.147
0.001	0.001	0.001	0.997
0.604	0.394	0.001	0.001
0.001	0.001	0.001	0.997
0.001	0.946	0.052	0.001
0.001	0.001	0.001	0.997
0.211	0.268	0.271	0.250
>NNANNNNWGATA	11-NNANNNNWGATA	7.252905	-0.000000	0	T:866.0(4.02%),B:12243.5(14.66%),P:1e0	Tpos:51.1,Tstd:26.4,Bpos:15208.0,Bstd:18767.8,StrandBias:-0.0,Multiplicity:1.01
0.230	0.247	0.311	0.212
0.267	0.274	0.276	0.183
0.461	0.001	0.257	0.281
0.281	0.262	0.259	0.197
0.265	0.267	0.289	0.178
0.249	0.257	0.229	0.264
0.219	0.285	0.246	0.250
0.531	0.001	0.001	0.467
0.001	0.001	0.997	0.001
0.997	0.001	0.001	0.001
0.001	0.001	0.001	0.997
0.997	0.001	0.001	0.001
>ATCTNHHHNNHN	12-ATCTNHHHNNHN	7.425597	-0.000000	0	T:79.0(0.37%),B:4541.7(5.44%),P:1e0	Tpos:56.1,Tstd:27.6,Bpos:14421.1,Bstd:18537.4,StrandBias:-0.6,Multiplicity:1.00
0.997	0.001	0.001	0.001
0.001	0.001	0.001	0.997
0.001	0.997	0.001	0.001
0.001	0.001	0.001	0.997
0.243	0.230	0.288	0.238
0.300	0.279	0.001	0.419
0.246	0.272	0.137	0.344
0.323	0.327	0.001	0.349
0.244	0.224	0.211	0.321
0.250	0.264	0.208	0.278
0.351	0.291	0.026	0.331
0.270	0.270	0.225	0.235
>NCTATCTATCTN	13-NCTATCTATCTN	9.498313	-0.000000	0	T:101.0(0.47%),B:1416.6(1.70%),P:1e0	Tpos:93.5,Tstd:1.5,Bpos:15266.8,Bstd:15883.0,StrandBias:10.0,Multiplicity:1.00
0.208	0.224	0.280	0.289
0.166	0.590	0.118	0.126
0.129	0.134	0.095	0.642
0.628	0.156	0.111	0.105
0.112	0.100	0.145	0.643
0.116	0.703	0.088	0.093
0.109	0.094	0.079	0.718
0.588	0.168	0.137	0.107
0.115	0.116	0.125	0.644
0.117	0.662	0.109	0.112
0.141	0.116	0.094	0.649
0.244	0.289	0.249	0.219
>DNDNNNNWGATA	14-DNDNNNNWGATA	7.054884	-0.000000	0	T:226.0(1.05%),B:6591.3(7.89%),P:1e0	Tpos:47.8,Tstd:26.2,Bpos:16811.6,Bstd:19639.9,StrandBias:0.1,Multiplicity:1.00
0.258	0.147	0.310	0.285
0.231	0.264	0.230	0.275
0.255	0.174	0.246	0.325
0.213	0.248	0.277	0.261
0.272	0.173	0.251	0.304
0.257	0.271	0.220	0.251
0.263	0.262	0.210	0.265
0.496	0.008	0.001	0.495
0.001	0.001	0.997	0.001
0.997	0.001	0.001	0.001
0.001	0.001	0.001	0.997
0.997	0.001	0.001	0.001
>TATCTNNNHBNH	15-TATCTNNNHBNH	7.821152	-0.000000	0	T:517.0(2.40%),B:12126.5(14.52%),P:1e0	Tpos:48.8,Tstd:28.9,Bpos:15212.1,Bstd:19286.3,StrandBias:0.2,Multiplicity:1.01
0.001	0.001	0.001	0.997
0.997	0.001	0.001	0.001
0.001	0.001	0.001	0.997
0.001	0.997	0.001	0.001
0.414	0.001	0.001	0.584
0.214	0.235	0.282	0.270
0.276	0.228	0.183	0.314
0.204	0.263	0.195	0.337
0.332	0.309	0.001	0.358
0.189	0.262	0.209	0.339
0.270	0.255	0.193	0.283
0.343	0.292	0.001	0.364
>ATCTATCTATCT	16-ATCTATCTATCT	6.359377	-0.000000	0	T:2076.0(9.63%),B:31033.9(37.15%),P:1e0	Tpos:50.7,Tstd:26.9,Bpos:16153.4,Bstd:19306.3,StrandBias:-0.3,Multiplicity:1.18
0.752	0.079	0.111	0.058
0.068	0.023	0.069	0.840
0.095	0.836	0.068	0.001
0.006	0.040	0.025	0.929
0.703	0.115	0.132	0.050
0.028	0.062	0.126	0.784
0.040	0.875	0.027	0.058
0.096	0.008	0.001	0.895
0.819	0.079	0.048	0.054
0.029	0.066	0.004	0.901
0.028	0.873	0.059	0.040
0.172	0.036	0.014	0.778
>TATCWBNNNNAN	17-TATCWBNNNNAN	7.692172	-0.000000	0	T:331.0(1.54%),B:9062.3(10.85%),P:1e0	Tpos:53.2,Tstd:29.4,Bpos:14418.0,Bstd:19025.9,StrandBias:0.0,Multiplicity:1.00
0.001	0.001	0.001	0.997
0.997	0.001	0.001	0.001
0.001	0.001	0.001	0.997
0.001	0.997	0.001	0.001
0.427	0.001	0.001	0.571
0.170	0.235	0.323	0.271
0.259	0.257	0.176	0.307
0.299	0.209	0.194	0.298
0.273	0.215	0.216	0.296
0.209	0.310	0.229	0.251
0.491	0.224	0.095	0.190
0.273	0.250	0.198	0.279
>NHWDMTATCTNY	18-NHWDMTATCTNY	7.471219	-0.000000	0	T:447.0(2.07%),B:11407.1(13.66%),P:1e0	Tpos:49.1,Tstd:24.6,Bpos:15434.6,Bstd:19713.7,StrandBias:0.1,Multiplicity:1.01
0.246	0.225	0.218	0.311
0.242	0.348	0.162	0.248
0.390	0.239	0.001	0.369
0.260	0.114	0.247	0.379
0.358	0.475	0.166	0.001
0.001	0.001	0.001	0.997
0.460	0.261	0.193	0.087
0.001	0.001	0.001	0.997
0.036	0.894	0.035	0.035
0.299	0.001	0.001	0.699
0.221	0.260	0.300	0.219
0.189	0.264	0.137	0.410
>AGATAGAWGAKW	19-AGATAGAWGAKW	9.025441	-0.000000	0	T:207.0(0.96%),B:6037.0(7.23%),P:1e0	Tpos:48.9,Tstd:24.3,Bpos:15131.9,Bstd:19015.1,StrandBias:-0.0,Multiplicity:1.02
0.897	0.017	0.040	0.046
0.019	0.011	0.958	0.012
0.973	0.010	0.009	0.008
0.034	0.001	0.152	0.813
0.985	0.003	0.007	0.005
0.072	0.121	0.557	0.250
0.523	0.249	0.095	0.133
0.340	0.170	0.075	0.415
0.195	0.169	0.410	0.226
0.444	0.232	0.050	0.274
0.228	0.071	0.397	0.304
0.374	0.175	0.181	0.271
>NAGATAGATAGA	20-NAGATAGATAGA	8.857868	-0.000000	0	T:157.0(0.73%),B:2999.3(3.59%),P:1e0	Tpos:50.0,Tstd:45.0,Bpos:8471.4,Bstd:12673.9,StrandBias:0.0,Multiplicity:1.00
0.294	0.259	0.277	0.170
0.542	0.001	0.099	0.358
0.181	0.133	0.615	0.071
0.706	0.072	0.110	0.112
0.136	0.208	0.250	0.406
0.844	0.001	0.020	0.135
0.056	0.063	0.771	0.110
0.773	0.090	0.036	0.101
0.139	0.123	0.240	0.498
0.752	0.001	0.112	0.135
0.099	0.088	0.564	0.249
0.436	0.228	0.146	0.190
>TATCWNNNNHNN	21-TATCWNNNNHNN	7.426292	-0.000000	0	T:1.0(0.00%),B:216.6(0.26%),P:1e0	Tpos:79.0,Tstd:0.0,Bpos:18762.8,Bstd:23936.9,StrandBias:-10.0,Multiplicity:1.00
0.012	0.002	0.003	0.983
0.978	0.014	0.007	0.001
0.001	0.001	0.002	0.996
0.001	0.997	0.001	0.001
0.446	0.001	0.001	0.552
0.214	0.230	0.289	0.267
0.276	0.258	0.192	0.274
0.292	0.220	0.193	0.295
0.279	0.252	0.204	0.265
0.325	0.312	0.070	0.293
0.295	0.224	0.179	0.303
0.282	0.248	0.174	0.296
>NDNDDNWGATAK	22-NDNDDNWGATAK	8.322783	-0.000000	0	T:6.0(0.03%),B:252.1(0.30%),P:1e0	Tpos:80.0,Tstd:0.0,Bpos:13240.3,Bstd:16654.8,StrandBias:-10.0,Multiplicity:1.00
0.273	0.204	0.269	0.254
0.351	0.001	0.325	0.322
0.244	0.205	0.294	0.258
0.310	0.133	0.259	0.298
0.303	0.133	0.301	0.263
0.240	0.309	0.263	0.188
0.563	0.001	0.001	0.435
0.001	0.001	0.997	0.001
0.997	0.001	0.001	0.001
0.001	0.001	0.006	0.992
0.997	0.001	0.001	0.001
0.001	0.001	0.564	0.434
>DMTMTCWNNHNN	23-DMTMTCWNNHNN	7.369366	0.000000	0	T:4.0(0.02%),B:574.4(0.69%),P:1e0	Tpos:65.0,Tstd:0.0,Bpos:16400.7,Bstd:20609.6,StrandBias:10.0,Multiplicity:1.00
0.239	0.170	0.254	0.337
0.496	0.502	0.001	0.001
0.001	0.001	0.001	0.997
0.460	0.366	0.173	0.001
0.001	0.001	0.001	0.997
0.003	0.995	0.001	0.001
0.449	0.001	0.001	0.549
0.186	0.234	0.312	0.268
0.267	0.254	0.193	0.286
0.293	0.277	0.125	0.305
0.265	0.229	0.216	0.290
0.225	0.272	0.215	0.287
>TATCWNNNHNNN	24-TATCWNNNHNNN	7.601373	0.000000	0	T:3.0(0.01%),B:243.7(0.29%),P:1e0	Tpos:58.0,Tstd:14.0,Bpos:16997.0,Bstd:18301.2,StrandBias:0.0,Multiplicity:1.00
0.001	0.001	0.001	0.997
0.997	0.001	0.001	0.001
0.001	0.001	0.001	0.997
0.001	0.997	0.001	0.001
0.464	0.001	0.001	0.534
0.207	0.241	0.291	0.261
0.306	0.281	0.183	0.230
0.261	0.256	0.180	0.303
0.351	0.324	0.001	0.324
0.249	0.254	0.200	0.297
0.281	0.239	0.206	0.274
0.286	0.248	0.179	0.286
>TATCWNNNNHHN	25-TATCWNNNNHHN	8.094877	0.000000	0	T:4.0(0.02%),B:163.1(0.20%),P:1e0	Tpos:92.0,Tstd:0.0,Bpos:15659.2,Bstd:22012.1,StrandBias:10.0,Multiplicity:1.00
0.001	0.001	0.001	0.997
0.997	0.001	0.001	0.001
0.001	0.001	0.001	0.997
0.001	0.997	0.001	0.001
0.432	0.001	0.001	0.566
0.224	0.236	0.307	0.233
0.263	0.256	0.184	0.297
0.278	0.207	0.186	0.329
0.245	0.292	0.207	0.256
0.237	0.379	0.001	0.383
0.333	0.252	0.086	0.329
0.258	0.244	0.182	0.316
