>NNBSTTATCT	1-NNBSTTATCT	5.334227	-1225.144095	0	T:14761.0(68.49%),B:41675.8(49.89%),P:1e-532	Tpos:50.1,Tstd:24.2,Bpos:15108.5,Bstd:19051.2,StrandBias:0.0,Multiplicity:1.49
0.222	0.266	0.290	0.221
0.224	0.266	0.277	0.233
0.143	0.335	0.306	0.216
0.205	0.358	0.245	0.193
0.037	0.109	0.001	0.853
0.051	0.068	0.028	0.853
0.940	0.025	0.009	0.026
0.030	0.033	0.015	0.922
0.001	0.992	0.006	0.001
0.366	0.036	0.065	0.533
>GATANRDNNN	2-GATANRDNNN	6.169432	-0.002727	0	T:10164.0(47.16%),B:40278.5(48.22%),P:1e0	Tpos:49.9,Tstd:27.0,Bpos:15627.7,Bstd:18978.5,StrandBias:-0.0,Multiplicity:1.05
0.001	0.001	0.997	0.001
0.997	0.001	0.001	0.001
0.001	0.001	0.001	0.997
0.997	0.001	0.001	0.001
0.281	0.218	0.322	0.179
0.448	0.018	0.533	0.001
0.354	0.130	0.291	0.224
0.210	0.258	0.318	0.214
0.321	0.227	0.238	0.214
0.176	0.238	0.321	0.265
>TCTHTNHNNR	3-TCTHTNHNNR	6.514836	-0.000000	0	T:3063.0(14.21%),B:41124.7(49.23%),P:1e0	Tpos:50.2,Tstd:27.5,Bpos:15687.9,Bstd:18811.1,StrandBias:0.1,Multiplicity:1.03
0.001	0.001	0.001	0.997
0.001	0.997	0.001	0.001
0.001	0.001	0.001	0.997
0.265	0.366	0.001	0.369
0.001	0.001	0.001	0.997
0.275	0.196	0.197	0.332
0.325	0.306	0.001	0.368
0.288	0.205	0.267	0.240
0.247	0.240	0.298	0.215
0.323	0.209	0.359	0.109
>TATCATMTYW	4-TATCATMTYW	8.255634	-0.000000	0	T:626.0(2.90%),B:16947.0(20.29%),P:1e0	Tpos:49.0,Tstd:30.3,Bpos:14892.3,Bstd:19168.3,StrandBias:0.0,Multiplicity:1.00
0.020	0.013	0.019	0.948
0.792	0.172	0.001	0.035
0.014	0.001	0.001	0.984
0.079	0.840	0.037	0.044
0.784	0.041	0.001	0.174
0.082	0.107	0.111	0.700
0.349	0.414	0.037	0.201
0.086	0.037	0.009	0.868
0.177	0.332	0.167	0.324
0.353	0.163	0.069	0.416
>DWARAAAAAD	5-DWARAAAAAD	5.466371	-0.000000	0	T:2204.0(10.23%),B:38729.3(46.37%),P:1e0	Tpos:54.0,Tstd:26.1,Bpos:14993.4,Bstd:18605.3,StrandBias:0.2,Multiplicity:1.00
0.362	0.080	0.234	0.324
0.388	0.130	0.228	0.253
0.504	0.001	0.215	0.280
0.419	0.153	0.279	0.150
0.548	0.118	0.173	0.161
0.572	0.001	0.234	0.193
0.487	0.112	0.260	0.141
0.694	0.146	0.143	0.017
0.682	0.001	0.097	0.220
0.376	0.026	0.281	0.318
>DDDANAGATA	6-DDDANAGATA	6.823507	-0.000000	0	T:8782.0(40.75%),B:38950.1(46.63%),P:1e0	Tpos:50.9,Tstd:28.2,Bpos:15452.9,Bstd:19665.4,StrandBias:0.1,Multiplicity:1.17
0.332	0.172	0.273	0.223
0.383	0.111	0.244	0.261
0.333	0.145	0.252	0.271
0.434	0.062	0.248	0.257
0.236	0.218	0.290	0.256
0.836	0.001	0.001	0.162
0.001	0.001	0.997	0.001
0.997	0.001	0.001	0.001
0.001	0.001	0.001	0.997
0.997	0.001	0.001	0.001
>GATATATCTT	7-GATATATCTT	5.940409	-0.000000	0	T:2598.0(12.06%),B:36821.4(44.08%),P:1e0	Tpos:48.3,Tstd:27.5,Bpos:15238.8,Bstd:19337.6,StrandBias:0.0,Multiplicity:1.05
0.088	0.114	0.606	0.192
0.721	0.082	0.090	0.107
0.155	0.104	0.166	0.575
0.874	0.071	0.054	0.001
0.006	0.039	0.085	0.870
0.618	0.208	0.046	0.128
0.045	0.053	0.135	0.767
0.091	0.685	0.054	0.170
0.212	0.106	0.008	0.674
0.197	0.064	0.206	0.533
>THTTTTTTWW	8-THTTTTTTWW	5.138492	-0.000000	0	T:4252.0(19.73%),B:44686.0(53.50%),P:1e0	Tpos:48.8,Tstd:29.5,Bpos:14979.6,Bstd:17824.7,StrandBias:-0.2,Multiplicity:1.10
0.281	0.143	0.101	0.475
0.280	0.254	0.100	0.365
0.319	0.001	0.001	0.679
0.226	0.194	0.147	0.433
0.268	0.185	0.001	0.546
0.250	0.231	0.001	0.518
0.243	0.210	0.001	0.546
0.290	0.212	0.001	0.497
0.379	0.164	0.001	0.455
0.360	0.129	0.039	0.471
>NBNNMAGATA	9-NBNNMAGATA	8.046513	-0.000000	0	T:175.0(0.81%),B:5606.1(6.71%),P:1e0	Tpos:51.9,Tstd:29.2,Bpos:15265.7,Bstd:19354.3,StrandBias:-0.3,Multiplicity:1.00
0.200	0.240	0.227	0.334
0.137	0.312	0.235	0.316
0.206	0.291	0.215	0.288
0.188	0.320	0.283	0.210
0.338	0.378	0.073	0.212
0.919	0.001	0.001	0.079
0.001	0.001	0.997	0.001
0.997	0.001	0.001	0.001
0.001	0.001	0.001	0.997
0.997	0.001	0.001	0.001
>TATCANNWDN	10-TATCANNWDN	7.270569	-0.000000	0	T:794.0(3.68%),B:17038.9(20.40%),P:1e0	Tpos:50.9,Tstd:28.7,Bpos:15270.9,Bstd:19177.4,StrandBias:0.7,Multiplicity:1.01
0.001	0.001	0.001	0.997
0.995	0.003	0.001	0.001
0.001	0.001	0.001	0.997
0.001	0.997	0.001	0.001
0.566	0.063	0.001	0.370
0.204	0.190	0.286	0.320
0.208	0.276	0.212	0.305
0.355	0.173	0.159	0.312
0.353	0.104	0.317	0.226
0.315	0.230	0.187	0.268
>AAAAAAAAAW	11-AAAAAAAAAW	5.340941	-0.000000	0	T:3464.0(16.07%),B:42503.2(50.88%),P:1e0	Tpos:49.3,Tstd:30.3,Bpos:14929.8,Bstd:19355.8,StrandBias:1.0,Multiplicity:1.00
0.515	0.064	0.127	0.294
0.706	0.053	0.155	0.086
0.817	0.048	0.085	0.050
0.632	0.097	0.130	0.141
0.527	0.102	0.151	0.220
0.418	0.153	0.194	0.235
0.397	0.200	0.181	0.222
0.465	0.166	0.138	0.232
0.439	0.164	0.166	0.231
0.444	0.100	0.098	0.359
>AKATKDDNND	12-AKATKDDNND	6.177688	-0.000000	0	T:3898.0(18.09%),B:44634.9(53.44%),P:1e0	Tpos:50.4,Tstd:27.4,Bpos:15269.0,Bstd:18942.2,StrandBias:-0.0,Multiplicity:1.06
0.997	0.001	0.001	0.001
0.001	0.001	0.549	0.449
0.997	0.001	0.001	0.001
0.001	0.001	0.001	0.997
0.058	0.023	0.461	0.457
0.234	0.180	0.251	0.335
0.307	0.001	0.326	0.366
0.252	0.216	0.267	0.265
0.207	0.289	0.288	0.216
0.390	0.025	0.291	0.294
>TTTTTTTTTT	13-TTTTTTTTTT	4.861660	-0.000000	0	T:6836.0(31.72%),B:51589.4(61.76%),P:1e0	Tpos:50.8,Tstd:28.8,Bpos:15318.7,Bstd:18333.6,StrandBias:0.0,Multiplicity:1.09
0.253	0.134	0.017	0.596
0.227	0.168	0.082	0.523
0.225	0.100	0.094	0.581
0.197	0.145	0.127	0.531
0.211	0.157	0.083	0.549
0.222	0.154	0.069	0.555
0.195	0.156	0.064	0.585
0.197	0.166	0.050	0.587
0.251	0.167	0.048	0.534
0.282	0.109	0.001	0.608
>TTTTTTTTTT	14-TTTTTTTTTT	4.375459	-0.000000	0	T:9546.0(44.29%),B:57661.3(69.03%),P:1e0	Tpos:50.9,Tstd:28.4,Bpos:15511.2,Bstd:18874.3,StrandBias:0.1,Multiplicity:1.07
0.282	0.127	0.012	0.579
0.205	0.175	0.101	0.519
0.215	0.120	0.087	0.578
0.185	0.162	0.143	0.510
0.191	0.158	0.108	0.543
0.195	0.161	0.112	0.532
0.189	0.149	0.085	0.577
0.124	0.174	0.076	0.626
0.173	0.177	0.059	0.591
0.290	0.124	0.058	0.528
>HNNNWNAKAT	15-HNNNWNAKAT	6.141399	-0.000000	0	T:545.0(2.53%),B:17558.8(21.02%),P:1e0	Tpos:50.7,Tstd:30.2,Bpos:14796.8,Bstd:18536.7,StrandBias:0.6,Multiplicity:1.00
0.340	0.314	0.141	0.204
0.308	0.203	0.178	0.311
0.300	0.214	0.252	0.234
0.305	0.240	0.185	0.270
0.538	0.001	0.001	0.460
0.222	0.272	0.282	0.223
0.676	0.001	0.001	0.322
0.001	0.001	0.571	0.427
0.997	0.001	0.001	0.001
0.001	0.001	0.001	0.997
>WAAAAAAAAW	16-WAAAAAAAAW	4.284461	-0.000000	0	T:9891.0(45.90%),B:58897.8(70.51%),P:1e0	Tpos:48.8,Tstd:28.4,Bpos:15238.6,Bstd:19007.8,StrandBias:0.1,Multiplicity:1.07
0.460	0.079	0.127	0.333
0.647	0.043	0.159	0.151
0.752	0.083	0.086	0.079
0.560	0.094	0.141	0.205
0.470	0.139	0.172	0.218
0.437	0.171	0.159	0.233
0.484	0.142	0.134	0.240
0.456	0.203	0.177	0.164
0.647	0.126	0.001	0.226
0.393	0.052	0.205	0.349
>ATMTDNWWDD	17-ATMTDNWWDD	4.902916	-0.000000	0	T:5614.0(26.05%),B:47096.4(56.38%),P:1e0	Tpos:49.2,Tstd:28.3,Bpos:15093.3,Bstd:18971.1,StrandBias:-0.0,Multiplicity:1.09
0.760	0.001	0.001	0.238
0.001	0.001	0.156	0.842
0.352	0.314	0.135	0.200
0.409	0.001	0.001	0.589
0.291	0.001	0.340	0.367
0.306	0.210	0.251	0.232
0.412	0.247	0.001	0.340
0.410	0.101	0.182	0.307
0.373	0.001	0.277	0.348
0.341	0.169	0.243	0.247
>WTTNMAANAW	18-WTTNMAANAW	4.707610	-0.000000	0	T:6420.0(29.79%),B:50656.3(60.64%),P:1e0	Tpos:50.2,Tstd:28.3,Bpos:15376.3,Bstd:19042.8,StrandBias:-0.1,Multiplicity:1.08
0.384	0.099	0.014	0.503
0.247	0.128	0.036	0.589
0.173	0.001	0.101	0.725
0.206	0.194	0.274	0.326
0.432	0.354	0.082	0.132
0.629	0.275	0.001	0.095
0.578	0.001	0.107	0.314
0.320	0.190	0.254	0.236
0.502	0.116	0.088	0.294
0.365	0.078	0.173	0.384
>HNNHARAGAT	19-HNNHARAGAT	6.092001	-0.000000	0	T:7842.0(36.39%),B:49758.8(59.57%),P:1e0	Tpos:49.3,Tstd:28.0,Bpos:15123.0,Bstd:18786.7,StrandBias:-0.0,Multiplicity:1.08
0.379	0.250	0.001	0.370
0.236	0.220	0.210	0.334
0.246	0.257	0.217	0.280
0.320	0.367	0.001	0.312
0.537	0.001	0.085	0.377
0.267	0.199	0.352	0.181
0.954	0.001	0.001	0.044
0.001	0.001	0.575	0.423
0.997	0.001	0.001	0.001
0.001	0.001	0.001	0.997
>TATCANNNNN	20-TATCANNNNN	7.300684	-0.000000	0	T:280.0(1.30%),B:6224.2(7.45%),P:1e0	Tpos:49.1,Tstd:29.8,Bpos:14257.3,Bstd:18945.1,StrandBias:0.3,Multiplicity:1.00
0.003	0.003	0.002	0.992
0.962	0.014	0.014	0.010
0.004	0.001	0.004	0.991
0.004	0.982	0.003	0.011
0.677	0.026	0.003	0.294
0.213	0.214	0.332	0.241
0.250	0.253	0.189	0.307
0.343	0.211	0.200	0.246
0.278	0.208	0.239	0.275
0.242	0.287	0.204	0.266
>DAARWNAGAT	21-DAARWNAGAT	6.905050	-0.000000	0	T:3649.0(16.93%),B:37153.0(44.48%),P:1e0	Tpos:51.4,Tstd:27.6,Bpos:15309.3,Bstd:19082.3,StrandBias:0.0,Multiplicity:1.04
0.346	0.126	0.210	0.317
0.425	0.165	0.198	0.212
0.493	0.003	0.208	0.296
0.412	0.100	0.262	0.227
0.429	0.001	0.252	0.318
0.246	0.248	0.280	0.226
0.997	0.001	0.001	0.001
0.001	0.001	0.997	0.001
0.997	0.001	0.001	0.001
0.001	0.001	0.001	0.997
>WAANHAVAAA	22-WAANHAVAAA	5.417020	-0.000000	0	T:2982.0(13.84%),B:40755.2(48.79%),P:1e0	Tpos:50.9,Tstd:29.3,Bpos:15460.3,Bstd:18838.1,StrandBias:-0.3,Multiplicity:1.01
0.402	0.126	0.106	0.366
0.523	0.135	0.135	0.207
0.482	0.116	0.167	0.235
0.332	0.194	0.207	0.266
0.340	0.271	0.134	0.254
0.542	0.094	0.115	0.249
0.376	0.250	0.257	0.117
0.877	0.038	0.001	0.084
0.648	0.074	0.166	0.112
0.575	0.004	0.072	0.349
>NHHNNTGATA	23-NHHNNTGATA	7.332877	-0.000000	0	T:619.0(2.87%),B:11296.4(13.52%),P:1e0	Tpos:58.7,Tstd:29.1,Bpos:15676.4,Bstd:19146.1,StrandBias:0.2,Multiplicity:1.00
0.211	0.230	0.287	0.271
0.269	0.321	0.153	0.257
0.274	0.226	0.153	0.347
0.285	0.238	0.219	0.258
0.231	0.312	0.216	0.241
0.195	0.001	0.045	0.759
0.001	0.001	0.997	0.001
0.997	0.001	0.001	0.001
0.001	0.001	0.001	0.997
0.997	0.001	0.001	0.001
>ATCTDATATC	24-ATCTDATATC	5.634019	-0.000000	0	T:7063.0(32.77%),B:42469.4(50.84%),P:1e0	Tpos:51.1,Tstd:26.7,Bpos:15286.0,Bstd:19410.6,StrandBias:0.1,Multiplicity:1.09
0.646	0.132	0.055	0.167
0.089	0.017	0.096	0.798
0.149	0.704	0.057	0.090
0.185	0.060	0.001	0.754
0.265	0.154	0.272	0.309
0.656	0.185	0.044	0.115
0.057	0.104	0.001	0.838
0.593	0.385	0.001	0.021
0.100	0.056	0.023	0.821
0.100	0.666	0.112	0.122
>TATCTNVNGN	25-TATCTNVNGN	7.631111	-0.000000	0	T:374.0(1.74%),B:6608.3(7.91%),P:1e0	Tpos:50.9,Tstd:26.3,Bpos:15222.2,Bstd:18837.6,StrandBias:0.3,Multiplicity:1.01
0.001	0.001	0.001	0.997
0.997	0.001	0.001	0.001
0.001	0.001	0.001	0.997
0.001	0.997	0.001	0.001
0.307	0.001	0.001	0.691
0.206	0.191	0.307	0.295
0.196	0.278	0.342	0.184
0.340	0.202	0.207	0.251
0.216	0.195	0.378	0.212
0.318	0.170	0.308	0.204
>CTTATCTNNNNN	1-CTTATCTNNNNN	4.466510	-1226.957386	0	T:14778.0(68.57%),B:41734.0(49.96%),P:1e-532	Tpos:50.2,Tstd:23.5,Bpos:15117.8,Bstd:19078.9,StrandBias:0.0,Multiplicity:1.47
0.081	0.479	0.216	0.224
0.004	0.028	0.001	0.967
0.008	0.001	0.001	0.990
0.996	0.002	0.001	0.001
0.001	0.001	0.001	0.997
0.001	0.997	0.001	0.001
0.394	0.001	0.001	0.604
0.191	0.262	0.339	0.208
0.256	0.260	0.181	0.303
0.277	0.228	0.252	0.243
0.266	0.276	0.220	0.238
0.262	0.244	0.235	0.260
>NAGAGATHAGAT	2-NAGAGATHAGAT	9.789305	-0.122579	0	T:56.0(0.26%),B:256.8(0.31%),P:1e0	Tpos:30.7,Tstd:20.4,Bpos:12413.2,Bstd:17975.5,StrandBias:0.0,Multiplicity:1.00
0.192	0.308	0.316	0.183
0.647	0.004	0.036	0.313
0.148	0.212	0.461	0.179
0.755	0.001	0.075	0.169
0.143	0.071	0.526	0.260
0.892	0.001	0.106	0.001
0.197	0.065	0.224	0.514
0.245	0.226	0.173	0.356
0.687	0.001	0.018	0.294
0.073	0.065	0.790	0.072
0.780	0.135	0.058	0.027
0.140	0.103	0.144	0.613
>NBHTAATCTNNN	3-NBHTAATCTNNN	8.672053	-0.114398	0	T:9.0(0.04%),B:52.0(0.06%),P:1e0	Tpos:43.3,Tstd:21.6,Bpos:10111.4,Bstd:15286.3,StrandBias:-1.0,Multiplicity:1.00
0.271	0.232	0.259	0.238
0.001	0.366	0.266	0.367
0.231	0.329	0.177	0.262
0.107	0.001	0.001	0.891
0.771	0.227	0.001	0.001
0.898	0.001	0.001	0.100
0.001	0.001	0.001	0.997
0.001	0.997	0.001	0.001
0.413	0.001	0.001	0.585
0.247	0.226	0.335	0.193
0.247	0.276	0.174	0.302
0.250	0.293	0.185	0.271
>KCTAATCTCTCT	4-KCTAATCTCTCT	8.956386	-0.004082	0	T:13.0(0.06%),B:100.7(0.12%),P:1e0	Tpos:53.0,Tstd:21.4,Bpos:16522.2,Bstd:18672.6,StrandBias:-0.6,Multiplicity:1.00
0.176	0.206	0.250	0.369
0.190	0.456	0.170	0.184
0.243	0.195	0.041	0.521
0.415	0.238	0.146	0.201
0.561	0.158	0.095	0.186
0.074	0.009	0.110	0.807
0.215	0.627	0.107	0.051
0.170	0.045	0.001	0.784
0.208	0.431	0.208	0.152
0.188	0.207	0.014	0.591
0.180	0.476	0.169	0.175
0.260	0.222	0.047	0.471
>TCTAATCTNHYH	5-TCTAATCTNHYH	9.499005	-0.000362	0	T:15.0(0.07%),B:130.2(0.16%),P:1e0	Tpos:50.8,Tstd:22.6,Bpos:15517.3,Bstd:19180.6,StrandBias:2.8,Multiplicity:1.08
0.131	0.231	0.212	0.425
0.169	0.494	0.155	0.182
0.070	0.192	0.001	0.737
0.678	0.230	0.091	0.001
0.893	0.017	0.016	0.074
0.001	0.001	0.001	0.997
0.001	0.997	0.001	0.001
0.247	0.014	0.001	0.738
0.304	0.231	0.288	0.177
0.297	0.269	0.125	0.308
0.191	0.329	0.095	0.385
0.214	0.333	0.170	0.284
>DDNWGATTAGVN	6-DDNWGATTAGVN	8.919157	-0.000225	0	T:5.0(0.02%),B:70.0(0.08%),P:1e0	Tpos:76.0,Tstd:12.1,Bpos:21030.8,Bstd:22910.1,StrandBias:1.0,Multiplicity:1.00
0.313	0.154	0.286	0.247
0.334	0.051	0.296	0.318
0.195	0.330	0.265	0.211
0.545	0.019	0.033	0.403
0.044	0.059	0.861	0.036
0.824	0.062	0.063	0.051
0.048	0.052	0.059	0.841
0.028	0.064	0.075	0.833
0.800	0.031	0.090	0.079
0.282	0.115	0.547	0.056
0.356	0.249	0.295	0.100
0.253	0.237	0.204	0.306
>NNWHTCTTATCW	7-NNWHTCTTATCW	9.673510	-0.000207	0	T:273.0(1.27%),B:1326.5(1.59%),P:1e0	Tpos:46.5,Tstd:26.7,Bpos:13589.4,Bstd:18221.3,StrandBias:-1.6,Multiplicity:1.00
0.253	0.194	0.226	0.327
0.250	0.341	0.205	0.204
0.315	0.241	0.001	0.443
0.320	0.258	0.169	0.253
0.001	0.001	0.001	0.997
0.001	0.984	0.014	0.001
0.367	0.018	0.001	0.614
0.315	0.117	0.028	0.540
0.706	0.096	0.026	0.172
0.001	0.001	0.001	0.997
0.001	0.997	0.001	0.001
0.305	0.243	0.001	0.450
>ATCAGACATCAG	8-ATCAGACATCAG	12.272989	-0.000000	0	T:2.0(0.01%),B:105.3(0.13%),P:1e0	Tpos:30.0,Tstd:0.0,Bpos:17299.8,Bstd:19735.1,StrandBias:-10.0,Multiplicity:1.00
0.997	0.001	0.001	0.001
0.006	0.003	0.001	0.990
0.001	0.997	0.001	0.001
0.897	0.001	0.001	0.101
0.001	0.001	0.997	0.001
0.612	0.054	0.235	0.099
0.256	0.451	0.139	0.154
0.875	0.011	0.026	0.088
0.274	0.146	0.143	0.437
0.065	0.604	0.130	0.201
0.628	0.001	0.001	0.370
0.165	0.051	0.577	0.207
>HHTMTATCTBTH	9-HHTMTATCTBTH	8.179591	-0.000000	0	T:417.0(1.93%),B:11470.2(13.73%),P:1e0	Tpos:49.3,Tstd:28.3,Bpos:15677.2,Bstd:18696.0,StrandBias:0.0,Multiplicity:1.00
0.211	0.295	0.139	0.355
0.393	0.286	0.001	0.320
0.242	0.068	0.249	0.441
0.352	0.495	0.152	0.001
0.001	0.001	0.001	0.997
0.519	0.261	0.139	0.081
0.001	0.001	0.001	0.997
0.047	0.839	0.066	0.048
0.209	0.001	0.001	0.789
0.155	0.300	0.324	0.221
0.213	0.261	0.001	0.525
0.207	0.317	0.142	0.334
>NNHHTMTATCTN	10-NNHHTMTATCTN	8.189268	-0.000000	0	T:168.0(0.78%),B:8019.7(9.60%),P:1e0	Tpos:45.8,Tstd:25.3,Bpos:15355.8,Bstd:18921.7,StrandBias:-0.9,Multiplicity:1.00
0.286	0.219	0.176	0.320
0.215	0.270	0.212	0.303
0.279	0.397	0.001	0.324
0.321	0.313	0.001	0.366
0.219	0.101	0.252	0.428
0.327	0.372	0.154	0.147
0.001	0.001	0.001	0.997
0.604	0.394	0.001	0.001
0.001	0.001	0.001	0.997
0.001	0.946	0.052	0.001
0.001	0.001	0.001	0.997
0.211	0.268	0.271	0.250
>NNANNNNWGATA	11-NNANNNNWGATA	7.252905	-0.000000	0	T:866.0(4.02%),B:12243.5(14.66%),P:1e0	Tpos:51.1,Tstd:26.4,Bpos:15208.0,Bstd:18767.8,StrandBias:-0.0,Multiplicity:1.01
0.230	0.247	0.311	0.212
0.267	0.274	0.276	0.183
0.461	0.001	0.257	0.281
0.281	0.262	0.259	0.197
0.265	0.267	0.289	0.178
0.249	0.257	0.229	0.264
0.219	0.285	0.246	0.250
0.531	0.001	0.001	0.467
0.001	0.001	0.997	0.001
0.997	0.001	0.001	0.001
0.001	0.001	0.001	0.997
0.997	0.001	0.001	0.001
>ATCTNHHHNNHN	12-ATCTNHHHNNHN	7.425597	-0.000000	0	T:79.0(0.37%),B:4541.7(5.44%),P:1e0	Tpos:56.1,Tstd:27.6,Bpos:14421.1,Bstd:18537.4,StrandBias:-0.6,Multiplicity:1.00
0.997	0.001	0.001	0.001
0.001	0.001	0.001	0.997
0.001	0.997	0.001	0.001
0.001	0.001	0.001	0.997
0.243	0.230	0.288	0.238
0.300	0.279	0.001	0.419
0.246	0.272	0.137	0.344
0.323	0.327	0.001	0.349
0.244	0.224	0.211	0.321
0.250	0.264	0.208	0.278
0.351	0.291	0.026	0.331
0.270	0.270	0.225	0.235
>NCTATCTATCTN	13-NCTATCTATCTN	9.498313	-0.000000	0	T:101.0(0.47%),B:1416.6(1.70%),P:1e0	Tpos:93.5,Tstd:1.5,Bpos:15266.8,Bstd:15883.0,StrandBias:10.0,Multiplicity:1.00
0.208	0.224	0.280	0.289
0.166	0.590	0.118	0.126
0.129	0.134	0.095	0.642
0.628	0.156	0.111	0.105
0.112	0.100	0.145	0.643
0.116	0.703	0.088	0.093
0.109	0.094	0.079	0.718
0.588	0.168	0.137	0.107
0.115	0.116	0.125	0.644
0.117	0.662	0.109	0.112
0.141	0.116	0.094	0.649
0.244	0.289	0.249	0.219
>DNDNNNNWGATA	14-DNDNNNNWGATA	7.054884	-0.000000	0	T:226.0(1.05%),B:6591.3(7.89%),P:1e0	Tpos:47.8,Tstd:26.2,Bpos:16811.6,Bstd:19639.9,StrandBias:0.1,Multiplicity:1.00
0.258	0.147	0.310	0.285
0.231	0.264	0.230	0.275
0.255	0.174	0.246	0.325
0.213	0.248	0.277	0.261
0.272	0.173	0.251	0.304
0.257	0.271	0.220	0.251
0.263	0.262	0.210	0.265
0.496	0.008	0.001	0.495
0.001	0.001	0.997	0.001
0.997	0.001	0.001	0.001
0.001	0.001	0.001	0.997
0.997	0.001	0.001	0.001
>TATCTNNNHBNH	15-TATCTNNNHBNH	7.821152	-0.000000	0	T:517.0(2.40%),B:12126.5(14.52%),P:1e0	Tpos:48.8,Tstd:28.9,Bpos:15212.1,Bstd:19286.3,StrandBias:0.2,Multiplicity:1.01
0.001	0.001	0.001	0.997
0.997	0.001	0.001	0.001
0.001	0.001	0.001	0.997
0.001	0.997	0.001	0.001
0.414	0.001	0.001	0.584
0.214	0.235	0.282	0.270
0.276	0.228	0.183	0.314
0.204	0.263	0.195	0.337
0.332	0.309	0.001	0.358
0.189	0.262	0.209	0.339
0.270	0.255	0.193	0.283
0.343	0.292	0.001	0.364
>ATCTATCTATCT	16-ATCTATCTATCT	6.359377	-0.000000	0	T:2076.0(9.63%),B:31033.9(37.15%),P:1e0	Tpos:50.7,Tstd:26.9,Bpos:16153.4,Bstd:19306.3,StrandBias:-0.3,Multiplicity:1.18
0.752	0.079	0.111	0.058
0.068	0.023	0.069	0.840
0.095	0.836	0.068	0.001
0.006	0.040	0.025	0.929
0.703	0.115	0.132	0.050
0.028	0.062	0.126	0.784
0.040	0.875	0.027	0.058
0.096	0.008	0.001	0.895
0.819	0.079	0.048	0.054
0.029	0.066	0.004	0.901
0.028	0.873	0.059	0.040
0.172	0.036	0.014	0.778
>TATCWBNNNNAN	17-TATCWBNNNNAN	7.692172	-0.000000	0	T:331.0(1.54%),B:9062.3(10.85%),P:1e0	Tpos:53.2,Tstd:29.4,Bpos:14418.0,Bstd:19025.9,StrandBias:0.0,Multiplicity:1.00
0.001	0.001	0.001	0.997
0.997	0.001	0.001	0.001
0.001	0.001	0.001	0.997
0.001	0.997	0.001	0.001
0.427	0.001	0.001	0.571
0.170	0.235	0.323	0.271
0.259	0.257	0.176	0.307
0.299	0.209	0.194	0.298
0.273	0.215	0.216	0.296
0.209	0.310	0.229	0.251
0.491	0.224	0.095	0.190
0.273	0.250	0.198	0.279
>NHWDMTATCTNY	18-NHWDMTATCTNY	7.471219	-0.000000	0	T:447.0(2.07%),B:11407.1(13.66%),P:1e0	Tpos:49.1,Tstd:24.6,Bpos:15434.6,Bstd:19713.7,StrandBias:0.1,Multiplicity:1.01
0.246	0.225	0.218	0.311
0.242	0.348	0.162	0.248
0.390	0.239	0.001	0.369
0.260	0.114	0.247	0.379
0.358	0.475	0.166	0.001
0.001	0.001	0.001	0.997
0.460	0.261	0.193	0.087
0.001	0.001	0.001	0.997
0.036	0.894	0.035	0.035
0.299	0.001	0.001	0.699
0.221	0.260	0.300	0.219
0.189	0.264	0.137	0.410
>AGATAGAWGAKW	19-AGATAGAWGAKW	9.025441	-0.000000	0	T:207.0(0.96%),B:6037.0(7.23%),P:1e0	Tpos:48.9,Tstd:24.3,Bpos:15131.9,Bstd:19015.1,StrandBias:-0.0,Multiplicity:1.02
0.897	0.017	0.040	0.046
0.019	0.011	0.958	0.012
0.973	0.010	0.009	0.008
0.034	0.001	0.152	0.813
0.985	0.003	0.007	0.005
0.072	0.121	0.557	0.250
0.523	0.249	0.095	0.133
0.340	0.170	0.075	0.415
0.195	0.169	0.410	0.226
0.444	0.232	0.050	0.274
0.228	0.071	0.397	0.304
0.374	0.175	0.181	0.271
>NAGATAGATAGA	20-NAGATAGATAGA	8.857868	-0.000000	0	T:157.0(0.73%),B:2999.3(3.59%),P:1e0	Tpos:50.0,Tstd:45.0,Bpos:8471.4,Bstd:12673.9,StrandBias:0.0,Multiplicity:1.00
0.294	0.259	0.277	0.170
0.542	0.001	0.099	0.358
0.181	0.133	0.615	0.071
0.706	0.072	0.110	0.112
0.136	0.208	0.250	0.406
0.844	0.001	0.020	0.135
0.056	0.063	0.771	0.110
0.773	0.090	0.036	0.101
0.139	0.123	0.240	0.498
0.752	0.001	0.112	0.135
0.099	0.088	0.564	0.249
0.436	0.228	0.146	0.190
>TATCWNNNNHNN	21-TATCWNNNNHNN	7.426292	-0.000000	0	T:1.0(0.00%),B:216.6(0.26%),P:1e0	Tpos:79.0,Tstd:0.0,Bpos:18762.8,Bstd:23936.9,StrandBias:-10.0,Multiplicity:1.00
0.012	0.002	0.003	0.983
0.978	0.014	0.007	0.001
0.001	0.001	0.002	0.996
0.001	0.997	0.001	0.001
0.446	0.001	0.001	0.552
0.214	0.230	0.289	0.267
0.276	0.258	0.192	0.274
0.292	0.220	0.193	0.295
0.279	0.252	0.204	0.265
0.325	0.312	0.070	0.293
0.295	0.224	0.179	0.303
0.282	0.248	0.174	0.296
>NDNDDNWGATAK	22-NDNDDNWGATAK	8.322783	-0.000000	0	T:6.0(0.03%),B:252.1(0.30%),P:1e0	Tpos:80.0,Tstd:0.0,Bpos:13240.3,Bstd:16654.8,StrandBias:-10.0,Multiplicity:1.00
0.273	0.204	0.269	0.254
0.351	0.001	0.325	0.322
0.244	0.205	0.294	0.258
0.310	0.133	0.259	0.298
0.303	0.133	0.301	0.263
0.240	0.309	0.263	0.188
0.563	0.001	0.001	0.435
0.001	0.001	0.997	0.001
0.997	0.001	0.001	0.001
0.001	0.001	0.006	0.992
0.997	0.001	0.001	0.001
0.001	0.001	0.564	0.434
>DMTMTCWNNHNN	23-DMTMTCWNNHNN	7.369366	0.000000	0	T:4.0(0.02%),B:574.4(0.69%),P:1e0	Tpos:65.0,Tstd:0.0,Bpos:16400.7,Bstd:20609.6,StrandBias:10.0,Multiplicity:1.00
0.239	0.170	0.254	0.337
0.496	0.502	0.001	0.001
0.001	0.001	0.001	0.997
0.460	0.366	0.173	0.001
0.001	0.001	0.001	0.997
0.003	0.995	0.001	0.001
0.449	0.001	0.001	0.549
0.186	0.234	0.312	0.268
0.267	0.254	0.193	0.286
0.293	0.277	0.125	0.305
0.265	0.229	0.216	0.290
0.225	0.272	0.215	0.287
>TATCWNNNHNNN	24-TATCWNNNHNNN	7.601373	0.000000	0	T:3.0(0.01%),B:243.7(0.29%),P:1e0	Tpos:58.0,Tstd:14.0,Bpos:16997.0,Bstd:18301.2,StrandBias:0.0,Multiplicity:1.00
0.001	0.001	0.001	0.997
0.997	0.001	0.001	0.001
0.001	0.001	0.001	0.997
0.001	0.997	0.001	0.001
0.464	0.001	0.001	0.534
0.207	0.241	0.291	0.261
0.306	0.281	0.183	0.230
0.261	0.256	0.180	0.303
0.351	0.324	0.001	0.324
0.249	0.254	0.200	0.297
0.281	0.239	0.206	0.274
0.286	0.248	0.179	0.286
>TATCWNNNNHHN	25-TATCWNNNNHHN	8.094877	0.000000	0	T:4.0(0.02%),B:163.1(0.20%),P:1e0	Tpos:92.0,Tstd:0.0,Bpos:15659.2,Bstd:22012.1,StrandBias:10.0,Multiplicity:1.00
0.001	0.001	0.001	0.997
0.997	0.001	0.001	0.001
0.001	0.001	0.001	0.997
0.001	0.997	0.001	0.001
0.432	0.001	0.001	0.566
0.224	0.236	0.307	0.233
0.263	0.256	0.184	0.297
0.278	0.207	0.186	0.329
0.245	0.292	0.207	0.256
0.237	0.379	0.001	0.383
0.333	0.252	0.086	0.329
0.258	0.244	0.182	0.316
>CTTATCTG	1-CTTATCTG	4.087474	-1342.300805	0	T:14997.0(69.59%),B:41899.5(50.16%),P:1e-582	Tpos:50.3,Tstd:24.5,Bpos:15162.6,Bstd:19095.3,StrandBias:0.0,Multiplicity:1.52
0.021	0.876	0.049	0.054
0.010	0.012	0.001	0.977
0.009	0.001	0.001	0.989
0.997	0.001	0.001	0.001
0.001	0.001	0.001	0.997
0.001	0.997	0.001	0.001
0.157	0.001	0.007	0.835
0.112	0.197	0.509	0.182
>TATCTKHN	2-TATCTKHN	5.775641	-238.074970	0	T:14034.0(65.12%),B:47640.9(57.03%),P:1e-103	Tpos:50.4,Tstd:27.2,Bpos:15384.9,Bstd:19226.6,StrandBias:0.0,Multiplicity:1.18
0.001	0.001	0.160	0.838
0.994	0.001	0.004	0.001
0.002	0.001	0.001	0.996
0.063	0.823	0.001	0.113
0.346	0.002	0.007	0.645
0.143	0.210	0.386	0.261
0.192	0.328	0.177	0.303
0.260	0.177	0.286	0.277
>TCWDWWAT	3-TCWDWWAT	5.071482	-0.000000	0	T:4660.0(21.62%),B:44696.2(53.51%),P:1e0	Tpos:49.9,Tstd:28.4,Bpos:15215.3,Bstd:19027.7,StrandBias:0.0,Multiplicity:1.08
0.054	0.030	0.001	0.915
0.147	0.655	0.107	0.091
0.439	0.031	0.001	0.529
0.257	0.098	0.327	0.318
0.349	0.153	0.098	0.400
0.436	0.153	0.090	0.321
0.578	0.036	0.028	0.358
0.255	0.053	0.173	0.519
>TATTATHA	4-TATTATHA	2.530150	-0.000000	0	T:4353.0(20.20%),B:40135.6(48.05%),P:1e0	Tpos:49.8,Tstd:28.8,Bpos:14840.1,Bstd:19271.0,StrandBias:0.0,Multiplicity:1.06
0.186	0.121	0.001	0.692
0.997	0.001	0.001	0.001
0.001	0.001	0.001	0.997
0.001	0.001	0.001	0.997
0.997	0.001	0.001	0.001
0.001	0.001	0.001	0.997
0.348	0.286	0.001	0.365
0.680	0.001	0.001	0.318
>ATATCATC	5-ATATCATC	6.291044	-0.000000	0	T:2489.0(11.55%),B:36804.5(44.06%),P:1e0	Tpos:49.7,Tstd:28.8,Bpos:15407.5,Bstd:19144.0,StrandBias:0.2,Multiplicity:1.04
0.700	0.100	0.100	0.100
0.100	0.100	0.100	0.700
0.700	0.100	0.100	0.100
0.100	0.100	0.100	0.700
0.100	0.700	0.100	0.100
0.700	0.100	0.100	0.100
0.100	0.100	0.100	0.700
0.100	0.700	0.100	0.100
>ATCAGATN	6-ATCAGATN	6.492524	-0.000000	0	T:2886.0(13.39%),B:36579.6(43.79%),P:1e0	Tpos:49.4,Tstd:28.3,Bpos:15535.8,Bstd:18941.4,StrandBias:-0.2,Multiplicity:1.03
0.997	0.001	0.001	0.001
0.001	0.001	0.001	0.997
0.001	0.997	0.001	0.001
0.611	0.001	0.001	0.387
0.217	0.110	0.586	0.087
0.606	0.108	0.001	0.285
0.256	0.040	0.270	0.433
0.303	0.249	0.266	0.183
>TTTTTTTW	7-TTTTTTTW	3.634789	-0.000000	0	T:11360.0(52.71%),B:62197.4(74.46%),P:1e0	Tpos:49.8,Tstd:28.9,Bpos:15699.8,Bstd:18913.7,StrandBias:-0.0,Multiplicity:1.09
0.293	0.124	0.037	0.546
0.221	0.199	0.114	0.465
0.180	0.081	0.154	0.585
0.036	0.242	0.232	0.490
0.109	0.206	0.138	0.547
0.119	0.239	0.185	0.457
0.296	0.167	0.070	0.466
0.323	0.094	0.162	0.421
>GATAAWRA	8-GATAAWRA	7.273827	-0.000000	0	T:617.0(2.86%),B:10392.6(12.44%),P:1e0	Tpos:54.2,Tstd:32.2,Bpos:18158.7,Bstd:19606.1,StrandBias:-0.1,Multiplicity:1.00
0.001	0.001	0.935	0.063
0.997	0.001	0.001	0.001
0.001	0.001	0.001	0.997
0.589	0.052	0.115	0.244
0.638	0.210	0.060	0.092
0.407	0.058	0.219	0.317
0.314	0.189	0.344	0.153
0.450	0.138	0.220	0.192
>ATCTWYWK	9-ATCTWYWK	6.322746	-0.000000	0	T:5102.0(23.67%),B:43715.5(52.34%),P:1e0	Tpos:50.1,Tstd:28.6,Bpos:15265.8,Bstd:19040.7,StrandBias:0.1,Multiplicity:1.05
0.997	0.001	0.001	0.001
0.001	0.001	0.001	0.997
0.001	0.997	0.001	0.001
0.001	0.001	0.001	0.997
0.483	0.001	0.101	0.415
0.183	0.375	0.088	0.354
0.483	0.001	0.139	0.377
0.162	0.038	0.438	0.362
>ANNMTATC	10-ANNMTATC	5.990283	-0.000000	0	T:7412.0(34.39%),B:43481.1(52.05%),P:1e0	Tpos:49.8,Tstd:27.8,Bpos:16130.4,Bstd:19863.9,StrandBias:-0.1,Multiplicity:1.07
0.490	0.251	0.242	0.016
0.293	0.230	0.167	0.310
0.251	0.242	0.271	0.236
0.449	0.336	0.001	0.214
0.001	0.001	0.001	0.997
0.997	0.001	0.001	0.001
0.001	0.001	0.001	0.997
0.001	0.997	0.001	0.001
>WTTTTTTW	11-WTTTTTTW	3.905396	-0.000000	0	T:6219.0(28.86%),B:50375.7(60.31%),P:1e0	Tpos:49.7,Tstd:30.1,Bpos:14828.6,Bstd:17554.9,StrandBias:-0.1,Multiplicity:1.11
0.336	0.139	0.072	0.453
0.206	0.193	0.103	0.498
0.152	0.198	0.157	0.493
0.153	0.187	0.133	0.527
0.111	0.284	0.166	0.439
0.229	0.201	0.025	0.545
0.226	0.152	0.167	0.454
0.388	0.090	0.107	0.415
>ATCTKTKW	12-ATCTKTKW	6.007488	-0.000000	0	T:7619.0(35.35%),B:48762.6(58.38%),P:1e0	Tpos:50.2,Tstd:27.7,Bpos:15443.6,Bstd:18926.7,StrandBias:-0.0,Multiplicity:1.05
0.997	0.001	0.001	0.001
0.001	0.001	0.001	0.997
0.001	0.997	0.001	0.001
0.200	0.001	0.001	0.798
0.001	0.200	0.417	0.382
0.177	0.230	0.155	0.438
0.242	0.001	0.323	0.434
0.404	0.108	0.098	0.391
>ATCTKTWW	13-ATCTKTWW	6.600119	-0.000000	0	T:4073.0(18.90%),B:39369.6(47.13%),P:1e0	Tpos:50.7,Tstd:28.1,Bpos:15055.0,Bstd:18905.2,StrandBias:-0.0,Multiplicity:1.05
0.997	0.001	0.001	0.001
0.001	0.001	0.001	0.997
0.001	0.997	0.001	0.001
0.001	0.001	0.001	0.997
0.112	0.153	0.356	0.379
0.136	0.256	0.170	0.437
0.286	0.205	0.146	0.362
0.356	0.034	0.210	0.400
>WWMANAGA	14-WWMANAGA	7.443310	-0.000000	0	T:978.0(4.54%),B:24183.3(28.95%),P:1e0	Tpos:50.7,Tstd:28.4,Bpos:15555.1,Bstd:18786.3,StrandBias:0.1,Multiplicity:1.02
0.394	0.047	0.156	0.403
0.471	0.001	0.001	0.527
0.403	0.429	0.001	0.168
0.997	0.001	0.001	0.001
0.258	0.324	0.240	0.178
0.997	0.001	0.001	0.001
0.001	0.001	0.997	0.001
0.997	0.001	0.001	0.001
>ATCAANMW	15-ATCAANMW	5.445663	-0.000000	0	T:5723.0(26.56%),B:46875.6(56.12%),P:1e0	Tpos:51.1,Tstd:28.9,Bpos:15723.8,Bstd:19051.9,StrandBias:0.0,Multiplicity:1.08
0.989	0.009	0.001	0.001
0.020	0.008	0.016	0.956
0.034	0.939	0.026	0.001
0.663	0.034	0.001	0.302
0.423	0.153	0.240	0.185
0.268	0.235	0.224	0.274
0.391	0.282	0.111	0.217
0.356	0.175	0.133	0.336
>TTTTTTTW	16-TTTTTTTW	4.167297	-0.000000	0	T:5832.0(27.06%),B:49504.9(59.27%),P:1e0	Tpos:51.0,Tstd:30.3,Bpos:15807.3,Bstd:18610.2,StrandBias:0.3,Multiplicity:1.00
0.283	0.156	0.095	0.465
0.186	0.181	0.113	0.520
0.177	0.174	0.055	0.594
0.123	0.181	0.167	0.529
0.073	0.210	0.144	0.573
0.137	0.166	0.149	0.548
0.172	0.176	0.158	0.494
0.363	0.118	0.109	0.409
>TAATCATC	17-TAATCATC	5.416934	-0.000000	0	T:4146.0(19.24%),B:44676.2(53.49%),P:1e0	Tpos:48.8,Tstd:27.8,Bpos:15549.8,Bstd:18870.9,StrandBias:-0.0,Multiplicity:1.04
0.290	0.172	0.019	0.519
0.492	0.262	0.145	0.101
0.913	0.001	0.037	0.049
0.056	0.074	0.072	0.798
0.074	0.757	0.051	0.118
0.961	0.026	0.001	0.012
0.001	0.122	0.139	0.738
0.104	0.641	0.138	0.117
>TATCTAHV	18-TATCTAHV	7.750742	-0.000000	0	T:699.0(3.24%),B:11757.9(14.08%),P:1e0	Tpos:51.0,Tstd:29.1,Bpos:17071.0,Bstd:22633.4,StrandBias:-0.2,Multiplicity:2.55
0.001	0.001	0.001	0.997
0.997	0.001	0.001	0.001
0.001	0.010	0.001	0.988
0.001	0.984	0.001	0.014
0.001	0.001	0.001	0.997
0.412	0.189	0.206	0.192
0.285	0.269	0.136	0.309
0.229	0.332	0.261	0.177
>TGAAAAGA	19-TGAAAAGA	7.208330	-0.000000	0	T:1009.0(4.68%),B:30066.2(35.99%),P:1e0	Tpos:49.1,Tstd:28.9,Bpos:15681.1,Bstd:18875.2,StrandBias:-0.1,Multiplicity:1.01
0.109	0.043	0.065	0.783
0.139	0.131	0.604	0.126
0.751	0.078	0.062	0.109
0.808	0.054	0.064	0.074
0.770	0.094	0.040	0.096
0.784	0.008	0.033	0.175
0.115	0.068	0.629	0.188
0.872	0.021	0.045	0.062
>TCTGATTA	20-TCTGATTA	5.022583	-0.000000	0	T:4416.0(20.49%),B:42157.1(50.47%),P:1e0	Tpos:48.9,Tstd:27.8,Bpos:15159.9,Bstd:18994.3,StrandBias:-0.2,Multiplicity:1.04
0.097	0.058	0.044	0.801
0.139	0.547	0.136	0.178
0.183	0.034	0.046	0.737
0.168	0.155	0.488	0.190
0.641	0.086	0.093	0.180
0.207	0.061	0.097	0.635
0.178	0.098	0.146	0.578
0.575	0.100	0.133	0.192
>ATHTGNAW	21-ATHTGNAW	4.317317	-0.000000	0	T:7173.0(33.28%),B:49879.3(59.71%),P:1e0	Tpos:50.5,Tstd:28.2,Bpos:15090.2,Bstd:19276.1,StrandBias:0.1,Multiplicity:1.11
0.706	0.135	0.059	0.100
0.084	0.027	0.062	0.827
0.321	0.317	0.144	0.217
0.345	0.001	0.077	0.577
0.006	0.270	0.476	0.248
0.270	0.215	0.221	0.294
0.450	0.105	0.187	0.258
0.281	0.115	0.194	0.410
>AGATKAWN	22-AGATKAWN	6.968769	-0.000000	0	T:2804.0(13.01%),B:38269.9(45.82%),P:1e0	Tpos:50.3,Tstd:27.9,Bpos:15318.4,Bstd:19015.3,StrandBias:-0.1,Multiplicity:1.04
0.997	0.001	0.001	0.001
0.001	0.001	0.997	0.001
0.997	0.001	0.001	0.001
0.001	0.001	0.001	0.997
0.001	0.001	0.438	0.560
0.613	0.332	0.001	0.054
0.405	0.139	0.170	0.286
0.281	0.218	0.250	0.252
>GATTTDWW	23-GATTTDWW	5.597402	-0.000000	0	T:4792.0(22.24%),B:46571.3(55.75%),P:1e0	Tpos:49.6,Tstd:28.3,Bpos:15391.7,Bstd:18898.7,StrandBias:-0.0,Multiplicity:1.07
0.001	0.047	0.951	0.001
0.997	0.001	0.001	0.001
0.001	0.001	0.001	0.997
0.001	0.016	0.401	0.582
0.273	0.001	0.282	0.444
0.298	0.117	0.319	0.265
0.374	0.197	0.146	0.282
0.393	0.106	0.214	0.287
>GATAAATA	24-GATAAATA	4.345134	-0.000000	0	T:17360.0(80.55%),B:69083.1(82.70%),P:1e0	Tpos:49.9,Tstd:28.7,Bpos:15367.3,Bstd:18944.7,StrandBias:0.0,Multiplicity:1.35
0.100	0.100	0.700	0.100
0.700	0.100	0.100	0.100
0.100	0.100	0.100	0.700
0.700	0.100	0.100	0.100
0.700	0.100	0.100	0.100
0.700	0.100	0.100	0.100
0.100	0.100	0.100	0.700
0.700	0.100	0.100	0.100
>GATATCWR	25-GATATCWR	4.117901	-0.000000	0	T:11105.0(51.53%),B:52407.8(62.74%),P:1e0	Tpos:50.3,Tstd:27.7,Bpos:15388.3,Bstd:19008.8,StrandBias:-0.0,Multiplicity:1.07
0.190	0.178	0.519	0.113
0.602	0.178	0.010	0.210
0.148	0.126	0.057	0.669
0.860	0.121	0.009	0.010
0.164	0.067	0.086	0.683
0.123	0.583	0.162	0.132
0.393	0.120	0.136	0.350
0.386	0.180	0.250	0.185
