>NNBCTTATCT	1-NNBCTTATCT	6.002179	-3034.822817	0	T:15027.0(80.09%),B:43013.4(50.00%),P:1e-1317	Tpos:114.3,Tstd:71.4,Bpos:15351.8,Bstd:20554.0,StrandBias:0.0,Multiplicity:1.76
0.201	0.243	0.302	0.254
0.164	0.291	0.290	0.254
0.139	0.350	0.276	0.236
0.135	0.410	0.239	0.216
0.043	0.124	0.001	0.832
0.095	0.094	0.011	0.800
0.948	0.033	0.001	0.018
0.033	0.013	0.020	0.934
0.001	0.997	0.001	0.001
0.347	0.062	0.070	0.521
>TATCTNTYTH	2-TATCTNTYTH	5.782248	-858.822084	0	T:13331.0(71.05%),B:47206.3(54.88%),P:1e-372	Tpos:111.9,Tstd:79.1,Bpos:15684.8,Bstd:20824.5,StrandBias:-0.0,Multiplicity:1.36
0.001	0.001	0.001	0.997
0.997	0.001	0.001	0.001
0.001	0.001	0.001	0.997
0.001	0.997	0.001	0.001
0.005	0.001	0.001	0.993
0.196	0.275	0.247	0.281
0.173	0.202	0.022	0.603
0.189	0.279	0.160	0.371
0.264	0.194	0.095	0.447
0.257	0.216	0.177	0.350
>NNHNNNTATC	3-NNHNNNTATC	6.000610	-71.650234	0	T:11246.0(59.94%),B:47551.7(55.28%),P:1e-31	Tpos:116.7,Tstd:85.7,Bpos:15730.2,Bstd:20821.2,StrandBias:-0.1,Multiplicity:1.19
0.271	0.248	0.185	0.296
0.260	0.259	0.225	0.256
0.350	0.279	0.009	0.363
0.259	0.254	0.180	0.307
0.258	0.234	0.228	0.279
0.264	0.273	0.201	0.262
0.001	0.001	0.001	0.997
0.997	0.001	0.001	0.001
0.001	0.001	0.001	0.997
0.001	0.997	0.001	0.001
>NNDDRNAGAT	4-NNDDRNAGAT	6.114820	-0.000000	0	T:7627.0(40.65%),B:47020.1(54.66%),P:1e0	Tpos:115.1,Tstd:91.8,Bpos:15299.8,Bstd:20566.7,StrandBias:-0.1,Multiplicity:1.13
0.317	0.230	0.194	0.259
0.319	0.194	0.199	0.288
0.336	0.138	0.239	0.287
0.351	0.146	0.211	0.291
0.420	0.001	0.310	0.269
0.314	0.235	0.221	0.230
0.796	0.001	0.001	0.202
0.001	0.001	0.997	0.001
0.997	0.001	0.001	0.001
0.001	0.001	0.001	0.997
>AAGATTADAW	5-AAGATTADAW	4.422048	-0.000000	0	T:5317.0(28.34%),B:47342.1(55.04%),P:1e0	Tpos:117.6,Tstd:92.6,Bpos:15657.6,Bstd:20349.5,StrandBias:0.0,Multiplicity:1.11
0.997	0.001	0.001	0.001
0.997	0.001	0.001	0.001
0.001	0.001	0.997	0.001
0.997	0.001	0.001	0.001
0.001	0.001	0.001	0.997
0.001	0.050	0.355	0.594
0.616	0.028	0.015	0.341
0.300	0.095	0.313	0.291
0.438	0.162	0.165	0.234
0.420	0.108	0.177	0.295
>TATCHANNNN	6-TATCHANNNN	6.335402	-0.000000	0	T:4463.0(23.79%),B:38931.6(45.26%),P:1e0	Tpos:117.4,Tstd:83.6,Bpos:15926.3,Bstd:20546.2,StrandBias:-0.1,Multiplicity:1.05
0.003	0.003	0.007	0.987
0.994	0.001	0.004	0.001
0.002	0.002	0.005	0.991
0.001	0.992	0.006	0.001
0.338	0.369	0.001	0.292
0.435	0.213	0.194	0.158
0.271	0.229	0.305	0.195
0.275	0.231	0.228	0.266
0.247	0.219	0.266	0.267
0.257	0.247	0.246	0.249
>AAGATTWDNW	7-AAGATTWDNW	9.480911	-0.000000	0	T:133.0(0.71%),B:6353.8(7.39%),P:1e0	Tpos:131.3,Tstd:90.3,Bpos:14896.7,Bstd:21002.8,StrandBias:0.5,Multiplicity:1.01
0.997	0.001	0.001	0.001
0.997	0.001	0.001	0.001
0.001	0.001	0.997	0.001
0.997	0.001	0.001	0.001
0.001	0.001	0.001	0.997
0.001	0.001	0.411	0.587
0.574	0.001	0.001	0.424
0.255	0.029	0.352	0.364
0.289	0.180	0.214	0.316
0.341	0.147	0.154	0.358
>TTTNTSADWW	8-TTTNTSADWW	5.214441	-0.000000	0	T:6762.0(36.04%),B:47292.8(54.98%),P:1e0	Tpos:116.9,Tstd:89.7,Bpos:16064.7,Bstd:20592.8,StrandBias:-0.0,Multiplicity:1.07
0.353	0.124	0.001	0.522
0.243	0.140	0.034	0.583
0.229	0.009	0.050	0.712
0.188	0.290	0.210	0.312
0.358	0.103	0.001	0.538
0.204	0.367	0.231	0.198
0.570	0.010	0.001	0.419
0.317	0.159	0.264	0.260
0.454	0.135	0.084	0.327
0.396	0.030	0.097	0.477
>TTTTTTTTTW	9-TTTTTTTTTW	4.275175	-0.000000	0	T:13076.0(69.69%),B:63581.2(73.91%),P:1e0	Tpos:117.9,Tstd:95.4,Bpos:15450.1,Bstd:20472.2,StrandBias:0.0,Multiplicity:1.10
0.288	0.217	0.054	0.441
0.164	0.129	0.005	0.702
0.145	0.054	0.115	0.686
0.173	0.180	0.103	0.544
0.194	0.157	0.071	0.578
0.164	0.167	0.122	0.547
0.206	0.198	0.115	0.481
0.253	0.185	0.023	0.539
0.262	0.164	0.109	0.465
0.352	0.157	0.104	0.388
>TTTTTTTTTT	10-TTTTTTTTTT	6.239133	-0.000000	0	T:7052.0(37.59%),B:50311.3(58.49%),P:1e0	Tpos:117.4,Tstd:97.3,Bpos:15598.4,Bstd:20146.1,StrandBias:0.1,Multiplicity:1.15
0.106	0.135	0.001	0.758
0.092	0.260	0.030	0.618
0.120	0.086	0.001	0.793
0.166	0.150	0.054	0.630
0.168	0.146	0.021	0.665
0.088	0.195	0.026	0.691
0.072	0.109	0.023	0.796
0.048	0.187	0.065	0.700
0.151	0.180	0.032	0.637
0.184	0.155	0.056	0.605
>AAAAAAAAAA	11-AAAAAAAAAA	6.238317	-0.000000	0	T:4432.0(23.62%),B:43694.1(50.79%),P:1e0	Tpos:113.3,Tstd:96.4,Bpos:15617.6,Bstd:20456.3,StrandBias:0.1,Multiplicity:1.00
0.641	0.047	0.143	0.169
0.602	0.040	0.160	0.198
0.693	0.049	0.158	0.100
0.681	0.044	0.162	0.113
0.653	0.050	0.166	0.131
0.619	0.064	0.163	0.154
0.585	0.098	0.159	0.158
0.556	0.106	0.145	0.193
0.525	0.109	0.172	0.194
0.539	0.087	0.168	0.206
>TTTTTTTTTT	12-TTTTTTTTTT	5.374501	-0.000000	0	T:7740.0(41.25%),B:51707.3(60.11%),P:1e0	Tpos:115.7,Tstd:91.9,Bpos:15432.7,Bstd:20105.8,StrandBias:0.1,Multiplicity:1.07
0.128	0.169	0.013	0.690
0.111	0.271	0.050	0.568
0.131	0.123	0.033	0.713
0.101	0.162	0.055	0.682
0.120	0.178	0.058	0.644
0.169	0.177	0.070	0.584
0.187	0.164	0.084	0.565
0.206	0.160	0.112	0.522
0.252	0.174	0.131	0.443
0.246	0.173	0.120	0.460
>AAAAAAAAAA	13-AAAAAAAAAA	5.319623	-0.000000	0	T:7674.0(40.90%),B:51533.5(59.91%),P:1e0	Tpos:115.2,Tstd:96.9,Bpos:15582.4,Bstd:20287.9,StrandBias:0.2,Multiplicity:1.00
0.578	0.083	0.105	0.234
0.569	0.067	0.149	0.215
0.591	0.077	0.171	0.161
0.602	0.077	0.154	0.167
0.583	0.077	0.167	0.173
0.612	0.075	0.150	0.163
0.626	0.087	0.139	0.148
0.631	0.081	0.110	0.178
0.579	0.069	0.177	0.175
0.599	0.035	0.163	0.203
>TTTTTTTTTT	14-TTTTTTTTTT	4.884586	-0.000000	0	T:10026.0(53.44%),B:56585.2(65.78%),P:1e0	Tpos:118.6,Tstd:98.2,Bpos:15333.0,Bstd:20165.2,StrandBias:0.0,Multiplicity:1.14
0.242	0.153	0.116	0.489
0.205	0.181	0.122	0.492
0.209	0.157	0.117	0.517
0.177	0.174	0.115	0.534
0.152	0.175	0.093	0.580
0.131	0.180	0.058	0.631
0.117	0.160	0.042	0.681
0.101	0.175	0.054	0.670
0.206	0.152	0.045	0.597
0.175	0.148	0.048	0.629
>NNNNNVTATC	15-NNNNNVTATC	6.405151	-0.000000	0	T:259.0(1.38%),B:7295.3(8.48%),P:1e0	Tpos:119.4,Tstd:89.5,Bpos:15840.5,Bstd:20048.7,StrandBias:0.2,Multiplicity:1.01
0.203	0.215	0.305	0.276
0.184	0.235	0.300	0.281
0.197	0.215	0.314	0.274
0.154	0.252	0.290	0.303
0.216	0.291	0.251	0.242
0.282	0.269	0.302	0.147
0.001	0.001	0.001	0.997
0.997	0.001	0.001	0.001
0.001	0.001	0.001	0.997
0.001	0.997	0.001	0.001
>WWWWWAAAAA	16-WWWWWAAAAA	4.419441	-0.000000	0	T:11824.0(63.02%),B:60278.4(70.07%),P:1e0	Tpos:112.0,Tstd:91.4,Bpos:15154.5,Bstd:20427.2,StrandBias:-0.1,Multiplicity:1.06
0.343	0.157	0.169	0.331
0.382	0.150	0.183	0.285
0.367	0.179	0.198	0.255
0.384	0.161	0.185	0.269
0.372	0.166	0.200	0.262
0.406	0.139	0.207	0.247
0.431	0.153	0.235	0.181
0.806	0.192	0.001	0.001
0.997	0.001	0.001	0.001
0.514	0.014	0.214	0.258
>AAAAAAAAAA	17-AAAAAAAAAA	4.860779	-0.000000	0	T:9984.0(53.21%),B:56273.1(65.42%),P:1e0	Tpos:115.6,Tstd:99.7,Bpos:15115.6,Bstd:20669.7,StrandBias:0.0,Multiplicity:1.05
0.569	0.064	0.126	0.241
0.509	0.088	0.160	0.243
0.561	0.111	0.148	0.180
0.545	0.089	0.152	0.214
0.539	0.089	0.169	0.203
0.569	0.080	0.155	0.196
0.589	0.083	0.148	0.180
0.621	0.082	0.121	0.176
0.588	0.060	0.188	0.164
0.621	0.010	0.174	0.195
>WTTNMAWWWW	18-WTTNMAWWWW	5.951030	-0.000000	0	T:740.0(3.94%),B:29040.6(33.76%),P:1e0	Tpos:119.9,Tstd:105.0,Bpos:15143.6,Bstd:20718.7,StrandBias:-0.0,Multiplicity:1.01
0.400	0.116	0.001	0.483
0.278	0.078	0.001	0.643
0.099	0.001	0.212	0.688
0.219	0.212	0.255	0.314
0.419	0.344	0.017	0.220
0.486	0.243	0.001	0.270
0.465	0.001	0.120	0.414
0.284	0.108	0.198	0.411
0.390	0.133	0.085	0.392
0.443	0.001	0.106	0.450
>WTTTTTTTTT	19-WTTTTTTTTT	4.361185	-0.000000	0	T:12122.0(64.61%),B:61436.6(71.42%),P:1e0	Tpos:113.6,Tstd:93.1,Bpos:15225.2,Bstd:20566.5,StrandBias:0.0,Multiplicity:1.10
0.329	0.167	0.134	0.371
0.252	0.157	0.147	0.444
0.251	0.164	0.143	0.442
0.233	0.158	0.135	0.474
0.227	0.154	0.116	0.503
0.198	0.177	0.081	0.544
0.162	0.116	0.070	0.652
0.107	0.139	0.040	0.714
0.170	0.127	0.033	0.670
0.256	0.111	0.040	0.593
>AAAAWWWAAW	20-AAAAWWWAAW	5.025223	-0.000000	0	T:6055.0(32.27%),B:47366.4(55.06%),P:1e0	Tpos:97.3,Tstd:77.3,Bpos:15492.0,Bstd:21212.2,StrandBias:0.1,Multiplicity:1.00
0.518	0.001	0.146	0.335
0.555	0.202	0.242	0.001
0.813	0.001	0.001	0.185
0.410	0.139	0.222	0.229
0.395	0.150	0.166	0.289
0.344	0.165	0.191	0.300
0.358	0.153	0.186	0.303
0.384	0.199	0.187	0.230
0.612	0.001	0.001	0.386
0.398	0.001	0.212	0.389
>TTTTTTTTTT	21-TTTTTTTTTT	4.503973	-0.000000	0	T:12375.0(65.96%),B:61727.7(71.76%),P:1e0	Tpos:111.1,Tstd:91.1,Bpos:15322.5,Bstd:20522.8,StrandBias:0.0,Multiplicity:1.09
0.248	0.169	0.065	0.518
0.220	0.163	0.092	0.525
0.231	0.119	0.102	0.548
0.182	0.161	0.094	0.563
0.184	0.142	0.074	0.600
0.162	0.150	0.074	0.614
0.164	0.130	0.067	0.639
0.158	0.163	0.073	0.606
0.216	0.138	0.004	0.642
0.233	0.106	0.066	0.595
>TTTTWWWWWW	22-TTTTWWWWWW	4.660618	-0.000000	0	T:9743.0(51.93%),B:55845.8(64.92%),P:1e0	Tpos:114.6,Tstd:91.6,Bpos:15004.2,Bstd:20478.1,StrandBias:0.1,Multiplicity:1.05
0.224	0.197	0.001	0.578
0.001	0.001	0.001	0.997
0.106	0.218	0.001	0.675
0.242	0.214	0.110	0.433
0.255	0.213	0.142	0.390
0.318	0.248	0.001	0.433
0.279	0.203	0.158	0.360
0.276	0.193	0.172	0.359
0.267	0.198	0.161	0.375
0.292	0.185	0.163	0.360
>CTTTTTTTTT	23-CTTTTTTTTT	7.142682	-0.000000	0	T:4244.0(22.62%),B:42661.5(49.59%),P:1e0	Tpos:119.7,Tstd:101.7,Bpos:14734.2,Bstd:19028.0,StrandBias:-0.0,Multiplicity:1.14
0.001	0.616	0.022	0.361
0.001	0.001	0.001	0.997
0.015	0.184	0.001	0.800
0.040	0.023	0.001	0.936
0.134	0.204	0.075	0.587
0.234	0.167	0.001	0.598
0.276	0.101	0.046	0.577
0.261	0.183	0.056	0.500
0.367	0.111	0.001	0.521
0.235	0.143	0.175	0.447
>TCTTTTWWWW	24-TCTTTTWWWW	7.087540	-0.000000	0	T:5031.0(26.81%),B:45605.0(53.02%),P:1e0	Tpos:114.5,Tstd:98.6,Bpos:15811.7,Bstd:20290.7,StrandBias:-0.0,Multiplicity:1.15
0.001	0.001	0.001	0.997
0.001	0.997	0.001	0.001
0.001	0.001	0.001	0.997
0.001	0.001	0.012	0.986
0.126	0.215	0.011	0.648
0.286	0.145	0.107	0.462
0.385	0.160	0.006	0.449
0.371	0.067	0.112	0.451
0.414	0.084	0.153	0.349
0.468	0.008	0.139	0.385
>NNNNDTGATA	25-NNNNDTGATA	6.838933	-0.000000	0	T:4535.0(24.17%),B:37319.1(43.38%),P:1e0	Tpos:112.6,Tstd:84.2,Bpos:15424.7,Bstd:20659.0,StrandBias:-0.0,Multiplicity:1.05
0.266	0.216	0.227	0.291
0.236	0.250	0.235	0.279
0.271	0.220	0.213	0.297
0.257	0.282	0.212	0.250
0.384	0.040	0.317	0.260
0.178	0.001	0.133	0.688
0.001	0.001	0.997	0.001
0.997	0.001	0.001	0.001
0.001	0.001	0.001	0.997
0.997	0.001	0.001	0.001
>CTTATCTSHNNN	1-CTTATCTSHNNN	5.751200	-3128.843117	0	T:15346.0(81.79%),B:44339.0(51.54%),P:1e-1358	Tpos:114.3,Tstd:71.6,Bpos:15313.7,Bstd:20587.9,StrandBias:0.0,Multiplicity:1.69
0.092	0.504	0.174	0.230
0.004	0.009	0.001	0.986
0.001	0.001	0.001	0.997
0.987	0.001	0.001	0.011
0.001	0.001	0.001	0.997
0.001	0.997	0.001	0.001
0.405	0.001	0.001	0.593
0.175	0.262	0.374	0.188
0.256	0.274	0.160	0.311
0.252	0.247	0.253	0.247
0.264	0.247	0.225	0.264
0.229	0.263	0.220	0.287
>AGATTAGACAGA	2-AGATTAGACAGA	10.694054	-0.113191	0	T:59.0(0.31%),B:319.1(0.37%),P:1e0	Tpos:82.8,Tstd:48.9,Bpos:8447.7,Bstd:9974.4,StrandBias:0.0,Multiplicity:1.00
0.737	0.051	0.090	0.122
0.188	0.072	0.575	0.165
0.765	0.052	0.095	0.088
0.211	0.066	0.134	0.589
0.216	0.121	0.154	0.509
0.756	0.040	0.088	0.116
0.185	0.081	0.580	0.154
0.787	0.068	0.072	0.073
0.182	0.434	0.178	0.206
0.834	0.031	0.043	0.092
0.128	0.083	0.666	0.123
0.766	0.074	0.072	0.088
>AGAGAGATTAGA	3-AGAGAGATTAGA	13.102379	-0.009086	0	T:14.0(0.07%),B:116.5(0.14%),P:1e0	Tpos:142.2,Tstd:45.6,Bpos:14501.2,Bstd:18973.9,StrandBias:2.3,Multiplicity:1.00
0.762	0.032	0.105	0.101
0.188	0.091	0.608	0.113
0.808	0.030	0.084	0.078
0.161	0.109	0.654	0.076
0.886	0.021	0.031	0.062
0.112	0.054	0.769	0.065
0.886	0.024	0.037	0.053
0.139	0.046	0.100	0.715
0.127	0.097	0.122	0.654
0.825	0.028	0.068	0.079
0.116	0.099	0.685	0.100
0.748	0.078	0.106	0.068
>WRRDNAGATAGR	4-WRRDNAGATAGR	8.964666	-0.000358	0	T:7.0(0.04%),B:95.5(0.11%),P:1e0	Tpos:137.5,Tstd:75.3,Bpos:19639.5,Bstd:21663.0,StrandBias:0.0,Multiplicity:1.00
0.454	0.001	0.210	0.335
0.309	0.113	0.393	0.185
0.463	0.078	0.315	0.143
0.363	0.126	0.256	0.255
0.261	0.306	0.229	0.204
0.755	0.001	0.038	0.206
0.010	0.001	0.984	0.005
0.982	0.007	0.008	0.003
0.100	0.094	0.280	0.526
0.664	0.001	0.111	0.224
0.208	0.003	0.501	0.288
0.398	0.184	0.257	0.161
>NDDSAGATTADV	5-NDDSAGATTADV	9.968276	-0.000150	0	T:6.0(0.03%),B:93.2(0.11%),P:1e0	Tpos:108.5,Tstd:45.6,Bpos:11458.3,Bstd:16177.4,StrandBias:0.0,Multiplicity:1.00
0.304	0.193	0.286	0.216
0.356	0.001	0.343	0.300
0.328	0.001	0.399	0.272
0.178	0.346	0.295	0.181
0.641	0.001	0.001	0.357
0.001	0.001	0.997	0.001
0.997	0.001	0.001	0.001
0.001	0.001	0.001	0.997
0.001	0.001	0.001	0.997
0.997	0.001	0.001	0.001
0.268	0.146	0.352	0.234
0.383	0.272	0.331	0.014
>TATCTATCTATC	6-TATCTATCTATC	4.793495	-0.000000	0	T:6331.0(33.74%),B:42860.5(49.83%),P:1e0	Tpos:111.3,Tstd:79.4,Bpos:15831.7,Bstd:20668.2,StrandBias:-0.1,Multiplicity:1.37
0.039	0.087	0.046	0.828
0.820	0.073	0.087	0.020
0.020	0.033	0.067	0.880
0.065	0.853	0.035	0.047
0.024	0.034	0.012	0.930
0.761	0.083	0.114	0.042
0.023	0.055	0.080	0.842
0.070	0.847	0.025	0.058
0.047	0.053	0.015	0.885
0.818	0.055	0.085	0.042
0.086	0.063	0.073	0.778
0.100	0.760	0.045	0.095
>TTTTTTTTTTTT	7-TTTTTTTTTTTT	5.647296	-0.000000	0	T:6742.0(35.93%),B:49204.3(57.20%),P:1e0	Tpos:116.0,Tstd:97.0,Bpos:15654.7,Bstd:20277.7,StrandBias:-0.0,Multiplicity:1.08
0.268	0.119	0.051	0.562
0.222	0.140	0.071	0.567
0.216	0.105	0.075	0.604
0.209	0.123	0.085	0.583
0.213	0.101	0.064	0.622
0.236	0.124	0.079	0.561
0.249	0.119	0.073	0.559
0.250	0.123	0.087	0.540
0.253	0.126	0.076	0.545
0.230	0.126	0.089	0.555
0.277	0.126	0.083	0.514
0.302	0.113	0.077	0.508
>AAAAAAAAAAAW	8-AAAAAAAAAAAW	6.893935	-0.000000	0	T:2435.0(12.98%),B:38337.0(44.57%),P:1e0	Tpos:6.0,Tstd:0.0,Bpos:14809.4,Bstd:20034.6,StrandBias:10.0,Multiplicity:1.00
0.516	0.069	0.098	0.317
0.602	0.062	0.096	0.240
0.662	0.052	0.104	0.182
0.690	0.056	0.107	0.147
0.648	0.056	0.114	0.182
0.604	0.076	0.122	0.198
0.563	0.094	0.125	0.218
0.534	0.107	0.128	0.231
0.492	0.126	0.133	0.249
0.460	0.132	0.133	0.274
0.472	0.117	0.144	0.267
0.407	0.114	0.153	0.326
>WWDWWWWWWWDW	9-WWDWWWWWWWDW	6.083208	-0.000000	0	T:3976.0(21.19%),B:42925.0(49.90%),P:1e0	Tpos:115.8,Tstd:100.9,Bpos:14819.4,Bstd:19439.6,StrandBias:0.0,Multiplicity:1.12
0.338	0.165	0.176	0.320
0.425	0.009	0.158	0.408
0.386	0.001	0.237	0.375
0.470	0.001	0.091	0.438
0.427	0.001	0.159	0.413
0.444	0.001	0.147	0.408
0.467	0.001	0.138	0.394
0.505	0.001	0.001	0.493
0.373	0.124	0.166	0.338
0.522	0.001	0.001	0.476
0.374	0.001	0.270	0.355
0.573	0.001	0.001	0.425
>AAAAAAAAAAAA	10-AAAAAAAAAAAA	6.233828	-0.000000	0	T:4573.0(24.37%),B:44232.7(51.42%),P:1e0	Tpos:105.0,Tstd:74.5,Bpos:14677.7,Bstd:18139.2,StrandBias:-10.0,Multiplicity:1.00
0.583	0.001	0.110	0.306
0.517	0.079	0.139	0.265
0.557	0.080	0.126	0.237
0.571	0.081	0.127	0.221
0.587	0.075	0.126	0.212
0.598	0.072	0.129	0.201
0.601	0.078	0.127	0.194
0.597	0.078	0.118	0.207
0.554	0.099	0.132	0.215
0.539	0.091	0.119	0.251
0.538	0.082	0.134	0.246
0.543	0.051	0.127	0.279
>TCTATCTATCTN	11-TCTATCTATCTN	7.978316	-0.000000	0	T:692.0(3.69%),B:13485.9(15.68%),P:1e0	Tpos:138.6,Tstd:103.0,Bpos:16653.3,Bstd:20244.6,StrandBias:-0.2,Multiplicity:1.00
0.173	0.200	0.167	0.460
0.264	0.430	0.079	0.227
0.154	0.158	0.063	0.625
0.442	0.216	0.144	0.198
0.096	0.116	0.129	0.659
0.166	0.660	0.095	0.079
0.059	0.069	0.032	0.840
0.441	0.270	0.179	0.109
0.070	0.077	0.070	0.783
0.088	0.684	0.089	0.139
0.128	0.057	0.035	0.780
0.281	0.260	0.250	0.208
>NNHNDNWNATMT	12-NNHNDNWNATMT	7.172739	-0.000000	0	T:9.0(0.05%),B:581.0(0.68%),P:1e0	Tpos:60.5,Tstd:21.5,Bpos:14387.5,Bstd:19144.3,StrandBias:10.0,Multiplicity:1.00
0.277	0.248	0.208	0.267
0.283	0.275	0.164	0.278
0.365	0.276	0.001	0.357
0.294	0.213	0.206	0.288
0.359	0.001	0.270	0.370
0.270	0.266	0.221	0.243
0.527	0.001	0.001	0.471
0.226	0.193	0.318	0.262
0.997	0.001	0.001	0.001
0.001	0.001	0.001	0.997
0.565	0.433	0.001	0.001
0.001	0.001	0.001	0.997
>AAAAAAAAAAAA	13-AAAAAAAAAAAA	6.200177	-0.000000	0	T:5118.0(27.28%),B:45423.3(52.80%),P:1e0	Tpos:117.2,Tstd:100.1,Bpos:15154.4,Bstd:19438.9,StrandBias:-0.2,Multiplicity:1.07
0.520	0.065	0.079	0.336
0.510	0.069	0.109	0.312
0.591	0.058	0.086	0.265
0.573	0.056	0.103	0.268
0.619	0.049	0.101	0.231
0.637	0.054	0.098	0.211
0.634	0.055	0.101	0.210
0.614	0.067	0.093	0.226
0.544	0.092	0.101	0.263
0.537	0.093	0.090	0.280
0.521	0.060	0.123	0.296
0.512	0.050	0.105	0.333
>DNDNNNNWGATA	14-DNDNNNNWGATA	6.859317	-0.000000	0	T:4428.0(23.60%),B:35433.7(41.19%),P:1e0	Tpos:115.1,Tstd:83.7,Bpos:14966.0,Bstd:20494.8,StrandBias:0.0,Multiplicity:1.07
0.319	0.057	0.307	0.317
0.271	0.195	0.247	0.286
0.364	0.001	0.301	0.334
0.248	0.234	0.243	0.275
0.275	0.230	0.204	0.291
0.282	0.228	0.238	0.252
0.248	0.293	0.235	0.224
0.486	0.001	0.001	0.512
0.001	0.001	0.936	0.062
0.997	0.001	0.001	0.001
0.002	0.001	0.098	0.899
0.997	0.001	0.001	0.001
>TTTTTTTTTTTT	15-TTTTTTTTTTTT	6.123021	-0.000000	0	T:5227.0(27.86%),B:45875.1(53.33%),P:1e0	Tpos:98.6,Tstd:69.1,Bpos:16651.9,Bstd:21044.6,StrandBias:-0.4,Multiplicity:1.00
0.281	0.126	0.045	0.548
0.232	0.123	0.067	0.578
0.232	0.112	0.093	0.563
0.197	0.122	0.088	0.593
0.200	0.108	0.072	0.620
0.190	0.121	0.078	0.611
0.195	0.123	0.073	0.609
0.210	0.128	0.072	0.590
0.210	0.127	0.078	0.585
0.218	0.138	0.077	0.567
0.255	0.131	0.059	0.555
0.291	0.103	0.071	0.535
>NWRAWAGATAKA	16-NWRAWAGATAKA	7.159006	-0.000000	0	T:189.0(1.01%),B:4562.5(5.30%),P:1e0	Tpos:233.0,Tstd:37.0,Bpos:9585.1,Bstd:14406.5,StrandBias:-10.0,Multiplicity:1.00
0.290	0.247	0.195	0.268
0.420	0.001	0.090	0.489
0.280	0.142	0.375	0.203
0.553	0.081	0.114	0.252
0.262	0.186	0.168	0.384
0.536	0.001	0.096	0.367
0.232	0.096	0.444	0.228
0.740	0.060	0.047	0.153
0.210	0.154	0.213	0.423
0.858	0.001	0.018	0.123
0.114	0.057	0.440	0.389
0.468	0.174	0.154	0.203
>AAAAAAAAAAAA	17-AAAAAAAAAAAA	6.361482	-0.000000	0	T:4290.0(22.87%),B:43573.1(50.65%),P:1e0	Tpos:49.0,Tstd:0.0,Bpos:16192.7,Bstd:20332.0,StrandBias:10.0,Multiplicity:1.00
0.584	0.021	0.108	0.287
0.535	0.077	0.128	0.260
0.628	0.001	0.131	0.240
0.573	0.074	0.142	0.211
0.584	0.071	0.130	0.215
0.572	0.084	0.132	0.212
0.571	0.085	0.124	0.220
0.571	0.086	0.124	0.219
0.537	0.097	0.137	0.229
0.529	0.103	0.125	0.243
0.530	0.093	0.136	0.241
0.548	0.031	0.137	0.284
>AGATAKNDNNNN	18-AGATAKNDNNNN	6.806347	-0.000000	0	T:5176.0(27.59%),B:38934.6(45.26%),P:1e0	Tpos:117.5,Tstd:82.3,Bpos:15576.8,Bstd:20847.6,StrandBias:-0.1,Multiplicity:1.10
0.622	0.001	0.001	0.376
0.001	0.001	0.997	0.001
0.997	0.001	0.001	0.001
0.030	0.001	0.261	0.708
0.997	0.001	0.001	0.001
0.001	0.136	0.446	0.417
0.328	0.204	0.234	0.233
0.365	0.002	0.332	0.301
0.261	0.188	0.295	0.255
0.309	0.199	0.223	0.268
0.295	0.172	0.250	0.282
0.294	0.196	0.245	0.266
>DNDNWDVAGATA	19-DNDNWDVAGATA	8.103509	-0.000000	0	T:110.0(0.59%),B:4940.2(5.74%),P:1e0	Tpos:128.8,Tstd:75.8,Bpos:16200.8,Bstd:21126.9,StrandBias:-0.3,Multiplicity:1.03
0.314	0.158	0.213	0.315
0.299	0.180	0.223	0.297
0.339	0.159	0.249	0.252
0.262	0.207	0.227	0.304
0.364	0.214	0.102	0.320
0.329	0.093	0.223	0.355
0.219	0.348	0.250	0.184
0.618	0.001	0.001	0.380
0.001	0.001	0.997	0.001
0.997	0.001	0.001	0.001
0.001	0.001	0.001	0.997
0.997	0.001	0.001	0.001
>ATMTNWNWNNNN	20-ATMTNWNWNNNN	5.407055	-0.000000	0	T:8006.0(42.67%),B:50037.9(58.17%),P:1e0	Tpos:116.9,Tstd:95.6,Bpos:14999.4,Bstd:20625.9,StrandBias:0.0,Multiplicity:1.20
0.997	0.001	0.001	0.001
0.001	0.001	0.001	0.997
0.476	0.522	0.001	0.001
0.413	0.001	0.001	0.585
0.259	0.252	0.250	0.238
0.345	0.177	0.092	0.386
0.283	0.231	0.186	0.301
0.373	0.238	0.001	0.388
0.288	0.205	0.210	0.297
0.284	0.209	0.192	0.314
0.274	0.218	0.211	0.297
0.291	0.207	0.209	0.292
>DWDADWWNAGAT	21-DWDADWWNAGAT	6.465282	-0.000000	0	T:4668.0(24.88%),B:41390.8(48.12%),P:1e0	Tpos:114.1,Tstd:92.6,Bpos:15056.6,Bstd:20364.3,StrandBias:-0.1,Multiplicity:1.09
0.328	0.147	0.243	0.282
0.372	0.117	0.170	0.341
0.327	0.163	0.204	0.306
0.554	0.010	0.130	0.306
0.311	0.120	0.303	0.266
0.452	0.077	0.161	0.310
0.427	0.042	0.196	0.335
0.241	0.237	0.239	0.283
0.752	0.001	0.003	0.244
0.019	0.005	0.704	0.272
0.993	0.004	0.001	0.002
0.046	0.009	0.053	0.892
>TATCWVTATCWG	22-TATCWVTATCWG	10.566323	-0.000000	0	T:2.0(0.01%),B:269.7(0.31%),P:1e0	Tpos:43.0,Tstd:0.0,Bpos:14642.3,Bstd:20675.7,StrandBias:10.0,Multiplicity:1.00
0.073	0.037	0.018	0.872
0.566	0.189	0.076	0.169
0.049	0.004	0.025	0.922
0.083	0.697	0.108	0.112
0.470	0.060	0.003	0.467
0.207	0.352	0.239	0.201
0.193	0.149	0.017	0.641
0.492	0.130	0.130	0.249
0.157	0.074	0.126	0.643
0.044	0.771	0.128	0.057
0.536	0.001	0.001	0.462
0.131	0.089	0.526	0.254
>TCTATCTATCTN	23-TCTATCTATCTN	8.417832	-0.000000	0	T:265.0(1.41%),B:4768.4(5.54%),P:1e0	Tpos:68.8,Tstd:26.0,Bpos:14140.9,Bstd:22812.9,StrandBias:1.6,Multiplicity:1.00
0.214	0.223	0.189	0.373
0.202	0.495	0.113	0.190
0.099	0.130	0.041	0.730
0.507	0.192	0.143	0.158
0.093	0.095	0.095	0.717
0.154	0.652	0.081	0.113
0.077	0.073	0.026	0.824
0.483	0.214	0.174	0.129
0.090	0.092	0.081	0.737
0.132	0.612	0.090	0.166
0.148	0.119	0.055	0.678
0.192	0.275	0.262	0.271
>TCTMTCTVTCTN	24-TCTMTCTVTCTN	8.308062	0.000000	0	T:224.0(1.19%),B:4621.2(5.37%),P:1e0	Tpos:78.0,Tstd:0.0,Bpos:2873.3,Bstd:1304.5,StrandBias:-10.0,Multiplicity:1.00
0.197	0.135	0.198	0.469
0.250	0.442	0.145	0.163
0.179	0.109	0.001	0.711
0.379	0.241	0.228	0.152
0.147	0.001	0.071	0.781
0.185	0.460	0.243	0.112
0.100	0.023	0.001	0.876
0.319	0.282	0.242	0.157
0.109	0.058	0.029	0.804
0.128	0.523	0.155	0.194
0.253	0.008	0.001	0.738
0.243	0.247	0.263	0.247
>TCTVTCTVTCTN	25-TCTVTCTVTCTN	9.581373	0.000000	0	T:13.0(0.07%),B:766.5(0.89%),P:1e0	Tpos:31.0,Tstd:0.0,Bpos:13767.8,Bstd:15587.8,StrandBias:10.0,Multiplicity:1.00
0.169	0.183	0.158	0.490
0.180	0.548	0.116	0.156
0.085	0.088	0.038	0.789
0.302	0.231	0.316	0.152
0.064	0.085	0.075	0.776
0.075	0.720	0.096	0.109
0.076	0.051	0.015	0.858
0.234	0.261	0.332	0.173
0.074	0.114	0.066	0.746
0.086	0.596	0.123	0.195
0.132	0.127	0.037	0.704
0.228	0.278	0.235	0.259
>CTTATCTG	1-CTTATCTG	4.626169	-3046.326681	0	T:15094.0(80.45%),B:43325.6(50.37%),P:1e-1322	Tpos:113.8,Tstd:71.6,Bpos:15385.3,Bstd:20567.2,StrandBias:0.0,Multiplicity:1.77
0.022	0.873	0.050	0.055
0.011	0.011	0.001	0.977
0.010	0.001	0.001	0.988
0.997	0.001	0.001	0.001
0.001	0.001	0.001	0.997
0.001	0.997	0.001	0.001
0.155	0.001	0.007	0.837
0.111	0.198	0.517	0.174
>GATAAMRS	2-GATAAMRS	5.313576	-781.095324	0	T:12147.0(64.74%),B:42141.0(48.99%),P:1e-339	Tpos:115.2,Tstd:78.7,Bpos:15599.2,Bstd:20535.7,StrandBias:0.0,Multiplicity:1.12
0.001	0.001	0.997	0.001
0.997	0.001	0.001	0.001
0.001	0.001	0.001	0.997
0.997	0.001	0.001	0.001
0.997	0.001	0.001	0.001
0.382	0.239	0.156	0.223
0.389	0.112	0.284	0.215
0.001	0.444	0.485	0.071
>GATTAGTH	3-GATTAGTH	-3.839792	-384.866048	0	T:18125.0(96.60%),B:78391.8(91.13%),P:1e-167	Tpos:116.4,Tstd:91.8,Bpos:15461.7,Bstd:20332.0,StrandBias:0.0,Multiplicity:3.02
0.001	0.001	0.997	0.001
0.997	0.001	0.001	0.001
0.001	0.001	0.001	0.997
0.001	0.001	0.001	0.997
0.997	0.001	0.001	0.001
0.001	0.001	0.997	0.001
0.001	0.001	0.001	0.997
0.333	0.333	0.001	0.333
>TATCTNYC	4-TATCTNYC	6.624535	-40.008729	0	T:9694.0(51.67%),B:41465.9(48.20%),P:1e-17	Tpos:110.5,Tstd:78.5,Bpos:15959.8,Bstd:20936.7,StrandBias:-0.1,Multiplicity:1.49
0.001	0.001	0.001	0.997
0.997	0.001	0.001	0.001
0.001	0.001	0.001	0.997
0.013	0.985	0.001	0.001
0.312	0.001	0.001	0.686
0.312	0.197	0.257	0.233
0.060	0.334	0.183	0.423
0.255	0.407	0.206	0.132
>TATCTTTA	5-TATCTTTA	6.291044	-0.000000	0	T:7773.0(41.43%),B:45478.7(52.87%),P:1e0	Tpos:116.9,Tstd:95.8,Bpos:15316.9,Bstd:20518.9,StrandBias:-0.0,Multiplicity:1.08
0.100	0.100	0.100	0.700
0.700	0.100	0.100	0.100
0.100	0.100	0.100	0.700
0.100	0.700	0.100	0.100
0.100	0.100	0.100	0.700
0.100	0.100	0.100	0.700
0.100	0.100	0.100	0.700
0.700	0.100	0.100	0.100
>TATCTNNT	6-TATCTNNT	7.761319	-0.000000	0	T:3905.0(20.81%),B:29273.4(34.03%),P:1e0	Tpos:112.6,Tstd:77.9,Bpos:15876.8,Bstd:20734.9,StrandBias:-0.1,Multiplicity:1.05
0.001	0.001	0.001	0.997
0.997	0.001	0.001	0.001
0.001	0.001	0.001	0.997
0.001	0.997	0.001	0.001
0.001	0.001	0.001	0.997
0.181	0.240	0.249	0.329
0.300	0.308	0.213	0.179
0.265	0.092	0.124	0.519
>NVMTATCT	7-NVMTATCT	7.992134	-0.000000	0	T:1546.0(8.24%),B:19966.0(23.21%),P:1e0	Tpos:117.4,Tstd:85.5,Bpos:14974.6,Bstd:20411.8,StrandBias:0.2,Multiplicity:1.02
0.235	0.268	0.235	0.262
0.383	0.239	0.377	0.001
0.375	0.509	0.115	0.001
0.001	0.001	0.001	0.997
0.997	0.001	0.001	0.001
0.001	0.001	0.001	0.997
0.001	0.997	0.001	0.001
0.001	0.001	0.001	0.997
>WTTTTTTW	8-WTTTTTTW	4.404071	-0.000000	0	T:9168.0(48.86%),B:54601.2(63.47%),P:1e0	Tpos:115.6,Tstd:96.7,Bpos:15584.3,Bstd:20308.4,StrandBias:0.1,Multiplicity:1.19
0.364	0.108	0.091	0.437
0.224	0.135	0.123	0.518
0.191	0.219	0.118	0.472
0.214	0.105	0.024	0.657
0.161	0.211	0.144	0.483
0.239	0.135	0.026	0.600
0.250	0.159	0.113	0.478
0.385	0.055	0.059	0.501
>WHTTNWWW	9-WHTTNWWW	4.015097	-0.000000	0	T:4503.0(24.00%),B:42522.0(49.43%),P:1e0	Tpos:117.8,Tstd:102.4,Bpos:14788.6,Bstd:18735.1,StrandBias:-0.1,Multiplicity:1.15
0.381	0.189	0.023	0.407
0.273	0.257	0.158	0.312
0.413	0.001	0.001	0.585
0.001	0.001	0.375	0.623
0.174	0.252	0.279	0.295
0.331	0.241	0.035	0.394
0.346	0.186	0.118	0.350
0.512	0.008	0.005	0.475
>AAAAAAAA	10-AAAAAAAA	3.954642	-0.000000	0	T:10224.0(54.49%),B:57554.1(66.91%),P:1e0	Tpos:116.3,Tstd:92.3,Bpos:15619.2,Bstd:20347.6,StrandBias:-0.0,Multiplicity:1.05
0.440	0.209	0.093	0.258
0.517	0.096	0.089	0.298
0.476	0.035	0.238	0.251
0.377	0.182	0.217	0.223
0.433	0.261	0.138	0.168
0.684	0.001	0.020	0.295
0.445	0.157	0.269	0.128
0.491	0.119	0.143	0.248
>AGTTKWTA	11-AGTTKWTA	6.061405	-0.000000	0	T:1606.0(8.56%),B:30935.5(35.96%),P:1e0	Tpos:116.5,Tstd:88.7,Bpos:15320.1,Bstd:20599.7,StrandBias:-0.2,Multiplicity:1.04
0.783	0.005	0.008	0.204
0.191	0.071	0.485	0.253
0.124	0.020	0.024	0.832
0.151	0.009	0.066	0.774
0.169	0.169	0.379	0.284
0.432	0.164	0.066	0.338
0.182	0.085	0.123	0.610
0.622	0.037	0.073	0.268
>AAAAAAAA	12-AAAAAAAA	4.170081	-0.000000	0	T:10301.0(54.90%),B:56549.9(65.74%),P:1e0	Tpos:115.7,Tstd:92.5,Bpos:15818.6,Bstd:20228.7,StrandBias:0.0,Multiplicity:1.11
0.514	0.098	0.097	0.291
0.535	0.077	0.176	0.212
0.563	0.013	0.218	0.206
0.493	0.146	0.209	0.151
0.587	0.131	0.112	0.170
0.502	0.080	0.171	0.247
0.465	0.136	0.229	0.170
0.507	0.087	0.152	0.254
>WWAAAAAW	13-WWAAAAAW	4.618077	-0.000000	0	T:9590.0(51.11%),B:54878.9(63.80%),P:1e0	Tpos:113.6,Tstd:94.9,Bpos:14834.2,Bstd:20448.9,StrandBias:-0.1,Multiplicity:1.05
0.397	0.126	0.105	0.372
0.424	0.129	0.135	0.312
0.479	0.100	0.118	0.304
0.549	0.182	0.227	0.042
0.790	0.064	0.145	0.001
0.626	0.163	0.147	0.064
0.572	0.126	0.010	0.292
0.433	0.060	0.127	0.381
>WWWWNAWW	14-WWWWNAWW	4.789379	-0.000000	0	T:5663.0(30.18%),B:45067.4(52.39%),P:1e0	Tpos:115.6,Tstd:93.1,Bpos:15776.4,Bstd:20658.8,StrandBias:0.0,Multiplicity:1.07
0.473	0.063	0.047	0.417
0.402	0.079	0.062	0.457
0.482	0.059	0.070	0.389
0.473	0.013	0.051	0.463
0.251	0.266	0.289	0.195
0.706	0.143	0.091	0.060
0.479	0.079	0.072	0.370
0.454	0.041	0.072	0.433
>TCAGTTAT	15-TCAGTTAT	5.950672	-0.000000	0	T:2318.0(12.35%),B:32910.3(38.26%),P:1e0	Tpos:111.0,Tstd:92.1,Bpos:15311.9,Bstd:20434.1,StrandBias:0.2,Multiplicity:1.01
0.102	0.084	0.076	0.738
0.162	0.529	0.124	0.185
0.663	0.055	0.055	0.227
0.162	0.097	0.519	0.222
0.167	0.105	0.096	0.632
0.143	0.106	0.125	0.626
0.655	0.086	0.074	0.185
0.164	0.090	0.109	0.637
>WTTTTTWW	16-WTTTTTWW	4.174792	-0.000000	0	T:7490.0(39.92%),B:50680.8(58.92%),P:1e0	Tpos:119.9,Tstd:95.1,Bpos:15267.1,Bstd:20579.1,StrandBias:0.0,Multiplicity:1.01
0.340	0.163	0.100	0.396
0.202	0.176	0.080	0.542
0.160	0.201	0.140	0.499
0.047	0.193	0.077	0.683
0.124	0.261	0.151	0.464
0.274	0.191	0.036	0.500
0.287	0.154	0.140	0.419
0.339	0.131	0.145	0.385
>ATCTKYHT	17-ATCTKYHT	7.591317	-0.000000	0	T:4606.0(24.55%),B:40934.2(47.59%),P:1e0	Tpos:115.2,Tstd:88.3,Bpos:15321.3,Bstd:20266.9,StrandBias:0.1,Multiplicity:1.08
0.997	0.001	0.001	0.001
0.001	0.001	0.001	0.997
0.001	0.997	0.001	0.001
0.001	0.001	0.001	0.997
0.184	0.001	0.442	0.373
0.001	0.452	0.001	0.546
0.380	0.245	0.001	0.373
0.373	0.001	0.001	0.625
>ACTAATCT	18-ACTAATCT	4.142416	-0.000000	0	T:4161.0(22.18%),B:37990.5(44.16%),P:1e0	Tpos:113.1,Tstd:84.3,Bpos:15244.5,Bstd:20495.8,StrandBias:-0.1,Multiplicity:1.12
0.986	0.001	0.001	0.012
0.001	0.997	0.001	0.001
0.001	0.001	0.001	0.997
0.989	0.001	0.001	0.009
0.997	0.001	0.001	0.001
0.001	0.001	0.001	0.997
0.001	0.997	0.001	0.001
0.001	0.001	0.001	0.997
>TATCTGDN	19-TATCTGDN	6.647496	-0.000000	0	T:7574.0(40.37%),B:38759.9(45.06%),P:1e0	Tpos:118.0,Tstd:84.6,Bpos:15563.4,Bstd:20557.0,StrandBias:0.0,Multiplicity:1.08
0.001	0.001	0.001	0.997
0.997	0.001	0.001	0.001
0.001	0.001	0.001	0.997
0.001	0.997	0.001	0.001
0.233	0.001	0.001	0.765
0.036	0.128	0.766	0.070
0.307	0.039	0.364	0.290
0.230	0.319	0.193	0.258
>ATATCTTT	20-ATATCTTT	8.236954	-0.000000	0	T:454.0(2.42%),B:13991.8(16.27%),P:1e0	Tpos:87.8,Tstd:65.6,Bpos:16107.9,Bstd:20015.1,StrandBias:1.8,Multiplicity:1.00
0.700	0.100	0.100	0.100
0.100	0.100	0.100	0.700
0.700	0.100	0.100	0.100
0.100	0.100	0.100	0.700
0.100	0.700	0.100	0.100
0.100	0.100	0.100	0.700
0.100	0.100	0.100	0.700
0.100	0.100	0.100	0.700
>WWTNATAW	21-WWTNATAW	4.532326	-0.000000	0	T:5229.0(27.87%),B:42824.7(49.78%),P:1e0	Tpos:117.8,Tstd:95.3,Bpos:15160.8,Bstd:20896.0,StrandBias:-0.0,Multiplicity:1.16
0.309	0.130	0.139	0.422
0.471	0.105	0.097	0.327
0.148	0.075	0.125	0.652
0.204	0.245	0.247	0.305
0.476	0.118	0.087	0.319
0.223	0.129	0.115	0.533
0.592	0.116	0.117	0.175
0.471	0.057	0.069	0.403
>TAAGACAA	22-TAAGACAA	5.797225	-0.000000	0	T:4031.0(21.48%),B:39590.4(46.02%),P:1e0	Tpos:116.5,Tstd:96.1,Bpos:15079.3,Bstd:20182.8,StrandBias:-0.1,Multiplicity:1.08
0.205	0.092	0.072	0.631
0.620	0.132	0.099	0.149
0.726	0.038	0.092	0.144
0.239	0.144	0.465	0.152
0.699	0.097	0.078	0.126
0.267	0.467	0.137	0.128
0.701	0.118	0.070	0.111
0.692	0.069	0.099	0.140
>TAAACAGA	23-TAAACAGA	8.746872	-0.000000	0	T:388.0(2.07%),B:12384.3(14.40%),P:1e0	Tpos:114.4,Tstd:80.1,Bpos:16137.4,Bstd:20502.4,StrandBias:0.2,Multiplicity:1.00
0.139	0.088	0.076	0.697
0.775	0.064	0.056	0.105
0.754	0.076	0.091	0.079
0.764	0.087	0.099	0.050
0.202	0.632	0.076	0.090
0.836	0.016	0.034	0.114
0.180	0.083	0.665	0.072
0.878	0.037	0.029	0.056
>NACTAATC	24-NACTAATC	8.634164	-0.000000	0	T:161.0(0.86%),B:5939.7(6.90%),P:1e0	Tpos:116.5,Tstd:4.5,Bpos:11874.7,Bstd:17927.4,StrandBias:10.0,Multiplicity:1.00
0.168	0.314	0.210	0.308
0.710	0.071	0.057	0.162
0.065	0.822	0.049	0.064
0.087	0.043	0.008	0.862
0.778	0.078	0.079	0.065
0.879	0.030	0.033	0.058
0.042	0.028	0.040	0.890
0.048	0.892	0.026	0.034
>CTAATCTK	25-CTAATCTK	8.874568	0.000000	0	T:409.0(2.18%),B:8615.1(10.02%),P:1e0	Tpos:83.8,Tstd:39.6,Bpos:11305.0,Bstd:18151.3,StrandBias:-0.6,Multiplicity:1.00
0.107	0.697	0.058	0.138
0.091	0.070	0.003	0.836
0.748	0.084	0.069	0.099
0.957	0.001	0.001	0.041
0.027	0.015	0.045	0.913
0.084	0.881	0.026	0.009
0.133	0.031	0.013	0.823
0.143	0.104	0.358	0.395
