>NNBCTTATCT	1-NNBCTTATCT	6.002179	-3034.822817	0	T:15027.0(80.09%),B:43013.4(50.00%),P:1e-1317	Tpos:114.3,Tstd:71.4,Bpos:15351.8,Bstd:20554.0,StrandBias:0.0,Multiplicity:1.76
0.201	0.243	0.302	0.254
0.164	0.291	0.290	0.254
0.139	0.350	0.276	0.236
0.135	0.410	0.239	0.216
0.043	0.124	0.001	0.832
0.095	0.094	0.011	0.800
0.948	0.033	0.001	0.018
0.033	0.013	0.020	0.934
0.001	0.997	0.001	0.001
0.347	0.062	0.070	0.521
>TATCTNTYTH	2-TATCTNTYTH	5.782248	-858.822084	0	T:13331.0(71.05%),B:47206.3(54.88%),P:1e-372	Tpos:111.9,Tstd:79.1,Bpos:15684.8,Bstd:20824.5,StrandBias:-0.0,Multiplicity:1.36
0.001	0.001	0.001	0.997
0.997	0.001	0.001	0.001
0.001	0.001	0.001	0.997
0.001	0.997	0.001	0.001
0.005	0.001	0.001	0.993
0.196	0.275	0.247	0.281
0.173	0.202	0.022	0.603
0.189	0.279	0.160	0.371
0.264	0.194	0.095	0.447
0.257	0.216	0.177	0.350
>NNHNNNTATC	3-NNHNNNTATC	6.000610	-71.650234	0	T:11246.0(59.94%),B:47551.7(55.28%),P:1e-31	Tpos:116.7,Tstd:85.7,Bpos:15730.2,Bstd:20821.2,StrandBias:-0.1,Multiplicity:1.19
0.271	0.248	0.185	0.296
0.260	0.259	0.225	0.256
0.350	0.279	0.009	0.363
0.259	0.254	0.180	0.307
0.258	0.234	0.228	0.279
0.264	0.273	0.201	0.262
0.001	0.001	0.001	0.997
0.997	0.001	0.001	0.001
0.001	0.001	0.001	0.997
0.001	0.997	0.001	0.001
>NNDDRNAGAT	4-NNDDRNAGAT	6.114820	-0.000000	0	T:7627.0(40.65%),B:47020.1(54.66%),P:1e0	Tpos:115.1,Tstd:91.8,Bpos:15299.8,Bstd:20566.7,StrandBias:-0.1,Multiplicity:1.13
0.317	0.230	0.194	0.259
0.319	0.194	0.199	0.288
0.336	0.138	0.239	0.287
0.351	0.146	0.211	0.291
0.420	0.001	0.310	0.269
0.314	0.235	0.221	0.230
0.796	0.001	0.001	0.202
0.001	0.001	0.997	0.001
0.997	0.001	0.001	0.001
0.001	0.001	0.001	0.997
>AAGATTADAW	5-AAGATTADAW	4.422048	-0.000000	0	T:5317.0(28.34%),B:47342.1(55.04%),P:1e0	Tpos:117.6,Tstd:92.6,Bpos:15657.6,Bstd:20349.5,StrandBias:0.0,Multiplicity:1.11
0.997	0.001	0.001	0.001
0.997	0.001	0.001	0.001
0.001	0.001	0.997	0.001
0.997	0.001	0.001	0.001
0.001	0.001	0.001	0.997
0.001	0.050	0.355	0.594
0.616	0.028	0.015	0.341
0.300	0.095	0.313	0.291
0.438	0.162	0.165	0.234
0.420	0.108	0.177	0.295
>TATCHANNNN	6-TATCHANNNN	6.335402	-0.000000	0	T:4463.0(23.79%),B:38931.6(45.26%),P:1e0	Tpos:117.4,Tstd:83.6,Bpos:15926.3,Bstd:20546.2,StrandBias:-0.1,Multiplicity:1.05
0.003	0.003	0.007	0.987
0.994	0.001	0.004	0.001
0.002	0.002	0.005	0.991
0.001	0.992	0.006	0.001
0.338	0.369	0.001	0.292
0.435	0.213	0.194	0.158
0.271	0.229	0.305	0.195
0.275	0.231	0.228	0.266
0.247	0.219	0.266	0.267
0.257	0.247	0.246	0.249
>AAGATTWDNW	7-AAGATTWDNW	9.480911	-0.000000	0	T:133.0(0.71%),B:6353.8(7.39%),P:1e0	Tpos:131.3,Tstd:90.3,Bpos:14896.7,Bstd:21002.8,StrandBias:0.5,Multiplicity:1.01
0.997	0.001	0.001	0.001
0.997	0.001	0.001	0.001
0.001	0.001	0.997	0.001
0.997	0.001	0.001	0.001
0.001	0.001	0.001	0.997
0.001	0.001	0.411	0.587
0.574	0.001	0.001	0.424
0.255	0.029	0.352	0.364
0.289	0.180	0.214	0.316
0.341	0.147	0.154	0.358
>TTTNTSADWW	8-TTTNTSADWW	5.214441	-0.000000	0	T:6762.0(36.04%),B:47292.8(54.98%),P:1e0	Tpos:116.9,Tstd:89.7,Bpos:16064.7,Bstd:20592.8,StrandBias:-0.0,Multiplicity:1.07
0.353	0.124	0.001	0.522
0.243	0.140	0.034	0.583
0.229	0.009	0.050	0.712
0.188	0.290	0.210	0.312
0.358	0.103	0.001	0.538
0.204	0.367	0.231	0.198
0.570	0.010	0.001	0.419
0.317	0.159	0.264	0.260
0.454	0.135	0.084	0.327
0.396	0.030	0.097	0.477
>TTTTTTTTTW	9-TTTTTTTTTW	4.275175	-0.000000	0	T:13076.0(69.69%),B:63581.2(73.91%),P:1e0	Tpos:117.9,Tstd:95.4,Bpos:15450.1,Bstd:20472.2,StrandBias:0.0,Multiplicity:1.10
0.288	0.217	0.054	0.441
0.164	0.129	0.005	0.702
0.145	0.054	0.115	0.686
0.173	0.180	0.103	0.544
0.194	0.157	0.071	0.578
0.164	0.167	0.122	0.547
0.206	0.198	0.115	0.481
0.253	0.185	0.023	0.539
0.262	0.164	0.109	0.465
0.352	0.157	0.104	0.388
>TTTTTTTTTT	10-TTTTTTTTTT	6.239133	-0.000000	0	T:7052.0(37.59%),B:50311.3(58.49%),P:1e0	Tpos:117.4,Tstd:97.3,Bpos:15598.4,Bstd:20146.1,StrandBias:0.1,Multiplicity:1.15
0.106	0.135	0.001	0.758
0.092	0.260	0.030	0.618
0.120	0.086	0.001	0.793
0.166	0.150	0.054	0.630
0.168	0.146	0.021	0.665
0.088	0.195	0.026	0.691
0.072	0.109	0.023	0.796
0.048	0.187	0.065	0.700
0.151	0.180	0.032	0.637
0.184	0.155	0.056	0.605
>AAAAAAAAAA	11-AAAAAAAAAA	6.238317	-0.000000	0	T:4432.0(23.62%),B:43694.1(50.79%),P:1e0	Tpos:113.3,Tstd:96.4,Bpos:15617.6,Bstd:20456.3,StrandBias:0.1,Multiplicity:1.00
0.641	0.047	0.143	0.169
0.602	0.040	0.160	0.198
0.693	0.049	0.158	0.100
0.681	0.044	0.162	0.113
0.653	0.050	0.166	0.131
0.619	0.064	0.163	0.154
0.585	0.098	0.159	0.158
0.556	0.106	0.145	0.193
0.525	0.109	0.172	0.194
0.539	0.087	0.168	0.206
>TTTTTTTTTT	12-TTTTTTTTTT	5.374501	-0.000000	0	T:7740.0(41.25%),B:51707.3(60.11%),P:1e0	Tpos:115.7,Tstd:91.9,Bpos:15432.7,Bstd:20105.8,StrandBias:0.1,Multiplicity:1.07
0.128	0.169	0.013	0.690
0.111	0.271	0.050	0.568
0.131	0.123	0.033	0.713
0.101	0.162	0.055	0.682
0.120	0.178	0.058	0.644
0.169	0.177	0.070	0.584
0.187	0.164	0.084	0.565
0.206	0.160	0.112	0.522
0.252	0.174	0.131	0.443
0.246	0.173	0.120	0.460
>AAAAAAAAAA	13-AAAAAAAAAA	5.319623	-0.000000	0	T:7674.0(40.90%),B:51533.5(59.91%),P:1e0	Tpos:115.2,Tstd:96.9,Bpos:15582.4,Bstd:20287.9,StrandBias:0.2,Multiplicity:1.00
0.578	0.083	0.105	0.234
0.569	0.067	0.149	0.215
0.591	0.077	0.171	0.161
0.602	0.077	0.154	0.167
0.583	0.077	0.167	0.173
0.612	0.075	0.150	0.163
0.626	0.087	0.139	0.148
0.631	0.081	0.110	0.178
0.579	0.069	0.177	0.175
0.599	0.035	0.163	0.203
>TTTTTTTTTT	14-TTTTTTTTTT	4.884586	-0.000000	0	T:10026.0(53.44%),B:56585.2(65.78%),P:1e0	Tpos:118.6,Tstd:98.2,Bpos:15333.0,Bstd:20165.2,StrandBias:0.0,Multiplicity:1.14
0.242	0.153	0.116	0.489
0.205	0.181	0.122	0.492
0.209	0.157	0.117	0.517
0.177	0.174	0.115	0.534
0.152	0.175	0.093	0.580
0.131	0.180	0.058	0.631
0.117	0.160	0.042	0.681
0.101	0.175	0.054	0.670
0.206	0.152	0.045	0.597
0.175	0.148	0.048	0.629
>NNNNNVTATC	15-NNNNNVTATC	6.405151	-0.000000	0	T:259.0(1.38%),B:7295.3(8.48%),P:1e0	Tpos:119.4,Tstd:89.5,Bpos:15840.5,Bstd:20048.7,StrandBias:0.2,Multiplicity:1.01
0.203	0.215	0.305	0.276
0.184	0.235	0.300	0.281
0.197	0.215	0.314	0.274
0.154	0.252	0.290	0.303
0.216	0.291	0.251	0.242
0.282	0.269	0.302	0.147
0.001	0.001	0.001	0.997
0.997	0.001	0.001	0.001
0.001	0.001	0.001	0.997
0.001	0.997	0.001	0.001
>WWWWWAAAAA	16-WWWWWAAAAA	4.419441	-0.000000	0	T:11824.0(63.02%),B:60278.4(70.07%),P:1e0	Tpos:112.0,Tstd:91.4,Bpos:15154.5,Bstd:20427.2,StrandBias:-0.1,Multiplicity:1.06
0.343	0.157	0.169	0.331
0.382	0.150	0.183	0.285
0.367	0.179	0.198	0.255
0.384	0.161	0.185	0.269
0.372	0.166	0.200	0.262
0.406	0.139	0.207	0.247
0.431	0.153	0.235	0.181
0.806	0.192	0.001	0.001
0.997	0.001	0.001	0.001
0.514	0.014	0.214	0.258
>AAAAAAAAAA	17-AAAAAAAAAA	4.860779	-0.000000	0	T:9984.0(53.21%),B:56273.1(65.42%),P:1e0	Tpos:115.6,Tstd:99.7,Bpos:15115.6,Bstd:20669.7,StrandBias:0.0,Multiplicity:1.05
0.569	0.064	0.126	0.241
0.509	0.088	0.160	0.243
0.561	0.111	0.148	0.180
0.545	0.089	0.152	0.214
0.539	0.089	0.169	0.203
0.569	0.080	0.155	0.196
0.589	0.083	0.148	0.180
0.621	0.082	0.121	0.176
0.588	0.060	0.188	0.164
0.621	0.010	0.174	0.195
>WTTNMAWWWW	18-WTTNMAWWWW	5.951030	-0.000000	0	T:740.0(3.94%),B:29040.6(33.76%),P:1e0	Tpos:119.9,Tstd:105.0,Bpos:15143.6,Bstd:20718.7,StrandBias:-0.0,Multiplicity:1.01
0.400	0.116	0.001	0.483
0.278	0.078	0.001	0.643
0.099	0.001	0.212	0.688
0.219	0.212	0.255	0.314
0.419	0.344	0.017	0.220
0.486	0.243	0.001	0.270
0.465	0.001	0.120	0.414
0.284	0.108	0.198	0.411
0.390	0.133	0.085	0.392
0.443	0.001	0.106	0.450
>WTTTTTTTTT	19-WTTTTTTTTT	4.361185	-0.000000	0	T:12122.0(64.61%),B:61436.6(71.42%),P:1e0	Tpos:113.6,Tstd:93.1,Bpos:15225.2,Bstd:20566.5,StrandBias:0.0,Multiplicity:1.10
0.329	0.167	0.134	0.371
0.252	0.157	0.147	0.444
0.251	0.164	0.143	0.442
0.233	0.158	0.135	0.474
0.227	0.154	0.116	0.503
0.198	0.177	0.081	0.544
0.162	0.116	0.070	0.652
0.107	0.139	0.040	0.714
0.170	0.127	0.033	0.670
0.256	0.111	0.040	0.593
>AAAAWWWAAW	20-AAAAWWWAAW	5.025223	-0.000000	0	T:6055.0(32.27%),B:47366.4(55.06%),P:1e0	Tpos:97.3,Tstd:77.3,Bpos:15492.0,Bstd:21212.2,StrandBias:0.1,Multiplicity:1.00
0.518	0.001	0.146	0.335
0.555	0.202	0.242	0.001
0.813	0.001	0.001	0.185
0.410	0.139	0.222	0.229
0.395	0.150	0.166	0.289
0.344	0.165	0.191	0.300
0.358	0.153	0.186	0.303
0.384	0.199	0.187	0.230
0.612	0.001	0.001	0.386
0.398	0.001	0.212	0.389
>TTTTTTTTTT	21-TTTTTTTTTT	4.503973	-0.000000	0	T:12375.0(65.96%),B:61727.7(71.76%),P:1e0	Tpos:111.1,Tstd:91.1,Bpos:15322.5,Bstd:20522.8,StrandBias:0.0,Multiplicity:1.09
0.248	0.169	0.065	0.518
0.220	0.163	0.092	0.525
0.231	0.119	0.102	0.548
0.182	0.161	0.094	0.563
0.184	0.142	0.074	0.600
0.162	0.150	0.074	0.614
0.164	0.130	0.067	0.639
0.158	0.163	0.073	0.606
0.216	0.138	0.004	0.642
0.233	0.106	0.066	0.595
>TTTTWWWWWW	22-TTTTWWWWWW	4.660618	-0.000000	0	T:9743.0(51.93%),B:55845.8(64.92%),P:1e0	Tpos:114.6,Tstd:91.6,Bpos:15004.2,Bstd:20478.1,StrandBias:0.1,Multiplicity:1.05
0.224	0.197	0.001	0.578
0.001	0.001	0.001	0.997
0.106	0.218	0.001	0.675
0.242	0.214	0.110	0.433
0.255	0.213	0.142	0.390
0.318	0.248	0.001	0.433
0.279	0.203	0.158	0.360
0.276	0.193	0.172	0.359
0.267	0.198	0.161	0.375
0.292	0.185	0.163	0.360
>CTTTTTTTTT	23-CTTTTTTTTT	7.142682	-0.000000	0	T:4244.0(22.62%),B:42661.5(49.59%),P:1e0	Tpos:119.7,Tstd:101.7,Bpos:14734.2,Bstd:19028.0,StrandBias:-0.0,Multiplicity:1.14
0.001	0.616	0.022	0.361
0.001	0.001	0.001	0.997
0.015	0.184	0.001	0.800
0.040	0.023	0.001	0.936
0.134	0.204	0.075	0.587
0.234	0.167	0.001	0.598
0.276	0.101	0.046	0.577
0.261	0.183	0.056	0.500
0.367	0.111	0.001	0.521
0.235	0.143	0.175	0.447
>TCTTTTWWWW	24-TCTTTTWWWW	7.087540	-0.000000	0	T:5031.0(26.81%),B:45605.0(53.02%),P:1e0	Tpos:114.5,Tstd:98.6,Bpos:15811.7,Bstd:20290.7,StrandBias:-0.0,Multiplicity:1.15
0.001	0.001	0.001	0.997
0.001	0.997	0.001	0.001
0.001	0.001	0.001	0.997
0.001	0.001	0.012	0.986
0.126	0.215	0.011	0.648
0.286	0.145	0.107	0.462
0.385	0.160	0.006	0.449
0.371	0.067	0.112	0.451
0.414	0.084	0.153	0.349
0.468	0.008	0.139	0.385
>NNNNDTGATA	25-NNNNDTGATA	6.838933	-0.000000	0	T:4535.0(24.17%),B:37319.1(43.38%),P:1e0	Tpos:112.6,Tstd:84.2,Bpos:15424.7,Bstd:20659.0,StrandBias:-0.0,Multiplicity:1.05
0.266	0.216	0.227	0.291
0.236	0.250	0.235	0.279
0.271	0.220	0.213	0.297
0.257	0.282	0.212	0.250
0.384	0.040	0.317	0.260
0.178	0.001	0.133	0.688
0.001	0.001	0.997	0.001
0.997	0.001	0.001	0.001
0.001	0.001	0.001	0.997
0.997	0.001	0.001	0.001
