>CTTATCTSHNNN	1-CTTATCTSHNNN	5.751200	-3128.843117	0	T:15346.0(81.79%),B:44339.0(51.54%),P:1e-1358	Tpos:114.3,Tstd:71.6,Bpos:15313.7,Bstd:20587.9,StrandBias:0.0,Multiplicity:1.69
0.092	0.504	0.174	0.230
0.004	0.009	0.001	0.986
0.001	0.001	0.001	0.997
0.987	0.001	0.001	0.011
0.001	0.001	0.001	0.997
0.001	0.997	0.001	0.001
0.405	0.001	0.001	0.593
0.175	0.262	0.374	0.188
0.256	0.274	0.160	0.311
0.252	0.247	0.253	0.247
0.264	0.247	0.225	0.264
0.229	0.263	0.220	0.287
>AGATTAGACAGA	2-AGATTAGACAGA	10.694054	-0.113191	0	T:59.0(0.31%),B:319.1(0.37%),P:1e0	Tpos:82.8,Tstd:48.9,Bpos:8447.7,Bstd:9974.4,StrandBias:0.0,Multiplicity:1.00
0.737	0.051	0.090	0.122
0.188	0.072	0.575	0.165
0.765	0.052	0.095	0.088
0.211	0.066	0.134	0.589
0.216	0.121	0.154	0.509
0.756	0.040	0.088	0.116
0.185	0.081	0.580	0.154
0.787	0.068	0.072	0.073
0.182	0.434	0.178	0.206
0.834	0.031	0.043	0.092
0.128	0.083	0.666	0.123
0.766	0.074	0.072	0.088
>AGAGAGATTAGA	3-AGAGAGATTAGA	13.102379	-0.009086	0	T:14.0(0.07%),B:116.5(0.14%),P:1e0	Tpos:142.2,Tstd:45.6,Bpos:14501.2,Bstd:18973.9,StrandBias:2.3,Multiplicity:1.00
0.762	0.032	0.105	0.101
0.188	0.091	0.608	0.113
0.808	0.030	0.084	0.078
0.161	0.109	0.654	0.076
0.886	0.021	0.031	0.062
0.112	0.054	0.769	0.065
0.886	0.024	0.037	0.053
0.139	0.046	0.100	0.715
0.127	0.097	0.122	0.654
0.825	0.028	0.068	0.079
0.116	0.099	0.685	0.100
0.748	0.078	0.106	0.068
>WRRDNAGATAGR	4-WRRDNAGATAGR	8.964666	-0.000358	0	T:7.0(0.04%),B:95.5(0.11%),P:1e0	Tpos:137.5,Tstd:75.3,Bpos:19639.5,Bstd:21663.0,StrandBias:0.0,Multiplicity:1.00
0.454	0.001	0.210	0.335
0.309	0.113	0.393	0.185
0.463	0.078	0.315	0.143
0.363	0.126	0.256	0.255
0.261	0.306	0.229	0.204
0.755	0.001	0.038	0.206
0.010	0.001	0.984	0.005
0.982	0.007	0.008	0.003
0.100	0.094	0.280	0.526
0.664	0.001	0.111	0.224
0.208	0.003	0.501	0.288
0.398	0.184	0.257	0.161
>NDDSAGATTADV	5-NDDSAGATTADV	9.968276	-0.000150	0	T:6.0(0.03%),B:93.2(0.11%),P:1e0	Tpos:108.5,Tstd:45.6,Bpos:11458.3,Bstd:16177.4,StrandBias:0.0,Multiplicity:1.00
0.304	0.193	0.286	0.216
0.356	0.001	0.343	0.300
0.328	0.001	0.399	0.272
0.178	0.346	0.295	0.181
0.641	0.001	0.001	0.357
0.001	0.001	0.997	0.001
0.997	0.001	0.001	0.001
0.001	0.001	0.001	0.997
0.001	0.001	0.001	0.997
0.997	0.001	0.001	0.001
0.268	0.146	0.352	0.234
0.383	0.272	0.331	0.014
>TATCTATCTATC	6-TATCTATCTATC	4.793495	-0.000000	0	T:6331.0(33.74%),B:42860.5(49.83%),P:1e0	Tpos:111.3,Tstd:79.4,Bpos:15831.7,Bstd:20668.2,StrandBias:-0.1,Multiplicity:1.37
0.039	0.087	0.046	0.828
0.820	0.073	0.087	0.020
0.020	0.033	0.067	0.880
0.065	0.853	0.035	0.047
0.024	0.034	0.012	0.930
0.761	0.083	0.114	0.042
0.023	0.055	0.080	0.842
0.070	0.847	0.025	0.058
0.047	0.053	0.015	0.885
0.818	0.055	0.085	0.042
0.086	0.063	0.073	0.778
0.100	0.760	0.045	0.095
>TTTTTTTTTTTT	7-TTTTTTTTTTTT	5.647296	-0.000000	0	T:6742.0(35.93%),B:49204.3(57.20%),P:1e0	Tpos:116.0,Tstd:97.0,Bpos:15654.7,Bstd:20277.7,StrandBias:-0.0,Multiplicity:1.08
0.268	0.119	0.051	0.562
0.222	0.140	0.071	0.567
0.216	0.105	0.075	0.604
0.209	0.123	0.085	0.583
0.213	0.101	0.064	0.622
0.236	0.124	0.079	0.561
0.249	0.119	0.073	0.559
0.250	0.123	0.087	0.540
0.253	0.126	0.076	0.545
0.230	0.126	0.089	0.555
0.277	0.126	0.083	0.514
0.302	0.113	0.077	0.508
>AAAAAAAAAAAW	8-AAAAAAAAAAAW	6.893935	-0.000000	0	T:2435.0(12.98%),B:38337.0(44.57%),P:1e0	Tpos:6.0,Tstd:0.0,Bpos:14809.4,Bstd:20034.6,StrandBias:10.0,Multiplicity:1.00
0.516	0.069	0.098	0.317
0.602	0.062	0.096	0.240
0.662	0.052	0.104	0.182
0.690	0.056	0.107	0.147
0.648	0.056	0.114	0.182
0.604	0.076	0.122	0.198
0.563	0.094	0.125	0.218
0.534	0.107	0.128	0.231
0.492	0.126	0.133	0.249
0.460	0.132	0.133	0.274
0.472	0.117	0.144	0.267
0.407	0.114	0.153	0.326
>WWDWWWWWWWDW	9-WWDWWWWWWWDW	6.083208	-0.000000	0	T:3976.0(21.19%),B:42925.0(49.90%),P:1e0	Tpos:115.8,Tstd:100.9,Bpos:14819.4,Bstd:19439.6,StrandBias:0.0,Multiplicity:1.12
0.338	0.165	0.176	0.320
0.425	0.009	0.158	0.408
0.386	0.001	0.237	0.375
0.470	0.001	0.091	0.438
0.427	0.001	0.159	0.413
0.444	0.001	0.147	0.408
0.467	0.001	0.138	0.394
0.505	0.001	0.001	0.493
0.373	0.124	0.166	0.338
0.522	0.001	0.001	0.476
0.374	0.001	0.270	0.355
0.573	0.001	0.001	0.425
>AAAAAAAAAAAA	10-AAAAAAAAAAAA	6.233828	-0.000000	0	T:4573.0(24.37%),B:44232.7(51.42%),P:1e0	Tpos:105.0,Tstd:74.5,Bpos:14677.7,Bstd:18139.2,StrandBias:-10.0,Multiplicity:1.00
0.583	0.001	0.110	0.306
0.517	0.079	0.139	0.265
0.557	0.080	0.126	0.237
0.571	0.081	0.127	0.221
0.587	0.075	0.126	0.212
0.598	0.072	0.129	0.201
0.601	0.078	0.127	0.194
0.597	0.078	0.118	0.207
0.554	0.099	0.132	0.215
0.539	0.091	0.119	0.251
0.538	0.082	0.134	0.246
0.543	0.051	0.127	0.279
>TCTATCTATCTN	11-TCTATCTATCTN	7.978316	-0.000000	0	T:692.0(3.69%),B:13485.9(15.68%),P:1e0	Tpos:138.6,Tstd:103.0,Bpos:16653.3,Bstd:20244.6,StrandBias:-0.2,Multiplicity:1.00
0.173	0.200	0.167	0.460
0.264	0.430	0.079	0.227
0.154	0.158	0.063	0.625
0.442	0.216	0.144	0.198
0.096	0.116	0.129	0.659
0.166	0.660	0.095	0.079
0.059	0.069	0.032	0.840
0.441	0.270	0.179	0.109
0.070	0.077	0.070	0.783
0.088	0.684	0.089	0.139
0.128	0.057	0.035	0.780
0.281	0.260	0.250	0.208
>NNHNDNWNATMT	12-NNHNDNWNATMT	7.172739	-0.000000	0	T:9.0(0.05%),B:581.0(0.68%),P:1e0	Tpos:60.5,Tstd:21.5,Bpos:14387.5,Bstd:19144.3,StrandBias:10.0,Multiplicity:1.00
0.277	0.248	0.208	0.267
0.283	0.275	0.164	0.278
0.365	0.276	0.001	0.357
0.294	0.213	0.206	0.288
0.359	0.001	0.270	0.370
0.270	0.266	0.221	0.243
0.527	0.001	0.001	0.471
0.226	0.193	0.318	0.262
0.997	0.001	0.001	0.001
0.001	0.001	0.001	0.997
0.565	0.433	0.001	0.001
0.001	0.001	0.001	0.997
>AAAAAAAAAAAA	13-AAAAAAAAAAAA	6.200177	-0.000000	0	T:5118.0(27.28%),B:45423.3(52.80%),P:1e0	Tpos:117.2,Tstd:100.1,Bpos:15154.4,Bstd:19438.9,StrandBias:-0.2,Multiplicity:1.07
0.520	0.065	0.079	0.336
0.510	0.069	0.109	0.312
0.591	0.058	0.086	0.265
0.573	0.056	0.103	0.268
0.619	0.049	0.101	0.231
0.637	0.054	0.098	0.211
0.634	0.055	0.101	0.210
0.614	0.067	0.093	0.226
0.544	0.092	0.101	0.263
0.537	0.093	0.090	0.280
0.521	0.060	0.123	0.296
0.512	0.050	0.105	0.333
>DNDNNNNWGATA	14-DNDNNNNWGATA	6.859317	-0.000000	0	T:4428.0(23.60%),B:35433.7(41.19%),P:1e0	Tpos:115.1,Tstd:83.7,Bpos:14966.0,Bstd:20494.8,StrandBias:0.0,Multiplicity:1.07
0.319	0.057	0.307	0.317
0.271	0.195	0.247	0.286
0.364	0.001	0.301	0.334
0.248	0.234	0.243	0.275
0.275	0.230	0.204	0.291
0.282	0.228	0.238	0.252
0.248	0.293	0.235	0.224
0.486	0.001	0.001	0.512
0.001	0.001	0.936	0.062
0.997	0.001	0.001	0.001
0.002	0.001	0.098	0.899
0.997	0.001	0.001	0.001
>TTTTTTTTTTTT	15-TTTTTTTTTTTT	6.123021	-0.000000	0	T:5227.0(27.86%),B:45875.1(53.33%),P:1e0	Tpos:98.6,Tstd:69.1,Bpos:16651.9,Bstd:21044.6,StrandBias:-0.4,Multiplicity:1.00
0.281	0.126	0.045	0.548
0.232	0.123	0.067	0.578
0.232	0.112	0.093	0.563
0.197	0.122	0.088	0.593
0.200	0.108	0.072	0.620
0.190	0.121	0.078	0.611
0.195	0.123	0.073	0.609
0.210	0.128	0.072	0.590
0.210	0.127	0.078	0.585
0.218	0.138	0.077	0.567
0.255	0.131	0.059	0.555
0.291	0.103	0.071	0.535
>NWRAWAGATAKA	16-NWRAWAGATAKA	7.159006	-0.000000	0	T:189.0(1.01%),B:4562.5(5.30%),P:1e0	Tpos:233.0,Tstd:37.0,Bpos:9585.1,Bstd:14406.5,StrandBias:-10.0,Multiplicity:1.00
0.290	0.247	0.195	0.268
0.420	0.001	0.090	0.489
0.280	0.142	0.375	0.203
0.553	0.081	0.114	0.252
0.262	0.186	0.168	0.384
0.536	0.001	0.096	0.367
0.232	0.096	0.444	0.228
0.740	0.060	0.047	0.153
0.210	0.154	0.213	0.423
0.858	0.001	0.018	0.123
0.114	0.057	0.440	0.389
0.468	0.174	0.154	0.203
>AAAAAAAAAAAA	17-AAAAAAAAAAAA	6.361482	-0.000000	0	T:4290.0(22.87%),B:43573.1(50.65%),P:1e0	Tpos:49.0,Tstd:0.0,Bpos:16192.7,Bstd:20332.0,StrandBias:10.0,Multiplicity:1.00
0.584	0.021	0.108	0.287
0.535	0.077	0.128	0.260
0.628	0.001	0.131	0.240
0.573	0.074	0.142	0.211
0.584	0.071	0.130	0.215
0.572	0.084	0.132	0.212
0.571	0.085	0.124	0.220
0.571	0.086	0.124	0.219
0.537	0.097	0.137	0.229
0.529	0.103	0.125	0.243
0.530	0.093	0.136	0.241
0.548	0.031	0.137	0.284
>AGATAKNDNNNN	18-AGATAKNDNNNN	6.806347	-0.000000	0	T:5176.0(27.59%),B:38934.6(45.26%),P:1e0	Tpos:117.5,Tstd:82.3,Bpos:15576.8,Bstd:20847.6,StrandBias:-0.1,Multiplicity:1.10
0.622	0.001	0.001	0.376
0.001	0.001	0.997	0.001
0.997	0.001	0.001	0.001
0.030	0.001	0.261	0.708
0.997	0.001	0.001	0.001
0.001	0.136	0.446	0.417
0.328	0.204	0.234	0.233
0.365	0.002	0.332	0.301
0.261	0.188	0.295	0.255
0.309	0.199	0.223	0.268
0.295	0.172	0.250	0.282
0.294	0.196	0.245	0.266
>DNDNWDVAGATA	19-DNDNWDVAGATA	8.103509	-0.000000	0	T:110.0(0.59%),B:4940.2(5.74%),P:1e0	Tpos:128.8,Tstd:75.8,Bpos:16200.8,Bstd:21126.9,StrandBias:-0.3,Multiplicity:1.03
0.314	0.158	0.213	0.315
0.299	0.180	0.223	0.297
0.339	0.159	0.249	0.252
0.262	0.207	0.227	0.304
0.364	0.214	0.102	0.320
0.329	0.093	0.223	0.355
0.219	0.348	0.250	0.184
0.618	0.001	0.001	0.380
0.001	0.001	0.997	0.001
0.997	0.001	0.001	0.001
0.001	0.001	0.001	0.997
0.997	0.001	0.001	0.001
>ATMTNWNWNNNN	20-ATMTNWNWNNNN	5.407055	-0.000000	0	T:8006.0(42.67%),B:50037.9(58.17%),P:1e0	Tpos:116.9,Tstd:95.6,Bpos:14999.4,Bstd:20625.9,StrandBias:0.0,Multiplicity:1.20
0.997	0.001	0.001	0.001
0.001	0.001	0.001	0.997
0.476	0.522	0.001	0.001
0.413	0.001	0.001	0.585
0.259	0.252	0.250	0.238
0.345	0.177	0.092	0.386
0.283	0.231	0.186	0.301
0.373	0.238	0.001	0.388
0.288	0.205	0.210	0.297
0.284	0.209	0.192	0.314
0.274	0.218	0.211	0.297
0.291	0.207	0.209	0.292
>DWDADWWNAGAT	21-DWDADWWNAGAT	6.465282	-0.000000	0	T:4668.0(24.88%),B:41390.8(48.12%),P:1e0	Tpos:114.1,Tstd:92.6,Bpos:15056.6,Bstd:20364.3,StrandBias:-0.1,Multiplicity:1.09
0.328	0.147	0.243	0.282
0.372	0.117	0.170	0.341
0.327	0.163	0.204	0.306
0.554	0.010	0.130	0.306
0.311	0.120	0.303	0.266
0.452	0.077	0.161	0.310
0.427	0.042	0.196	0.335
0.241	0.237	0.239	0.283
0.752	0.001	0.003	0.244
0.019	0.005	0.704	0.272
0.993	0.004	0.001	0.002
0.046	0.009	0.053	0.892
>TATCWVTATCWG	22-TATCWVTATCWG	10.566323	-0.000000	0	T:2.0(0.01%),B:269.7(0.31%),P:1e0	Tpos:43.0,Tstd:0.0,Bpos:14642.3,Bstd:20675.7,StrandBias:10.0,Multiplicity:1.00
0.073	0.037	0.018	0.872
0.566	0.189	0.076	0.169
0.049	0.004	0.025	0.922
0.083	0.697	0.108	0.112
0.470	0.060	0.003	0.467
0.207	0.352	0.239	0.201
0.193	0.149	0.017	0.641
0.492	0.130	0.130	0.249
0.157	0.074	0.126	0.643
0.044	0.771	0.128	0.057
0.536	0.001	0.001	0.462
0.131	0.089	0.526	0.254
>TCTATCTATCTN	23-TCTATCTATCTN	8.417832	-0.000000	0	T:265.0(1.41%),B:4768.4(5.54%),P:1e0	Tpos:68.8,Tstd:26.0,Bpos:14140.9,Bstd:22812.9,StrandBias:1.6,Multiplicity:1.00
0.214	0.223	0.189	0.373
0.202	0.495	0.113	0.190
0.099	0.130	0.041	0.730
0.507	0.192	0.143	0.158
0.093	0.095	0.095	0.717
0.154	0.652	0.081	0.113
0.077	0.073	0.026	0.824
0.483	0.214	0.174	0.129
0.090	0.092	0.081	0.737
0.132	0.612	0.090	0.166
0.148	0.119	0.055	0.678
0.192	0.275	0.262	0.271
>TCTMTCTVTCTN	24-TCTMTCTVTCTN	8.308062	0.000000	0	T:224.0(1.19%),B:4621.2(5.37%),P:1e0	Tpos:78.0,Tstd:0.0,Bpos:2873.3,Bstd:1304.5,StrandBias:-10.0,Multiplicity:1.00
0.197	0.135	0.198	0.469
0.250	0.442	0.145	0.163
0.179	0.109	0.001	0.711
0.379	0.241	0.228	0.152
0.147	0.001	0.071	0.781
0.185	0.460	0.243	0.112
0.100	0.023	0.001	0.876
0.319	0.282	0.242	0.157
0.109	0.058	0.029	0.804
0.128	0.523	0.155	0.194
0.253	0.008	0.001	0.738
0.243	0.247	0.263	0.247
>TCTVTCTVTCTN	25-TCTVTCTVTCTN	9.581373	0.000000	0	T:13.0(0.07%),B:766.5(0.89%),P:1e0	Tpos:31.0,Tstd:0.0,Bpos:13767.8,Bstd:15587.8,StrandBias:10.0,Multiplicity:1.00
0.169	0.183	0.158	0.490
0.180	0.548	0.116	0.156
0.085	0.088	0.038	0.789
0.302	0.231	0.316	0.152
0.064	0.085	0.075	0.776
0.075	0.720	0.096	0.109
0.076	0.051	0.015	0.858
0.234	0.261	0.332	0.173
0.074	0.114	0.066	0.746
0.086	0.596	0.123	0.195
0.132	0.127	0.037	0.704
0.228	0.278	0.235	0.259
