>CTTATCTG	1-CTTATCTG	4.626169	-3046.326681	0	T:15094.0(80.45%),B:43325.6(50.37%),P:1e-1322	Tpos:113.8,Tstd:71.6,Bpos:15385.3,Bstd:20567.2,StrandBias:0.0,Multiplicity:1.77
0.022	0.873	0.050	0.055
0.011	0.011	0.001	0.977
0.010	0.001	0.001	0.988
0.997	0.001	0.001	0.001
0.001	0.001	0.001	0.997
0.001	0.997	0.001	0.001
0.155	0.001	0.007	0.837
0.111	0.198	0.517	0.174
>GATAAMRS	2-GATAAMRS	5.313576	-781.095324	0	T:12147.0(64.74%),B:42141.0(48.99%),P:1e-339	Tpos:115.2,Tstd:78.7,Bpos:15599.2,Bstd:20535.7,StrandBias:0.0,Multiplicity:1.12
0.001	0.001	0.997	0.001
0.997	0.001	0.001	0.001
0.001	0.001	0.001	0.997
0.997	0.001	0.001	0.001
0.997	0.001	0.001	0.001
0.382	0.239	0.156	0.223
0.389	0.112	0.284	0.215
0.001	0.444	0.485	0.071
>GATTAGTH	3-GATTAGTH	-3.839792	-384.866048	0	T:18125.0(96.60%),B:78391.8(91.13%),P:1e-167	Tpos:116.4,Tstd:91.8,Bpos:15461.7,Bstd:20332.0,StrandBias:0.0,Multiplicity:3.02
0.001	0.001	0.997	0.001
0.997	0.001	0.001	0.001
0.001	0.001	0.001	0.997
0.001	0.001	0.001	0.997
0.997	0.001	0.001	0.001
0.001	0.001	0.997	0.001
0.001	0.001	0.001	0.997
0.333	0.333	0.001	0.333
>TATCTNYC	4-TATCTNYC	6.624535	-40.008729	0	T:9694.0(51.67%),B:41465.9(48.20%),P:1e-17	Tpos:110.5,Tstd:78.5,Bpos:15959.8,Bstd:20936.7,StrandBias:-0.1,Multiplicity:1.49
0.001	0.001	0.001	0.997
0.997	0.001	0.001	0.001
0.001	0.001	0.001	0.997
0.013	0.985	0.001	0.001
0.312	0.001	0.001	0.686
0.312	0.197	0.257	0.233
0.060	0.334	0.183	0.423
0.255	0.407	0.206	0.132
>TATCTTTA	5-TATCTTTA	6.291044	-0.000000	0	T:7773.0(41.43%),B:45478.7(52.87%),P:1e0	Tpos:116.9,Tstd:95.8,Bpos:15316.9,Bstd:20518.9,StrandBias:-0.0,Multiplicity:1.08
0.100	0.100	0.100	0.700
0.700	0.100	0.100	0.100
0.100	0.100	0.100	0.700
0.100	0.700	0.100	0.100
0.100	0.100	0.100	0.700
0.100	0.100	0.100	0.700
0.100	0.100	0.100	0.700
0.700	0.100	0.100	0.100
>TATCTNNT	6-TATCTNNT	7.761319	-0.000000	0	T:3905.0(20.81%),B:29273.4(34.03%),P:1e0	Tpos:112.6,Tstd:77.9,Bpos:15876.8,Bstd:20734.9,StrandBias:-0.1,Multiplicity:1.05
0.001	0.001	0.001	0.997
0.997	0.001	0.001	0.001
0.001	0.001	0.001	0.997
0.001	0.997	0.001	0.001
0.001	0.001	0.001	0.997
0.181	0.240	0.249	0.329
0.300	0.308	0.213	0.179
0.265	0.092	0.124	0.519
>NVMTATCT	7-NVMTATCT	7.992134	-0.000000	0	T:1546.0(8.24%),B:19966.0(23.21%),P:1e0	Tpos:117.4,Tstd:85.5,Bpos:14974.6,Bstd:20411.8,StrandBias:0.2,Multiplicity:1.02
0.235	0.268	0.235	0.262
0.383	0.239	0.377	0.001
0.375	0.509	0.115	0.001
0.001	0.001	0.001	0.997
0.997	0.001	0.001	0.001
0.001	0.001	0.001	0.997
0.001	0.997	0.001	0.001
0.001	0.001	0.001	0.997
>WTTTTTTW	8-WTTTTTTW	4.404071	-0.000000	0	T:9168.0(48.86%),B:54601.2(63.47%),P:1e0	Tpos:115.6,Tstd:96.7,Bpos:15584.3,Bstd:20308.4,StrandBias:0.1,Multiplicity:1.19
0.364	0.108	0.091	0.437
0.224	0.135	0.123	0.518
0.191	0.219	0.118	0.472
0.214	0.105	0.024	0.657
0.161	0.211	0.144	0.483
0.239	0.135	0.026	0.600
0.250	0.159	0.113	0.478
0.385	0.055	0.059	0.501
>WHTTNWWW	9-WHTTNWWW	4.015097	-0.000000	0	T:4503.0(24.00%),B:42522.0(49.43%),P:1e0	Tpos:117.8,Tstd:102.4,Bpos:14788.6,Bstd:18735.1,StrandBias:-0.1,Multiplicity:1.15
0.381	0.189	0.023	0.407
0.273	0.257	0.158	0.312
0.413	0.001	0.001	0.585
0.001	0.001	0.375	0.623
0.174	0.252	0.279	0.295
0.331	0.241	0.035	0.394
0.346	0.186	0.118	0.350
0.512	0.008	0.005	0.475
>AAAAAAAA	10-AAAAAAAA	3.954642	-0.000000	0	T:10224.0(54.49%),B:57554.1(66.91%),P:1e0	Tpos:116.3,Tstd:92.3,Bpos:15619.2,Bstd:20347.6,StrandBias:-0.0,Multiplicity:1.05
0.440	0.209	0.093	0.258
0.517	0.096	0.089	0.298
0.476	0.035	0.238	0.251
0.377	0.182	0.217	0.223
0.433	0.261	0.138	0.168
0.684	0.001	0.020	0.295
0.445	0.157	0.269	0.128
0.491	0.119	0.143	0.248
>AGTTKWTA	11-AGTTKWTA	6.061405	-0.000000	0	T:1606.0(8.56%),B:30935.5(35.96%),P:1e0	Tpos:116.5,Tstd:88.7,Bpos:15320.1,Bstd:20599.7,StrandBias:-0.2,Multiplicity:1.04
0.783	0.005	0.008	0.204
0.191	0.071	0.485	0.253
0.124	0.020	0.024	0.832
0.151	0.009	0.066	0.774
0.169	0.169	0.379	0.284
0.432	0.164	0.066	0.338
0.182	0.085	0.123	0.610
0.622	0.037	0.073	0.268
>AAAAAAAA	12-AAAAAAAA	4.170081	-0.000000	0	T:10301.0(54.90%),B:56549.9(65.74%),P:1e0	Tpos:115.7,Tstd:92.5,Bpos:15818.6,Bstd:20228.7,StrandBias:0.0,Multiplicity:1.11
0.514	0.098	0.097	0.291
0.535	0.077	0.176	0.212
0.563	0.013	0.218	0.206
0.493	0.146	0.209	0.151
0.587	0.131	0.112	0.170
0.502	0.080	0.171	0.247
0.465	0.136	0.229	0.170
0.507	0.087	0.152	0.254
>WWAAAAAW	13-WWAAAAAW	4.618077	-0.000000	0	T:9590.0(51.11%),B:54878.9(63.80%),P:1e0	Tpos:113.6,Tstd:94.9,Bpos:14834.2,Bstd:20448.9,StrandBias:-0.1,Multiplicity:1.05
0.397	0.126	0.105	0.372
0.424	0.129	0.135	0.312
0.479	0.100	0.118	0.304
0.549	0.182	0.227	0.042
0.790	0.064	0.145	0.001
0.626	0.163	0.147	0.064
0.572	0.126	0.010	0.292
0.433	0.060	0.127	0.381
>WWWWNAWW	14-WWWWNAWW	4.789379	-0.000000	0	T:5663.0(30.18%),B:45067.4(52.39%),P:1e0	Tpos:115.6,Tstd:93.1,Bpos:15776.4,Bstd:20658.8,StrandBias:0.0,Multiplicity:1.07
0.473	0.063	0.047	0.417
0.402	0.079	0.062	0.457
0.482	0.059	0.070	0.389
0.473	0.013	0.051	0.463
0.251	0.266	0.289	0.195
0.706	0.143	0.091	0.060
0.479	0.079	0.072	0.370
0.454	0.041	0.072	0.433
>TCAGTTAT	15-TCAGTTAT	5.950672	-0.000000	0	T:2318.0(12.35%),B:32910.3(38.26%),P:1e0	Tpos:111.0,Tstd:92.1,Bpos:15311.9,Bstd:20434.1,StrandBias:0.2,Multiplicity:1.01
0.102	0.084	0.076	0.738
0.162	0.529	0.124	0.185
0.663	0.055	0.055	0.227
0.162	0.097	0.519	0.222
0.167	0.105	0.096	0.632
0.143	0.106	0.125	0.626
0.655	0.086	0.074	0.185
0.164	0.090	0.109	0.637
>WTTTTTWW	16-WTTTTTWW	4.174792	-0.000000	0	T:7490.0(39.92%),B:50680.8(58.92%),P:1e0	Tpos:119.9,Tstd:95.1,Bpos:15267.1,Bstd:20579.1,StrandBias:0.0,Multiplicity:1.01
0.340	0.163	0.100	0.396
0.202	0.176	0.080	0.542
0.160	0.201	0.140	0.499
0.047	0.193	0.077	0.683
0.124	0.261	0.151	0.464
0.274	0.191	0.036	0.500
0.287	0.154	0.140	0.419
0.339	0.131	0.145	0.385
>ATCTKYHT	17-ATCTKYHT	7.591317	-0.000000	0	T:4606.0(24.55%),B:40934.2(47.59%),P:1e0	Tpos:115.2,Tstd:88.3,Bpos:15321.3,Bstd:20266.9,StrandBias:0.1,Multiplicity:1.08
0.997	0.001	0.001	0.001
0.001	0.001	0.001	0.997
0.001	0.997	0.001	0.001
0.001	0.001	0.001	0.997
0.184	0.001	0.442	0.373
0.001	0.452	0.001	0.546
0.380	0.245	0.001	0.373
0.373	0.001	0.001	0.625
>ACTAATCT	18-ACTAATCT	4.142416	-0.000000	0	T:4161.0(22.18%),B:37990.5(44.16%),P:1e0	Tpos:113.1,Tstd:84.3,Bpos:15244.5,Bstd:20495.8,StrandBias:-0.1,Multiplicity:1.12
0.986	0.001	0.001	0.012
0.001	0.997	0.001	0.001
0.001	0.001	0.001	0.997
0.989	0.001	0.001	0.009
0.997	0.001	0.001	0.001
0.001	0.001	0.001	0.997
0.001	0.997	0.001	0.001
0.001	0.001	0.001	0.997
>TATCTGDN	19-TATCTGDN	6.647496	-0.000000	0	T:7574.0(40.37%),B:38759.9(45.06%),P:1e0	Tpos:118.0,Tstd:84.6,Bpos:15563.4,Bstd:20557.0,StrandBias:0.0,Multiplicity:1.08
0.001	0.001	0.001	0.997
0.997	0.001	0.001	0.001
0.001	0.001	0.001	0.997
0.001	0.997	0.001	0.001
0.233	0.001	0.001	0.765
0.036	0.128	0.766	0.070
0.307	0.039	0.364	0.290
0.230	0.319	0.193	0.258
>ATATCTTT	20-ATATCTTT	8.236954	-0.000000	0	T:454.0(2.42%),B:13991.8(16.27%),P:1e0	Tpos:87.8,Tstd:65.6,Bpos:16107.9,Bstd:20015.1,StrandBias:1.8,Multiplicity:1.00
0.700	0.100	0.100	0.100
0.100	0.100	0.100	0.700
0.700	0.100	0.100	0.100
0.100	0.100	0.100	0.700
0.100	0.700	0.100	0.100
0.100	0.100	0.100	0.700
0.100	0.100	0.100	0.700
0.100	0.100	0.100	0.700
>WWTNATAW	21-WWTNATAW	4.532326	-0.000000	0	T:5229.0(27.87%),B:42824.7(49.78%),P:1e0	Tpos:117.8,Tstd:95.3,Bpos:15160.8,Bstd:20896.0,StrandBias:-0.0,Multiplicity:1.16
0.309	0.130	0.139	0.422
0.471	0.105	0.097	0.327
0.148	0.075	0.125	0.652
0.204	0.245	0.247	0.305
0.476	0.118	0.087	0.319
0.223	0.129	0.115	0.533
0.592	0.116	0.117	0.175
0.471	0.057	0.069	0.403
>TAAGACAA	22-TAAGACAA	5.797225	-0.000000	0	T:4031.0(21.48%),B:39590.4(46.02%),P:1e0	Tpos:116.5,Tstd:96.1,Bpos:15079.3,Bstd:20182.8,StrandBias:-0.1,Multiplicity:1.08
0.205	0.092	0.072	0.631
0.620	0.132	0.099	0.149
0.726	0.038	0.092	0.144
0.239	0.144	0.465	0.152
0.699	0.097	0.078	0.126
0.267	0.467	0.137	0.128
0.701	0.118	0.070	0.111
0.692	0.069	0.099	0.140
>TAAACAGA	23-TAAACAGA	8.746872	-0.000000	0	T:388.0(2.07%),B:12384.3(14.40%),P:1e0	Tpos:114.4,Tstd:80.1,Bpos:16137.4,Bstd:20502.4,StrandBias:0.2,Multiplicity:1.00
0.139	0.088	0.076	0.697
0.775	0.064	0.056	0.105
0.754	0.076	0.091	0.079
0.764	0.087	0.099	0.050
0.202	0.632	0.076	0.090
0.836	0.016	0.034	0.114
0.180	0.083	0.665	0.072
0.878	0.037	0.029	0.056
>NACTAATC	24-NACTAATC	8.634164	-0.000000	0	T:161.0(0.86%),B:5939.7(6.90%),P:1e0	Tpos:116.5,Tstd:4.5,Bpos:11874.7,Bstd:17927.4,StrandBias:10.0,Multiplicity:1.00
0.168	0.314	0.210	0.308
0.710	0.071	0.057	0.162
0.065	0.822	0.049	0.064
0.087	0.043	0.008	0.862
0.778	0.078	0.079	0.065
0.879	0.030	0.033	0.058
0.042	0.028	0.040	0.890
0.048	0.892	0.026	0.034
>CTAATCTK	25-CTAATCTK	8.874568	0.000000	0	T:409.0(2.18%),B:8615.1(10.02%),P:1e0	Tpos:83.8,Tstd:39.6,Bpos:11305.0,Bstd:18151.3,StrandBias:-0.6,Multiplicity:1.00
0.107	0.697	0.058	0.138
0.091	0.070	0.003	0.836
0.748	0.084	0.069	0.099
0.957	0.001	0.001	0.041
0.027	0.015	0.045	0.913
0.084	0.881	0.026	0.009
0.133	0.031	0.013	0.823
0.143	0.104	0.358	0.395
