>BSCGCGGDMRYV	15-BSCGCGGDMRYV	7.722024	-1.646166	0	T:6.0(1.53%),B:569.0(0.99%),P:1e0
0.131	0.380	0.239	0.251
0.012	0.403	0.370	0.215
0.023	0.917	0.001	0.059
0.012	0.298	0.689	0.001
0.001	0.772	0.226	0.001
0.012	0.236	0.751	0.001
0.179	0.272	0.429	0.119
0.334	0.119	0.332	0.215
0.394	0.320	0.143	0.143
0.370	0.200	0.429	0.001
0.001	0.418	0.262	0.319
0.298	0.322	0.379	0.001
