>NCCCCGGCGCGB	5-NCCCCGGCGCGB	9.988018	-5.475468	0	T:3.0(0.77%),B:45.7(0.08%),P:1e-2
0.193	0.330	0.296	0.181
0.098	0.571	0.215	0.116
0.096	0.547	0.196	0.161
0.086	0.589	0.184	0.141
0.095	0.666	0.166	0.073
0.134	0.165	0.605	0.096
0.112	0.140	0.668	0.080
0.091	0.704	0.111	0.094
0.069	0.193	0.654	0.084
0.065	0.765	0.102	0.068
0.081	0.138	0.681	0.100
0.173	0.369	0.234	0.223
