>CSSSCGCSCKTY	10-CSSSCGCSCKTY	8.161836	-3.104969	0	T:2.0(0.51%),B:48.4(0.08%),P:1e-1
0.225	0.538	0.236	0.001
0.001	0.470	0.372	0.157
0.068	0.527	0.394	0.011
0.001	0.394	0.473	0.133
0.180	0.583	0.236	0.001
0.001	0.213	0.775	0.011
0.157	0.529	0.313	0.001
0.001	0.346	0.495	0.157
0.225	0.403	0.236	0.135
0.146	0.144	0.349	0.360
0.202	0.313	0.001	0.484
0.001	0.504	0.001	0.494
