>GCGCCCTCTCCA	16-GCGCCCTCTCCA	9.478950	-1.571136	0	T:7.0(1.79%),B:706.1(1.22%),P:1e0
0.088	0.206	0.612	0.094
0.101	0.672	0.120	0.107
0.092	0.144	0.641	0.123
0.074	0.730	0.118	0.078
0.099	0.692	0.098	0.111
0.080	0.717	0.094	0.109
0.093	0.161	0.150	0.596
0.055	0.727	0.120	0.098
0.077	0.199	0.119	0.605
0.047	0.722	0.134	0.097
0.080	0.754	0.091	0.075
0.535	0.170	0.136	0.159
