>NGAGAGGGCGCG	3-CGCGCCCTCTCN	7.713356	-7.134505	0	T:28.0(7.16%),B:2126.0(3.69%),P:1e-3
0.246	0.317	0.226	0.212
0.145	0.108	0.627	0.120
0.581	0.161	0.150	0.108
0.171	0.138	0.572	0.119
0.530	0.185	0.144	0.141
0.140	0.143	0.638	0.079
0.108	0.141	0.661	0.090
0.092	0.182	0.646	0.080
0.082	0.721	0.123	0.074
0.081	0.129	0.703	0.087
0.111	0.683	0.120	0.086
0.156	0.234	0.415	0.194
