>CGMABCGCSGGS	11-CGMABCGCSGGS	8.275936	-2.645111	0	T:29.0(7.42%),B:3196.9(5.54%),P:1e-1
0.001	0.807	0.173	0.019
0.075	0.001	0.923	0.001
0.263	0.396	0.245	0.096
0.572	0.132	0.178	0.118
0.057	0.392	0.284	0.267
0.055	0.736	0.171	0.038
0.001	0.199	0.590	0.210
0.001	0.825	0.173	0.001
0.038	0.458	0.449	0.054
0.001	0.285	0.676	0.038
0.191	0.281	0.509	0.019
0.153	0.322	0.448	0.076
