>GGTCCCGCGMGB	18-GGTCCCGCGMGB	9.182917	-1.349030	0	T:13.0(3.32%),B:1552.4(2.69%),P:1e0
0.090	0.318	0.475	0.117
0.055	0.165	0.628	0.152
0.110	0.253	0.074	0.563
0.001	0.691	0.143	0.165
0.001	0.944	0.001	0.054
0.001	0.711	0.287	0.001
0.001	0.166	0.804	0.029
0.001	0.859	0.139	0.001
0.001	0.121	0.823	0.055
0.453	0.326	0.166	0.055
0.111	0.055	0.779	0.055
0.141	0.288	0.350	0.221
