>CCGGCCGGGCGC	21-CCGGCCGGGCGC	11.531724	-0.973224	0	T:4.0(1.02%),B:458.1(0.79%),P:1e0
0.039	0.829	0.099	0.033
0.096	0.698	0.115	0.091
0.082	0.083	0.748	0.087
0.023	0.122	0.808	0.047
0.047	0.809	0.111	0.033
0.072	0.751	0.064	0.113
0.069	0.140	0.708	0.083
0.079	0.106	0.766	0.049
0.081	0.075	0.791	0.053
0.131	0.662	0.130	0.077
0.059	0.136	0.678	0.127
0.065	0.756	0.129	0.050
