>CSCGCCBCCCCV	25-CSCGCCBCCCCV	7.839902	-0.147274	0	T:7.0(1.79%),B:1453.3(2.52%),P:1e0
0.167	0.414	0.226	0.192
0.111	0.338	0.455	0.096
0.147	0.674	0.124	0.055
0.054	0.204	0.581	0.161
0.156	0.525	0.218	0.101
0.122	0.588	0.114	0.176
0.127	0.223	0.301	0.349
0.064	0.636	0.166	0.134
0.045	0.650	0.139	0.166
0.073	0.593	0.173	0.161
0.060	0.574	0.291	0.075
0.226	0.248	0.348	0.179
