>BCSGCSGBYGCB	20-BCSGCSGBYGCB	6.685647	-1.193425	0	T:25.0(6.39%),B:3280.3(5.69%),P:1e0
0.016	0.329	0.370	0.285
0.162	0.447	0.286	0.104
0.127	0.373	0.287	0.213
0.001	0.313	0.490	0.196
0.001	0.504	0.320	0.175
0.001	0.299	0.448	0.252
0.223	0.011	0.760	0.006
0.136	0.337	0.219	0.308
0.157	0.481	0.011	0.351
0.001	0.395	0.603	0.001
0.008	0.460	0.306	0.227
0.055	0.346	0.353	0.246
