>CCGTCGGCGCGG	7-CCGCGCCGACGG	11.666452	-3.908637	0	T:1.0(0.26%),B:2.4(0.00%),P:1e-1
0.040	0.619	0.222	0.119
0.169	0.546	0.169	0.116
0.106	0.065	0.532	0.297
0.013	0.063	0.235	0.689
0.001	0.856	0.026	0.117
0.065	0.144	0.688	0.103
0.040	0.141	0.731	0.088
0.063	0.819	0.078	0.040
0.065	0.129	0.716	0.090
0.092	0.765	0.142	0.001
0.091	0.326	0.532	0.051
0.013	0.222	0.546	0.219
