>YTTTCCTCCCCS	17-SGGGGAGGAAAR	10.938751	-1.418602	0	T:1.0(0.26%),B:40.0(0.07%),P:1e0
0.104	0.360	0.199	0.337
0.042	0.283	0.017	0.658
0.001	0.274	0.041	0.684
0.001	0.193	0.001	0.805
0.001	0.570	0.310	0.119
0.168	0.615	0.083	0.134
0.158	0.132	0.083	0.627
0.001	0.896	0.041	0.062
0.042	0.719	0.184	0.055
0.068	0.648	0.062	0.222
0.042	0.574	0.149	0.235
0.001	0.429	0.522	0.048
