>VGGCGCCGCGCS	13-VGGCGCCGCGCS	6.279790	-2.127536	0	T:90.0(23.02%),B:11802.6(20.47%),P:1e0
0.185	0.330	0.310	0.175
0.182	0.200	0.530	0.088
0.093	0.150	0.628	0.129
0.103	0.712	0.090	0.095
0.077	0.126	0.704	0.093
0.134	0.608	0.150	0.108
0.108	0.623	0.151	0.118
0.113	0.106	0.688	0.093
0.129	0.694	0.079	0.098
0.154	0.105	0.617	0.124
0.136	0.619	0.127	0.118
0.170	0.267	0.358	0.206
