>CGCSGCGGCGGN	23-CGCSGCGGCGGN	9.008995	-0.544394	0	T:15.0(3.84%),B:2275.8(3.95%),P:1e0
0.218	0.532	0.191	0.059
0.051	0.056	0.853	0.040
0.090	0.657	0.161	0.092
0.031	0.431	0.285	0.253
0.071	0.152	0.665	0.112
0.001	0.935	0.063	0.001
0.147	0.219	0.463	0.171
0.079	0.140	0.641	0.140
0.001	0.880	0.090	0.029
0.001	0.327	0.523	0.149
0.210	0.216	0.535	0.039
0.256	0.309	0.226	0.208
