>KYCWTRTTHGAM	14-KYCWTRTTHGAM	8.565009	-55.681937	0	T:23.0(7.47%),B:123.4(0.27%),P:1e-24
0.119	0.001	0.373	0.507
0.101	0.392	0.001	0.506
0.001	0.746	0.058	0.195
0.496	0.061	0.071	0.373
0.001	0.223	0.001	0.775
0.403	0.128	0.261	0.208
0.001	0.131	0.054	0.814
0.103	0.154	0.220	0.523
0.409	0.287	0.030	0.274
0.001	0.308	0.625	0.066
0.627	0.046	0.112	0.215
0.417	0.379	0.001	0.203
