>CTCTCTCTCTCT	17-CTCTCTCTCTCT	-4.104799	-41.216181	0	T:227.0(73.70%),B:22560.3(49.03%),P:1e-17
0.001	0.963	0.025	0.011
0.041	0.040	0.001	0.918
0.001	0.943	0.055	0.001
0.036	0.035	0.001	0.928
0.024	0.891	0.084	0.001
0.028	0.032	0.001	0.939
0.019	0.932	0.032	0.017
0.001	0.037	0.001	0.961
0.021	0.939	0.039	0.001
0.001	0.043	0.001	0.955
0.001	0.967	0.031	0.001
0.021	0.031	0.001	0.947
