>TCATGGTGTAGC	10-GCTACACCATGA	9.566695	-64.292007	0	T:18.0(5.84%),B:24.2(0.05%),P:1e-27
0.141	0.078	0.108	0.673
0.175	0.557	0.200	0.068
0.666	0.138	0.071	0.125
0.095	0.071	0.019	0.815
0.056	0.138	0.624	0.182
0.150	0.001	0.710	0.139
0.111	0.039	0.036	0.814
0.087	0.133	0.633	0.147
0.161	0.054	0.111	0.674
0.674	0.114	0.054	0.158
0.105	0.117	0.673	0.105
0.171	0.491	0.155	0.183
