>TAACCAAMCTTC	6-GAAGKTTGGTTA	10.239397	-79.060645	0	T:19.0(6.17%),B:10.1(0.02%),P:1e-34
0.138	0.040	0.140	0.682
0.686	0.099	0.087	0.128
0.685	0.047	0.137	0.131
0.088	0.707	0.107	0.098
0.140	0.642	0.113	0.105
0.774	0.059	0.078	0.089
0.810	0.088	0.047	0.055
0.327	0.425	0.107	0.141
0.118	0.538	0.232	0.112
0.135	0.067	0.056	0.742
0.119	0.197	0.067	0.617
0.078	0.694	0.082	0.146
