>NAGATAARVNNN	1-NAGATAARVNNN	5.861459	-3624.292156	0	T:15757.0(83.98%),B:44692.2(51.73%),P:1e-1573	Tpos:101.6,Tstd:42.6,Bpos:15344.5,Bstd:20629.5,StrandBias:-0.0,Multiplicity:1.61
0.238	0.304	0.267	0.191
0.632	0.001	0.001	0.366
0.001	0.001	0.997	0.001
0.997	0.001	0.001	0.001
0.001	0.001	0.001	0.997
0.981	0.001	0.001	0.017
0.911	0.001	0.027	0.061
0.265	0.213	0.382	0.139
0.322	0.223	0.311	0.144
0.276	0.227	0.262	0.234
0.272	0.228	0.229	0.271
0.253	0.214	0.255	0.278
>BNDNBNNTGATA	2-BNDNBNNTGATA	7.922107	-0.468916	0	T:1.0(0.01%),B:4.3(0.00%),P:1e0	Tpos:115.0,Tstd:0.0,Bpos:2171.0,Bstd:0.0,StrandBias:10.0,Multiplicity:1.00
0.152	0.326	0.294	0.228
0.245	0.295	0.236	0.224
0.284	0.001	0.342	0.373
0.239	0.272	0.223	0.266
0.158	0.279	0.316	0.247
0.188	0.323	0.279	0.209
0.234	0.288	0.214	0.264
0.418	0.001	0.001	0.580
0.001	0.001	0.997	0.001
0.997	0.001	0.001	0.001
0.001	0.001	0.001	0.997
0.997	0.001	0.001	0.001
>TATCWNNNNNDG	3-TATCWNNNNNDG	8.284330	-0.214189	0	T:2.0(0.01%),B:14.4(0.02%),P:1e0	Tpos:113.0,Tstd:0.0,Bpos:24036.0,Bstd:31265.5,StrandBias:10.0,Multiplicity:1.00
0.001	0.001	0.001	0.997
0.997	0.001	0.001	0.001
0.001	0.001	0.001	0.997
0.001	0.997	0.001	0.001
0.510	0.001	0.001	0.488
0.256	0.216	0.294	0.234
0.208	0.287	0.261	0.244
0.247	0.271	0.239	0.243
0.240	0.243	0.270	0.247
0.252	0.272	0.254	0.222
0.324	0.065	0.288	0.323
0.023	0.049	0.900	0.028
>AGATAGCAGATA	4-AGATAGCAGATA	11.730673	-0.006251	0	T:7.0(0.04%),B:74.7(0.09%),P:1e0	Tpos:125.5,Tstd:5.5,Bpos:12431.3,Bstd:20846.5,StrandBias:10.0,Multiplicity:1.00
0.704	0.043	0.114	0.139
0.125	0.112	0.643	0.120
0.668	0.120	0.104	0.108
0.129	0.119	0.133	0.619
0.693	0.047	0.126	0.134
0.127	0.123	0.606	0.144
0.140	0.602	0.140	0.118
0.770	0.014	0.051	0.165
0.108	0.096	0.692	0.104
0.682	0.108	0.097	0.113
0.112	0.112	0.127	0.649
0.664	0.106	0.116	0.114
>ATCTNHTCTNTN	5-ATCTNHTCTNTN	8.675799	-0.001581	0	T:6.0(0.03%),B:77.7(0.09%),P:1e0	Tpos:144.2,Tstd:50.9,Bpos:12544.6,Bstd:19004.2,StrandBias:1.6,Multiplicity:1.00
0.608	0.188	0.091	0.113
0.031	0.041	0.043	0.885
0.030	0.902	0.040	0.028
0.215	0.020	0.007	0.758
0.322	0.198	0.216	0.264
0.339	0.202	0.133	0.326
0.041	0.167	0.040	0.752
0.147	0.468	0.114	0.271
0.265	0.055	0.008	0.672
0.242	0.284	0.236	0.238
0.237	0.217	0.130	0.415
0.221	0.297	0.171	0.312
>RADRRVAGATAG	6-RADRRVAGATAG	9.605933	-0.000006	0	T:4.0(0.02%),B:96.9(0.11%),P:1e0	Tpos:100.0,Tstd:0.0,Bpos:23936.2,Bstd:24223.8,StrandBias:-10.0,Multiplicity:1.00
0.338	0.185	0.298	0.178
0.456	0.045	0.221	0.279
0.278	0.094	0.370	0.258
0.439	0.058	0.328	0.176
0.424	0.043	0.306	0.226
0.199	0.323	0.310	0.168
0.780	0.014	0.021	0.185
0.040	0.033	0.892	0.035
0.916	0.033	0.019	0.032
0.056	0.060	0.235	0.649
0.888	0.008	0.035	0.069
0.015	0.044	0.703	0.238
>CTTYCTATCTCT	7-CTTYCTATCTCT	9.897222	-0.000000	0	T:6.0(0.03%),B:139.0(0.16%),P:1e0	Tpos:101.7,Tstd:61.7,Bpos:16420.4,Bstd:23566.2,StrandBias:-10.0,Multiplicity:1.00
0.182	0.467	0.116	0.234
0.167	0.165	0.057	0.611
0.166	0.198	0.181	0.455
0.149	0.373	0.152	0.326
0.192	0.552	0.077	0.179
0.123	0.126	0.019	0.732
0.468	0.222	0.154	0.156
0.083	0.077	0.072	0.768
0.156	0.605	0.104	0.135
0.122	0.094	0.023	0.761
0.141	0.531	0.178	0.150
0.133	0.140	0.038	0.689
>TATCTATCTATC	8-TATCTATCTATC	5.677937	-0.000000	0	T:7040.0(37.52%),B:43114.7(49.90%),P:1e0	Tpos:100.9,Tstd:49.7,Bpos:15877.6,Bstd:20644.5,StrandBias:-0.0,Multiplicity:1.36
0.058	0.127	0.096	0.719
0.642	0.148	0.155	0.055
0.050	0.111	0.148	0.691
0.081	0.714	0.050	0.155
0.065	0.050	0.022	0.863
0.564	0.169	0.212	0.055
0.063	0.144	0.145	0.648
0.118	0.701	0.049	0.132
0.152	0.117	0.042	0.689
0.566	0.142	0.165	0.127
0.137	0.182	0.163	0.518
0.141	0.597	0.091	0.171
>TCTVTCTNTCTN	9-TCTVTCTNTCTN	8.267345	-0.000000	0	T:494.0(2.63%),B:12676.7(14.67%),P:1e0	Tpos:145.0,Tstd:0.0,Bpos:16948.6,Bstd:19928.4,StrandBias:10.0,Multiplicity:1.00
0.186	0.177	0.164	0.473
0.192	0.513	0.109	0.186
0.085	0.009	0.001	0.905
0.325	0.254	0.257	0.164
0.070	0.103	0.072	0.755
0.095	0.657	0.109	0.139
0.084	0.001	0.001	0.914
0.236	0.261	0.320	0.183
0.090	0.126	0.077	0.707
0.097	0.576	0.115	0.212
0.197	0.123	0.001	0.679
0.238	0.274	0.214	0.274
>AGATAGRARAVR	10-AGATAGRARAVR	10.711604	-0.000000	0	T:5.0(0.03%),B:161.8(0.19%),P:1e0	Tpos:95.0,Tstd:56.0,Bpos:18464.2,Bstd:22796.8,StrandBias:10.0,Multiplicity:1.00
0.969	0.001	0.001	0.029
0.001	0.002	0.996	0.001
0.997	0.001	0.001	0.001
0.001	0.001	0.327	0.671
0.997	0.001	0.001	0.001
0.049	0.103	0.526	0.322
0.370	0.191	0.332	0.107
0.755	0.001	0.243	0.001
0.429	0.001	0.434	0.136
0.479	0.001	0.309	0.211
0.300	0.206	0.347	0.147
0.392	0.181	0.251	0.177
>DWNARAANAGAT	11-DWNARAANAGAT	8.627652	-0.000000	0	T:162.0(0.86%),B:9578.5(11.09%),P:1e0	Tpos:99.7,Tstd:59.6,Bpos:14706.3,Bstd:19663.7,StrandBias:0.3,Multiplicity:1.00
0.327	0.153	0.292	0.227
0.413	0.049	0.238	0.300
0.305	0.192	0.262	0.241
0.580	0.001	0.195	0.224
0.372	0.076	0.371	0.180
0.658	0.001	0.340	0.001
0.437	0.005	0.271	0.287
0.241	0.260	0.282	0.218
0.889	0.001	0.001	0.109
0.001	0.001	0.997	0.001
0.997	0.001	0.001	0.001
0.001	0.001	0.259	0.739
>TCTVTCTNTCTN	12-TCTVTCTNTCTN	7.741056	-0.000000	0	T:898.0(4.79%),B:17729.7(20.52%),P:1e0	Tpos:108.2,Tstd:59.6,Bpos:16431.3,Bstd:20293.7,StrandBias:0.3,Multiplicity:1.00
0.173	0.181	0.172	0.474
0.233	0.487	0.102	0.177
0.084	0.071	0.005	0.840
0.374	0.283	0.233	0.110
0.066	0.086	0.064	0.784
0.104	0.661	0.095	0.140
0.078	0.020	0.001	0.901
0.281	0.278	0.294	0.147
0.088	0.158	0.072	0.682
0.107	0.547	0.117	0.229
0.214	0.149	0.016	0.621
0.265	0.270	0.228	0.238
>TCTATCTVTCTN	13-TCTATCTVTCTN	7.177734	-0.000000	0	T:1240.0(6.61%),B:20228.8(23.41%),P:1e0	Tpos:100.5,Tstd:55.1,Bpos:16324.9,Bstd:20720.3,StrandBias:0.1,Multiplicity:1.00
0.191	0.203	0.182	0.424
0.254	0.419	0.073	0.254
0.161	0.170	0.038	0.631
0.406	0.246	0.174	0.174
0.105	0.121	0.138	0.636
0.197	0.618	0.088	0.097
0.075	0.061	0.004	0.860
0.360	0.293	0.228	0.119
0.083	0.099	0.066	0.752
0.115	0.600	0.109	0.176
0.193	0.096	0.018	0.693
0.264	0.298	0.225	0.213
>AGAGAKAKAARN	14-AGAGAKAKAARN	8.432508	-0.000000	0	T:591.0(3.15%),B:14145.5(16.37%),P:1e0	Tpos:96.9,Tstd:50.8,Bpos:17275.7,Bstd:20565.8,StrandBias:0.0,Multiplicity:1.00
0.621	0.001	0.195	0.183
0.199	0.183	0.505	0.113
0.997	0.001	0.001	0.001
0.106	0.109	0.629	0.156
0.997	0.001	0.001	0.001
0.098	0.069	0.455	0.377
0.927	0.001	0.071	0.001
0.165	0.096	0.382	0.356
0.457	0.125	0.214	0.204
0.457	0.001	0.264	0.278
0.389	0.072	0.347	0.191
0.307	0.218	0.236	0.239
>NNHNMTATCTBH	15-NNHNMTATCTBH	7.319636	-0.000000	0	T:262.0(1.40%),B:7721.7(8.94%),P:1e0	Tpos:102.5,Tstd:55.4,Bpos:15340.3,Bstd:21231.4,StrandBias:-0.6,Multiplicity:1.00
0.278	0.224	0.215	0.283
0.246	0.268	0.179	0.307
0.264	0.317	0.113	0.307
0.238	0.234	0.197	0.331
0.365	0.408	0.226	0.001
0.001	0.001	0.001	0.997
0.434	0.245	0.177	0.144
0.001	0.001	0.001	0.997
0.001	0.997	0.001	0.001
0.246	0.001	0.001	0.752
0.184	0.251	0.336	0.229
0.234	0.272	0.141	0.353
>DNNDNAGAKAKV	16-DNNDNAGAKAKV	6.702871	-0.000000	0	T:585.0(3.12%),B:14788.6(17.12%),P:1e0	Tpos:106.5,Tstd:52.8,Bpos:16505.5,Bstd:20707.8,StrandBias:0.1,Multiplicity:1.03
0.340	0.001	0.331	0.328
0.278	0.190	0.265	0.266
0.287	0.184	0.286	0.244
0.350	0.171	0.235	0.244
0.220	0.283	0.228	0.270
0.592	0.001	0.001	0.406
0.001	0.001	0.997	0.001
0.997	0.001	0.001	0.001
0.099	0.203	0.313	0.386
0.757	0.001	0.001	0.241
0.183	0.001	0.462	0.355
0.353	0.229	0.256	0.162
>DDANAGATADRN	17-DDANAGATADRN	7.486485	-0.000000	0	T:46.0(0.25%),B:1224.6(1.42%),P:1e0	Tpos:82.0,Tstd:0.0,Bpos:12757.3,Bstd:19671.8,StrandBias:-10.0,Multiplicity:1.00
0.371	0.120	0.250	0.259
0.351	0.100	0.306	0.242
0.430	0.068	0.246	0.256
0.215	0.321	0.264	0.200
0.745	0.005	0.044	0.206
0.077	0.017	0.845	0.061
0.933	0.036	0.001	0.030
0.087	0.179	0.193	0.541
0.617	0.041	0.100	0.242
0.261	0.091	0.359	0.288
0.360	0.138	0.291	0.210
0.264	0.197	0.248	0.291
>DARANAGATADR	18-DARANAGATADR	8.227445	-0.000000	0	T:69.0(0.37%),B:1921.2(2.22%),P:1e0	Tpos:126.0,Tstd:0.0,Bpos:14000.9,Bstd:17320.7,StrandBias:10.0,Multiplicity:1.00
0.341	0.103	0.272	0.283
0.424	0.062	0.257	0.257
0.389	0.063	0.386	0.163
0.524	0.060	0.247	0.169
0.237	0.301	0.259	0.203
0.696	0.033	0.056	0.215
0.085	0.043	0.802	0.070
0.875	0.049	0.031	0.045
0.049	0.138	0.156	0.657
0.682	0.040	0.080	0.198
0.308	0.038	0.383	0.272
0.381	0.194	0.233	0.191
>ANDNNNNAGATA	19-ANDNNNNAGATA	8.004337	-0.000000	0	T:574.0(3.06%),B:10189.0(11.79%),P:1e0	Tpos:107.2,Tstd:49.2,Bpos:14797.0,Bstd:20247.5,StrandBias:-0.2,Multiplicity:1.00
0.505	0.265	0.096	0.134
0.261	0.217	0.284	0.238
0.391	0.001	0.324	0.283
0.249	0.215	0.282	0.253
0.345	0.212	0.226	0.217
0.278	0.219	0.242	0.261
0.282	0.224	0.253	0.241
0.605	0.001	0.001	0.393
0.001	0.001	0.997	0.001
0.997	0.001	0.001	0.001
0.001	0.001	0.001	0.997
0.997	0.001	0.001	0.001
>AGAGAGATGATA	20-AGAGAGATGATA	12.716137	-0.000000	0	T:2.0(0.01%),B:138.0(0.16%),P:1e0	Tpos:81.0,Tstd:6.0,Bpos:18103.4,Bstd:18547.9,StrandBias:0.0,Multiplicity:1.00
0.786	0.017	0.084	0.113
0.118	0.104	0.661	0.117
0.836	0.007	0.086	0.071
0.117	0.120	0.609	0.154
0.847	0.012	0.058	0.083
0.144	0.083	0.593	0.180
0.706	0.118	0.089	0.087
0.288	0.013	0.098	0.601
0.091	0.051	0.774	0.084
0.801	0.052	0.062	0.085
0.100	0.077	0.126	0.697
0.815	0.039	0.069	0.077
>TYYHTMTCTCTB	21-TYYHTMTCTCTB	7.846697	-0.000000	0	T:468.0(2.49%),B:9343.3(10.81%),P:1e0	Tpos:92.0,Tstd:62.6,Bpos:15354.0,Bstd:19334.2,StrandBias:0.2,Multiplicity:1.00
0.200	0.191	0.159	0.450
0.101	0.393	0.195	0.312
0.175	0.420	0.072	0.332
0.244	0.284	0.081	0.391
0.150	0.176	0.079	0.595
0.383	0.303	0.126	0.188
0.060	0.085	0.054	0.801
0.228	0.524	0.082	0.166
0.072	0.105	0.063	0.760
0.084	0.600	0.154	0.162
0.145	0.005	0.019	0.831
0.152	0.295	0.338	0.215
>DRDDNAGAKWDN	22-DRDDNAGAKWDN	6.852220	-0.000000	0	T:15.0(0.08%),B:511.4(0.59%),P:1e0	Tpos:55.0,Tstd:14.0,Bpos:13745.9,Bstd:18128.4,StrandBias:0.0,Multiplicity:1.00
0.328	0.001	0.339	0.332
0.418	0.170	0.412	0.001
0.365	0.001	0.330	0.304
0.368	0.001	0.336	0.295
0.209	0.292	0.260	0.239
0.626	0.001	0.001	0.372
0.001	0.001	0.997	0.001
0.997	0.001	0.001	0.001
0.170	0.179	0.298	0.353
0.448	0.017	0.179	0.357
0.308	0.001	0.382	0.309
0.283	0.232	0.257	0.229
>NCTATCTATCTN	23-NCTATCTATCTN	8.719278	-0.000000	0	T:263.0(1.40%),B:4577.8(5.30%),P:1e0	Tpos:163.0,Tstd:0.0,Bpos:15887.4,Bstd:23157.8,StrandBias:-10.0,Multiplicity:1.00
0.240	0.235	0.248	0.277
0.141	0.631	0.097	0.131
0.115	0.113	0.009	0.763
0.638	0.114	0.125	0.123
0.096	0.101	0.106	0.697
0.118	0.712	0.086	0.084
0.109	0.075	0.003	0.813
0.607	0.122	0.145	0.126
0.097	0.100	0.091	0.712
0.107	0.674	0.095	0.124
0.145	0.102	0.011	0.742
0.261	0.255	0.238	0.246
>AGAGAKAGAGAG	24-AGAGAKAGAGAG	10.204936	-0.000000	0	T:69.0(0.37%),B:5130.5(5.94%),P:1e0	Tpos:105.6,Tstd:26.1,Bpos:16664.0,Bstd:20536.5,StrandBias:-0.6,Multiplicity:1.00
0.743	0.025	0.118	0.114
0.168	0.173	0.537	0.122
0.785	0.019	0.094	0.102
0.149	0.080	0.648	0.123
0.823	0.044	0.068	0.065
0.173	0.145	0.279	0.402
0.807	0.016	0.096	0.081
0.177	0.082	0.582	0.159
0.490	0.065	0.315	0.130
0.234	0.175	0.448	0.143
0.691	0.045	0.129	0.135
0.220	0.086	0.524	0.170
>ADANAGATADDD	25-ADANAGATADDD	8.049881	0.000000	0	T:89.0(0.47%),B:2219.0(2.57%),P:1e0	Tpos:96.0,Tstd:32.0,Bpos:13324.5,Bstd:19966.8,StrandBias:0.0,Multiplicity:1.00
0.435	0.056	0.262	0.248
0.326	0.105	0.350	0.219
0.490	0.060	0.228	0.221
0.194	0.305	0.319	0.181
0.830	0.017	0.049	0.104
0.080	0.071	0.738	0.111
0.841	0.065	0.040	0.054
0.020	0.102	0.178	0.700
0.709	0.035	0.086	0.170
0.272	0.058	0.375	0.295
0.346	0.163	0.291	0.200
0.302	0.147	0.260	0.290
