>CAGATAAG	1-CAGATAAG	4.634689	-3335.311103	0	T:15282.0(81.45%),B:43251.5(50.06%),P:1e-1448	Tpos:101.5,Tstd:42.4,Bpos:15406.2,Bstd:20592.2,StrandBias:-0.0,Multiplicity:1.69
0.176	0.513	0.199	0.112
0.838	0.007	0.001	0.154
0.001	0.001	0.997	0.001
0.997	0.001	0.001	0.001
0.001	0.001	0.001	0.997
0.988	0.001	0.001	0.010
0.976	0.001	0.011	0.012
0.053	0.050	0.875	0.022
>NDVAGATA	2-NDVAGATA	6.380051	-951.185560	0	T:13460.0(71.74%),B:47294.7(54.74%),P:1e-413	Tpos:100.3,Tstd:50.1,Bpos:15555.7,Bstd:20685.8,StrandBias:-0.0,Multiplicity:1.17
0.234	0.259	0.197	0.309
0.342	0.124	0.223	0.311
0.262	0.347	0.226	0.165
0.658	0.001	0.001	0.340
0.001	0.001	0.997	0.001
0.997	0.001	0.001	0.001
0.001	0.001	0.001	0.997
0.997	0.001	0.001	0.001
>GATARHNB	3-GATARHNB	5.437309	-361.151966	0	T:13275.0(70.75%),B:52243.4(60.47%),P:1e-156	Tpos:100.5,Tstd:53.7,Bpos:16394.0,Bstd:21006.0,StrandBias:0.0,Multiplicity:1.14
0.001	0.001	0.997	0.001
0.997	0.001	0.001	0.001
0.001	0.001	0.001	0.997
0.997	0.001	0.001	0.001
0.300	0.001	0.430	0.269
0.295	0.288	0.084	0.333
0.309	0.224	0.215	0.252
0.108	0.318	0.289	0.285
>DTTTATCA	4-DTTTATCA	5.510479	-179.554300	0	T:10696.0(57.01%),B:42739.1(49.47%),P:1e-77	Tpos:101.5,Tstd:49.5,Bpos:15488.2,Bstd:20772.0,StrandBias:-0.1,Multiplicity:1.19
0.215	0.152	0.281	0.352
0.209	0.089	0.150	0.552
0.061	0.072	0.008	0.859
0.005	0.001	0.019	0.975
0.997	0.001	0.001	0.001
0.001	0.001	0.003	0.995
0.018	0.980	0.001	0.001
0.887	0.028	0.055	0.030
>TCTAATCT	5-TCTAATCT	3.292298	-34.782760	0	T:7404.0(39.46%),B:31405.9(36.35%),P:1e-15	Tpos:100.7,Tstd:51.1,Bpos:15968.3,Bstd:20499.5,StrandBias:0.0,Multiplicity:1.08
0.163	0.224	0.196	0.418
0.001	0.997	0.001	0.001
0.001	0.001	0.001	0.997
0.995	0.001	0.001	0.003
0.997	0.001	0.001	0.001
0.001	0.001	0.001	0.997
0.001	0.997	0.001	0.001
0.001	0.001	0.001	0.997
>TCTKWWAW	6-TCTKWWAW	5.683285	-0.000000	0	T:5453.0(29.06%),B:43827.6(50.73%),P:1e0	Tpos:99.0,Tstd:60.7,Bpos:15285.5,Bstd:20504.0,StrandBias:-0.0,Multiplicity:1.08
0.016	0.022	0.015	0.947
0.007	0.911	0.048	0.034
0.304	0.033	0.002	0.661
0.162	0.157	0.378	0.303
0.403	0.089	0.050	0.458
0.383	0.102	0.167	0.348
0.544	0.048	0.072	0.336
0.370	0.096	0.181	0.353
>WTWTCAGA	7-WTWTCAGA	7.505617	-0.000000	0	T:919.0(4.90%),B:10095.4(11.69%),P:1e0	Tpos:196.0,Tstd:0.0,Bpos:0.0,Bstd:0.0,StrandBias:-10.0,Multiplicity:1.00
0.378	0.173	0.045	0.403
0.210	0.027	0.067	0.696
0.488	0.111	0.001	0.399
0.358	0.001	0.001	0.640
0.188	0.595	0.183	0.034
0.758	0.002	0.001	0.239
0.069	0.026	0.868	0.037
0.809	0.051	0.027	0.113
>TNWWWTWN	8-TNWWWTWN	4.937804	-0.000000	0	T:154.0(0.82%),B:10339.7(11.97%),P:1e0	Tpos:99.4,Tstd:62.2,Bpos:14911.1,Bstd:20442.2,StrandBias:0.3,Multiplicity:1.00
0.056	0.001	0.001	0.942
0.210	0.329	0.186	0.276
0.495	0.001	0.001	0.503
0.359	0.170	0.196	0.275
0.542	0.001	0.001	0.456
0.380	0.001	0.025	0.594
0.284	0.143	0.193	0.381
0.310	0.194	0.202	0.295
>TGATTWWD	9-TGATTWWD	6.182603	-0.000000	0	T:5644.0(30.08%),B:47975.6(55.53%),P:1e0	Tpos:100.3,Tstd:57.3,Bpos:15778.8,Bstd:20598.6,StrandBias:0.0,Multiplicity:1.11
0.158	0.001	0.001	0.840
0.001	0.215	0.783	0.001
0.997	0.001	0.001	0.001
0.001	0.001	0.001	0.997
0.001	0.118	0.312	0.569
0.440	0.213	0.001	0.347
0.460	0.001	0.158	0.381
0.389	0.036	0.274	0.301
>TCTGTWWD	10-TCTGTWWD	6.468951	-0.000000	0	T:631.0(3.36%),B:17717.9(20.51%),P:1e0	Tpos:98.8,Tstd:54.9,Bpos:15669.1,Bstd:20611.3,StrandBias:0.0,Multiplicity:1.01
0.026	0.001	0.001	0.972
0.001	0.997	0.001	0.001
0.301	0.001	0.001	0.697
0.113	0.209	0.435	0.243
0.385	0.065	0.001	0.549
0.345	0.133	0.116	0.405
0.455	0.001	0.088	0.456
0.331	0.065	0.327	0.276
>ATCWWWHA	11-ATCWWWHA	5.777868	-0.000000	0	T:7741.0(41.26%),B:49781.1(57.62%),P:1e0	Tpos:99.1,Tstd:59.1,Bpos:15759.0,Bstd:20657.9,StrandBias:-0.0,Multiplicity:1.12
0.968	0.022	0.009	0.001
0.001	0.033	0.001	0.965
0.015	0.983	0.001	0.001
0.465	0.197	0.001	0.337
0.326	0.250	0.001	0.423
0.333	0.165	0.180	0.322
0.336	0.202	0.173	0.289
0.592	0.001	0.039	0.368
>ATCTTTYT	12-ATCTTTYT	8.186139	-0.000000	0	T:3365.0(17.94%),B:36443.7(42.18%),P:1e0	Tpos:97.5,Tstd:56.7,Bpos:15402.5,Bstd:20589.7,StrandBias:-0.1,Multiplicity:1.08
0.997	0.001	0.001	0.001
0.001	0.001	0.001	0.997
0.001	0.997	0.001	0.001
0.001	0.001	0.001	0.997
0.382	0.001	0.001	0.616
0.001	0.001	0.001	0.997
0.001	0.447	0.001	0.551
0.283	0.202	0.076	0.439
>WWAMAGAT	13-WWAMAGAT	7.398550	-0.000000	0	T:838.0(4.47%),B:18581.2(21.51%),P:1e0	Tpos:95.6,Tstd:54.5,Bpos:15059.9,Bstd:20461.8,StrandBias:0.1,Multiplicity:1.01
0.367	0.181	0.146	0.307
0.373	0.114	0.093	0.420
0.556	0.001	0.136	0.307
0.297	0.409	0.140	0.154
0.808	0.001	0.001	0.190
0.001	0.001	0.997	0.001
0.997	0.001	0.001	0.001
0.001	0.001	0.001	0.997
>GATGWDNN	14-GATGWDNN	5.978838	-0.000000	0	T:1372.0(7.31%),B:27417.7(31.74%),P:1e0	Tpos:103.0,Tstd:57.8,Bpos:16122.4,Bstd:20413.8,StrandBias:0.0,Multiplicity:1.03
0.088	0.001	0.910	0.001
0.955	0.001	0.001	0.043
0.001	0.001	0.001	0.997
0.001	0.059	0.555	0.385
0.376	0.164	0.001	0.459
0.268	0.098	0.261	0.373
0.293	0.148	0.285	0.273
0.305	0.165	0.264	0.266
>ATCTBWWW	15-ATCTBWWW	6.492843	-0.000000	0	T:6546.0(34.89%),B:44487.7(51.49%),P:1e0	Tpos:96.3,Tstd:57.6,Bpos:15289.6,Bstd:20174.4,StrandBias:0.0,Multiplicity:1.08
0.997	0.001	0.001	0.001
0.001	0.001	0.001	0.997
0.001	0.997	0.001	0.001
0.062	0.001	0.001	0.936
0.134	0.361	0.241	0.264
0.340	0.173	0.046	0.440
0.368	0.181	0.166	0.286
0.412	0.001	0.250	0.337
>TYTTTTTA	16-TYTTTTTA	6.330880	-0.000000	0	T:3609.0(19.24%),B:40480.3(46.85%),P:1e0	Tpos:97.4,Tstd:63.9,Bpos:14854.0,Bstd:18989.4,StrandBias:-0.0,Multiplicity:1.11
0.137	0.067	0.044	0.752
0.183	0.397	0.046	0.373
0.358	0.003	0.001	0.638
0.184	0.105	0.087	0.624
0.153	0.101	0.026	0.720
0.204	0.026	0.024	0.746
0.255	0.177	0.128	0.441
0.559	0.046	0.071	0.324
>ATCWWHWN	17-ATCWWHWN	6.547023	-0.000000	0	T:3124.0(16.65%),B:36348.0(42.07%),P:1e0	Tpos:99.4,Tstd:56.0,Bpos:15885.0,Bstd:20572.5,StrandBias:-0.0,Multiplicity:1.05
0.997	0.001	0.001	0.001
0.001	0.001	0.001	0.997
0.001	0.997	0.001	0.001
0.490	0.001	0.001	0.508
0.405	0.118	0.144	0.333
0.361	0.391	0.001	0.247
0.494	0.001	0.001	0.504
0.299	0.322	0.185	0.195
>ATCWKWDN	18-ATCWKWDN	5.982541	-0.000000	0	T:8380.0(44.66%),B:49091.1(56.82%),P:1e0	Tpos:99.3,Tstd:57.4,Bpos:15455.5,Bstd:20479.7,StrandBias:-0.0,Multiplicity:1.08
0.997	0.001	0.001	0.001
0.001	0.001	0.001	0.997
0.001	0.997	0.001	0.001
0.440	0.001	0.001	0.558
0.231	0.001	0.429	0.339
0.380	0.159	0.001	0.460
0.319	0.162	0.230	0.289
0.305	0.180	0.207	0.307
>DAMATCTG	19-DAMATCTG	6.229408	-0.000000	0	T:5688.0(30.32%),B:48303.3(55.91%),P:1e0	Tpos:99.8,Tstd:55.4,Bpos:15724.3,Bstd:20235.3,StrandBias:0.0,Multiplicity:1.11
0.266	0.183	0.205	0.345
0.399	0.172	0.202	0.227
0.384	0.514	0.101	0.001
0.954	0.001	0.001	0.044
0.001	0.001	0.001	0.997
0.023	0.937	0.039	0.001
0.173	0.001	0.001	0.825
0.031	0.109	0.566	0.294
>DNWTGATA	20-DNWTGATA	6.732958	-0.000000	0	T:1237.0(6.59%),B:24334.5(28.17%),P:1e0	Tpos:99.3,Tstd:58.2,Bpos:15345.0,Bstd:20714.7,StrandBias:-0.3,Multiplicity:1.01
0.334	0.002	0.316	0.347
0.232	0.279	0.191	0.298
0.350	0.128	0.164	0.359
0.225	0.001	0.272	0.502
0.001	0.001	0.997	0.001
0.951	0.001	0.001	0.047
0.001	0.001	0.223	0.775
0.997	0.001	0.001	0.001
>HWWWNWGA	21-HWWWNWGA	5.710037	-0.000000	0	T:9774.0(52.09%),B:53118.9(61.48%),P:1e0	Tpos:98.1,Tstd:60.8,Bpos:15308.4,Bstd:20343.6,StrandBias:0.0,Multiplicity:1.14
0.317	0.301	0.001	0.381
0.448	0.001	0.001	0.550
0.349	0.050	0.181	0.421
0.524	0.001	0.001	0.474
0.291	0.286	0.189	0.233
0.479	0.001	0.001	0.519
0.001	0.001	0.997	0.001
0.997	0.001	0.001	0.001
>TATCTNTN	22-TATCTNTN	7.618501	-0.000000	0	T:3360.0(17.91%),B:30216.0(34.97%),P:1e0	Tpos:103.2,Tstd:51.8,Bpos:15526.5,Bstd:20828.5,StrandBias:-0.1,Multiplicity:1.95
0.001	0.001	0.001	0.997
0.997	0.001	0.001	0.001
0.001	0.001	0.001	0.997
0.001	0.997	0.001	0.001
0.001	0.001	0.001	0.997
0.295	0.209	0.211	0.285
0.200	0.201	0.117	0.481
0.298	0.260	0.211	0.230
>ATCATCTY	23-ATCATCTY	8.812952	-0.000000	0	T:486.0(2.59%),B:16601.7(19.22%),P:1e0	Tpos:101.5,Tstd:56.0,Bpos:15626.5,Bstd:20413.6,StrandBias:0.2,Multiplicity:1.01
0.807	0.055	0.062	0.076
0.001	0.096	0.035	0.868
0.148	0.804	0.047	0.001
0.903	0.019	0.001	0.077
0.028	0.001	0.109	0.862
0.001	0.824	0.053	0.122
0.127	0.015	0.008	0.850
0.198	0.334	0.067	0.402
>NWWHWDAT	24-NWWHWDAT	3.776779	-0.000000	0	T:8848.0(47.16%),B:50904.1(58.92%),P:1e0	Tpos:99.5,Tstd:62.5,Bpos:15194.9,Bstd:20787.0,StrandBias:-0.0,Multiplicity:1.15
0.259	0.286	0.176	0.280
0.384	0.151	0.180	0.285
0.261	0.172	0.186	0.381
0.341	0.227	0.139	0.293
0.397	0.093	0.116	0.394
0.264	0.136	0.334	0.265
0.944	0.054	0.001	0.001
0.215	0.085	0.091	0.609
>WDNATATC	25-WDNATATC	5.316587	-0.000000	0	T:6227.0(33.19%),B:46316.0(53.61%),P:1e0	Tpos:101.2,Tstd:57.2,Bpos:15694.5,Bstd:20647.3,StrandBias:0.1,Multiplicity:1.10
0.368	0.131	0.028	0.473
0.268	0.167	0.231	0.334
0.288	0.284	0.239	0.189
0.667	0.086	0.149	0.098
0.180	0.139	0.054	0.627
0.829	0.169	0.001	0.001
0.001	0.001	0.001	0.997
0.001	0.904	0.082	0.013
