>NNBSTTATCW	1-NNBSTTATCW	6.120620	-3397.069735	0	T:15314.0(81.62%),B:43156.2(49.95%),P:1e-1475	Tpos:101.5,Tstd:42.2,Bpos:15387.5,Bstd:20605.9,StrandBias:0.0,Multiplicity:1.69
0.186	0.247	0.317	0.250
0.177	0.299	0.281	0.243
0.131	0.354	0.296	0.220
0.167	0.367	0.249	0.216
0.046	0.127	0.001	0.826
0.061	0.098	0.015	0.826
0.964	0.015	0.006	0.015
0.029	0.018	0.017	0.936
0.001	0.993	0.005	0.001
0.381	0.047	0.066	0.506
>WDNDNAGATA	2-WDNDNAGATA	6.824050	-316.732014	0	T:11561.0(61.62%),B:44597.0(51.62%),P:1e-137	Tpos:102.0,Tstd:50.8,Bpos:15569.2,Bstd:20747.5,StrandBias:0.1,Multiplicity:1.27
0.389	0.134	0.211	0.266
0.363	0.138	0.223	0.276
0.295	0.192	0.267	0.245
0.252	0.143	0.288	0.317
0.286	0.216	0.271	0.228
0.997	0.001	0.001	0.001
0.001	0.001	0.989	0.009
0.997	0.001	0.001	0.001
0.001	0.001	0.001	0.997
0.997	0.001	0.001	0.001
>NNNNNHTATC	3-NNNNNHTATC	5.640133	-18.100311	0	T:10504.0(55.99%),B:46441.9(53.75%),P:1e-7	Tpos:100.1,Tstd:54.9,Bpos:16070.4,Bstd:20902.7,StrandBias:-0.0,Multiplicity:1.09
0.276	0.199	0.194	0.331
0.234	0.207	0.256	0.303
0.300	0.289	0.202	0.208
0.248	0.283	0.208	0.261
0.270	0.253	0.213	0.263
0.336	0.228	0.175	0.261
0.001	0.001	0.001	0.997
0.902	0.075	0.014	0.009
0.002	0.005	0.004	0.989
0.018	0.934	0.023	0.025
>TATCAGHNDN	4-TATCAGHNDN	6.406975	-15.878151	0	T:10242.0(54.59%),B:45370.0(52.51%),P:1e-6	Tpos:100.9,Tstd:51.0,Bpos:15877.8,Bstd:21036.2,StrandBias:-0.0,Multiplicity:1.24
0.001	0.001	0.001	0.997
0.997	0.001	0.001	0.001
0.001	0.001	0.001	0.997
0.001	0.997	0.001	0.001
0.977	0.001	0.001	0.021
0.196	0.176	0.442	0.186
0.236	0.258	0.170	0.336
0.293	0.265	0.192	0.250
0.263	0.161	0.248	0.327
0.217	0.306	0.257	0.220
>TCWDATTTTN	5-TCWDATTTTN	7.724265	-0.000000	0	T:87.0(0.46%),B:7675.9(8.88%),P:1e0	Tpos:82.4,Tstd:56.5,Bpos:15107.1,Bstd:20395.9,StrandBias:0.2,Multiplicity:1.00
0.001	0.001	0.001	0.997
0.001	0.997	0.001	0.001
0.454	0.001	0.001	0.544
0.231	0.140	0.269	0.360
0.498	0.179	0.001	0.322
0.373	0.018	0.001	0.608
0.343	0.001	0.023	0.633
0.307	0.145	0.081	0.467
0.299	0.065	0.156	0.480
0.258	0.230	0.228	0.284
>AAAAAAAAAA	6-AAAAAAAAAA	5.969490	-0.000000	0	T:3884.0(20.70%),B:42245.0(48.90%),P:1e0	Tpos:96.4,Tstd:62.9,Bpos:14985.3,Bstd:19159.9,StrandBias:0.1,Multiplicity:1.13
0.461	0.189	0.201	0.149
0.902	0.065	0.001	0.032
0.856	0.001	0.134	0.009
0.853	0.001	0.132	0.014
0.997	0.001	0.001	0.001
0.997	0.001	0.001	0.001
0.997	0.001	0.001	0.001
0.973	0.001	0.025	0.001
0.997	0.001	0.001	0.001
0.771	0.001	0.190	0.038
>AGATAKNNNN	7-AGATAKNNNN	7.496618	-0.000000	0	T:815.0(4.34%),B:14321.1(16.58%),P:1e0	Tpos:100.2,Tstd:48.8,Bpos:15366.1,Bstd:20258.1,StrandBias:-0.2,Multiplicity:1.01
0.814	0.001	0.001	0.184
0.001	0.001	0.997	0.001
0.997	0.001	0.001	0.001
0.001	0.001	0.001	0.997
0.997	0.001	0.001	0.001
0.078	0.216	0.423	0.283
0.262	0.168	0.312	0.258
0.227	0.255	0.283	0.235
0.293	0.227	0.235	0.245
0.242	0.280	0.211	0.267
>CTGATTAGAT	8-CTGATTAGAT	11.346419	-0.000000	0	T:81.0(0.43%),B:2245.6(2.60%),P:1e0	Tpos:87.6,Tstd:43.0,Bpos:18386.6,Bstd:21862.0,StrandBias:0.8,Multiplicity:1.00
0.305	0.682	0.001	0.012
0.109	0.001	0.001	0.889
0.001	0.001	0.997	0.001
0.997	0.001	0.001	0.001
0.001	0.001	0.001	0.997
0.012	0.110	0.329	0.549
0.609	0.001	0.001	0.389
0.001	0.001	0.633	0.365
0.997	0.001	0.001	0.001
0.001	0.001	0.001	0.997
>ATCATCWDWT	9-ATCATCWDWT	6.314756	-0.000000	0	T:4007.0(21.36%),B:41518.1(48.06%),P:1e0	Tpos:99.7,Tstd:55.8,Bpos:15395.0,Bstd:20612.1,StrandBias:0.0,Multiplicity:1.06
0.710	0.144	0.035	0.111
0.100	0.060	0.031	0.809
0.331	0.563	0.090	0.016
0.767	0.001	0.001	0.231
0.083	0.054	0.118	0.745
0.009	0.757	0.086	0.148
0.416	0.019	0.001	0.564
0.266	0.114	0.303	0.317
0.398	0.169	0.049	0.383
0.232	0.152	0.067	0.549
>AAAAAAAAAA	10-AAAAAAAAAA	4.521958	-0.000000	0	T:12062.0(64.29%),B:60360.4(69.87%),P:1e0	Tpos:100.8,Tstd:61.3,Bpos:15624.9,Bstd:20524.3,StrandBias:-0.0,Multiplicity:1.07
0.623	0.049	0.087	0.241
0.673	0.047	0.105	0.175
0.715	0.051	0.111	0.123
0.631	0.072	0.130	0.167
0.552	0.093	0.146	0.209
0.502	0.116	0.146	0.236
0.464	0.155	0.161	0.220
0.488	0.133	0.126	0.253
0.435	0.151	0.185	0.229
0.466	0.107	0.123	0.304
>WWHHWAATCT	11-WWHHWAATCT	6.720892	-0.000000	0	T:3112.0(16.59%),B:37657.9(43.59%),P:1e0	Tpos:100.5,Tstd:56.6,Bpos:15177.4,Bstd:20603.4,StrandBias:-0.0,Multiplicity:1.06
0.368	0.191	0.102	0.339
0.327	0.168	0.135	0.369
0.278	0.213	0.153	0.356
0.289	0.237	0.122	0.352
0.321	0.145	0.134	0.400
0.565	0.334	0.061	0.040
0.997	0.001	0.001	0.001
0.001	0.001	0.001	0.997
0.045	0.940	0.014	0.001
0.327	0.001	0.001	0.671
>AAAAAAAAAA	12-AAAAAAAAAA	5.198859	-0.000000	0	T:10412.0(55.50%),B:56591.1(65.50%),P:1e0	Tpos:97.7,Tstd:61.8,Bpos:15260.8,Bstd:20203.6,StrandBias:-0.1,Multiplicity:1.15
0.778	0.001	0.001	0.220
0.671	0.001	0.134	0.194
0.727	0.018	0.154	0.101
0.650	0.046	0.144	0.160
0.581	0.077	0.135	0.207
0.533	0.103	0.135	0.229
0.492	0.117	0.142	0.248
0.475	0.132	0.126	0.266
0.457	0.126	0.147	0.270
0.517	0.001	0.150	0.332
>ATCTKWWWWD	13-ATCTKWWWWD	5.823358	-0.000000	0	T:11042.0(58.85%),B:54010.9(62.52%),P:1e0	Tpos:98.3,Tstd:57.0,Bpos:15534.8,Bstd:20457.8,StrandBias:-0.1,Multiplicity:1.12
0.997	0.001	0.001	0.001
0.001	0.001	0.001	0.997
0.001	0.997	0.001	0.001
0.412	0.001	0.001	0.586
0.177	0.095	0.384	0.343
0.356	0.117	0.024	0.503
0.404	0.230	0.106	0.260
0.397	0.138	0.064	0.402
0.394	0.075	0.119	0.412
0.347	0.096	0.228	0.329
>WAAAAAAAAA	14-WAAAAAAAAA	5.143450	-0.000000	0	T:7761.0(41.37%),B:50978.6(59.01%),P:1e0	Tpos:97.5,Tstd:62.4,Bpos:15679.2,Bstd:20236.9,StrandBias:0.0,Multiplicity:1.00
0.419	0.131	0.137	0.313
0.443	0.125	0.158	0.274
0.466	0.137	0.168	0.228
0.498	0.133	0.158	0.211
0.543	0.104	0.155	0.198
0.608	0.093	0.140	0.159
0.660	0.064	0.130	0.146
0.706	0.063	0.102	0.129
0.618	0.070	0.136	0.176
0.614	0.001	0.134	0.251
>AAAAAAAAAA	15-AAAAAAAAAA	4.849219	-0.000000	0	T:10062.0(53.63%),B:55856.8(64.65%),P:1e0	Tpos:102.9,Tstd:60.9,Bpos:15366.8,Bstd:20538.1,StrandBias:-0.1,Multiplicity:1.03
0.586	0.059	0.053	0.302
0.544	0.071	0.141	0.244
0.558	0.085	0.138	0.219
0.548	0.098	0.149	0.205
0.542	0.104	0.152	0.202
0.566	0.101	0.138	0.195
0.571	0.108	0.140	0.181
0.609	0.100	0.085	0.206
0.559	0.100	0.152	0.189
0.577	0.033	0.141	0.249
>AAAAAAAAAA	16-AAAAAAAAAA	5.458439	-0.000000	0	T:8149.0(43.43%),B:51847.4(60.01%),P:1e0	Tpos:101.6,Tstd:63.7,Bpos:15092.1,Bstd:20449.1,StrandBias:0.0,Multiplicity:1.07
0.580	0.045	0.109	0.266
0.553	0.056	0.156	0.235
0.656	0.054	0.124	0.166
0.665	0.050	0.116	0.169
0.664	0.036	0.135	0.165
0.652	0.049	0.136	0.163
0.644	0.051	0.132	0.173
0.635	0.056	0.123	0.186
0.578	0.062	0.158	0.202
0.595	0.041	0.164	0.200
>NNNNMATCTK	17-NNNNMATCTK	6.470161	-0.000000	0	T:758.0(4.04%),B:22822.1(26.42%),P:1e0	Tpos:100.6,Tstd:54.3,Bpos:15191.4,Bstd:20273.3,StrandBias:-0.2,Multiplicity:1.00
0.298	0.211	0.185	0.306
0.278	0.201	0.189	0.331
0.319	0.238	0.174	0.270
0.313	0.200	0.196	0.292
0.388	0.344	0.133	0.135
0.975	0.001	0.001	0.023
0.001	0.001	0.001	0.997
0.019	0.969	0.006	0.006
0.414	0.001	0.001	0.584
0.206	0.045	0.412	0.337
>TTTTTTTTTT	18-TTTTTTTTTT	6.263873	-0.000000	0	T:7353.0(39.19%),B:50391.8(58.33%),P:1e0	Tpos:98.9,Tstd:63.2,Bpos:15442.0,Bstd:20126.4,StrandBias:0.0,Multiplicity:1.16
0.148	0.123	0.001	0.728
0.064	0.194	0.024	0.718
0.089	0.030	0.004	0.877
0.113	0.183	0.019	0.685
0.139	0.214	0.003	0.644
0.133	0.169	0.008	0.690
0.142	0.089	0.039	0.730
0.167	0.145	0.010	0.678
0.242	0.153	0.005	0.600
0.233	0.126	0.023	0.618
>WAAAAAAAAA	19-WAAAAAAAAA	5.232356	-0.000000	0	T:7242.0(38.60%),B:49579.6(57.39%),P:1e0	Tpos:97.7,Tstd:64.2,Bpos:14225.2,Bstd:20081.4,StrandBias:-0.1,Multiplicity:1.00
0.403	0.125	0.136	0.336
0.462	0.115	0.153	0.270
0.479	0.087	0.169	0.264
0.488	0.125	0.174	0.212
0.540	0.071	0.169	0.220
0.573	0.097	0.160	0.170
0.683	0.051	0.123	0.143
0.673	0.073	0.105	0.149
0.659	0.047	0.109	0.185
0.545	0.035	0.163	0.257
>ATCTNWTHWN	20-ATCTNWTHWN	5.698338	-0.000000	0	T:5393.0(28.74%),B:42181.5(48.82%),P:1e0	Tpos:97.6,Tstd:57.2,Bpos:15191.5,Bstd:20684.7,StrandBias:0.1,Multiplicity:1.09
0.936	0.029	0.012	0.023
0.044	0.009	0.028	0.919
0.099	0.847	0.017	0.037
0.389	0.034	0.018	0.559
0.255	0.188	0.239	0.318
0.405	0.230	0.078	0.287
0.252	0.233	0.109	0.405
0.301	0.198	0.160	0.341
0.310	0.184	0.159	0.348
0.300	0.180	0.213	0.307
>ATCWNHHWND	21-ATCWNHHWND	5.996551	-0.000000	0	T:2062.0(10.99%),B:33521.3(38.80%),P:1e0	Tpos:101.3,Tstd:63.6,Bpos:14972.3,Bstd:20267.8,StrandBias:-0.3,Multiplicity:1.00
0.994	0.001	0.001	0.004
0.004	0.001	0.001	0.994
0.001	0.831	0.079	0.089
0.500	0.001	0.001	0.498
0.232	0.195	0.280	0.292
0.305	0.227	0.102	0.366
0.303	0.225	0.122	0.350
0.274	0.172	0.168	0.385
0.286	0.237	0.217	0.261
0.331	0.181	0.189	0.300
>ATCWNHHWND	22-ATCWNHHWND	5.721491	-0.000000	0	T:2717.0(14.48%),B:35358.5(40.93%),P:1e0	Tpos:99.7,Tstd:57.4,Bpos:15280.8,Bstd:20566.9,StrandBias:0.1,Multiplicity:1.05
0.941	0.011	0.012	0.036
0.011	0.008	0.033	0.948
0.096	0.821	0.012	0.071
0.542	0.011	0.001	0.446
0.272	0.221	0.273	0.234
0.257	0.272	0.096	0.375
0.301	0.281	0.131	0.287
0.291	0.152	0.164	0.393
0.257	0.250	0.221	0.272
0.275	0.165	0.219	0.341
>TATCTATCTG	23-TATCTATCTG	10.200987	-0.000000	0	T:77.0(0.41%),B:1165.7(1.35%),P:1e0	Tpos:93.0,Tstd:63.5,Bpos:15783.2,Bstd:20023.6,StrandBias:1.6,Multiplicity:1.00
0.135	0.120	0.106	0.639
0.686	0.088	0.084	0.142
0.097	0.063	0.104	0.736
0.129	0.701	0.104	0.066
0.020	0.101	0.032	0.847
0.702	0.082	0.129	0.087
0.031	0.062	0.092	0.815
0.109	0.673	0.105	0.113
0.160	0.075	0.063	0.702
0.166	0.163	0.496	0.175
>TATCTHNNNG	24-TATCTHNNNG	7.590133	-0.000000	0	T:815.0(4.34%),B:12982.4(15.03%),P:1e0	Tpos:100.8,Tstd:48.9,Bpos:15048.4,Bstd:20673.1,StrandBias:0.1,Multiplicity:1.00
0.002	0.001	0.001	0.996
0.984	0.007	0.005	0.004
0.001	0.003	0.001	0.995
0.005	0.984	0.001	0.010
0.070	0.329	0.021	0.580
0.298	0.316	0.048	0.338
0.304	0.223	0.229	0.245
0.261	0.224	0.226	0.289
0.264	0.254	0.278	0.203
0.001	0.420	0.578	0.001
>NWWWWWMWGA	25-NWWWWWMWGA	6.456347	-0.000000	0	T:3732.0(19.89%),B:41681.3(48.24%),P:1e0	Tpos:97.3,Tstd:61.1,Bpos:15320.1,Bstd:20284.5,StrandBias:-0.0,Multiplicity:1.09
0.248	0.254	0.194	0.305
0.391	0.110	0.087	0.412
0.387	0.100	0.100	0.413
0.412	0.062	0.103	0.423
0.370	0.114	0.117	0.399
0.506	0.001	0.102	0.391
0.384	0.362	0.087	0.166
0.573	0.001	0.001	0.425
0.004	0.001	0.994	0.001
0.997	0.001	0.001	0.001
>NAGATAARVNNN	1-NAGATAARVNNN	5.861459	-3624.292156	0	T:15757.0(83.98%),B:44692.2(51.73%),P:1e-1573	Tpos:101.6,Tstd:42.6,Bpos:15344.5,Bstd:20629.5,StrandBias:-0.0,Multiplicity:1.61
0.238	0.304	0.267	0.191
0.632	0.001	0.001	0.366
0.001	0.001	0.997	0.001
0.997	0.001	0.001	0.001
0.001	0.001	0.001	0.997
0.981	0.001	0.001	0.017
0.911	0.001	0.027	0.061
0.265	0.213	0.382	0.139
0.322	0.223	0.311	0.144
0.276	0.227	0.262	0.234
0.272	0.228	0.229	0.271
0.253	0.214	0.255	0.278
>BNDNBNNTGATA	2-BNDNBNNTGATA	7.922107	-0.468916	0	T:1.0(0.01%),B:4.3(0.00%),P:1e0	Tpos:115.0,Tstd:0.0,Bpos:2171.0,Bstd:0.0,StrandBias:10.0,Multiplicity:1.00
0.152	0.326	0.294	0.228
0.245	0.295	0.236	0.224
0.284	0.001	0.342	0.373
0.239	0.272	0.223	0.266
0.158	0.279	0.316	0.247
0.188	0.323	0.279	0.209
0.234	0.288	0.214	0.264
0.418	0.001	0.001	0.580
0.001	0.001	0.997	0.001
0.997	0.001	0.001	0.001
0.001	0.001	0.001	0.997
0.997	0.001	0.001	0.001
>TATCWNNNNNDG	3-TATCWNNNNNDG	8.284330	-0.214189	0	T:2.0(0.01%),B:14.4(0.02%),P:1e0	Tpos:113.0,Tstd:0.0,Bpos:24036.0,Bstd:31265.5,StrandBias:10.0,Multiplicity:1.00
0.001	0.001	0.001	0.997
0.997	0.001	0.001	0.001
0.001	0.001	0.001	0.997
0.001	0.997	0.001	0.001
0.510	0.001	0.001	0.488
0.256	0.216	0.294	0.234
0.208	0.287	0.261	0.244
0.247	0.271	0.239	0.243
0.240	0.243	0.270	0.247
0.252	0.272	0.254	0.222
0.324	0.065	0.288	0.323
0.023	0.049	0.900	0.028
>AGATAGCAGATA	4-AGATAGCAGATA	11.730673	-0.006251	0	T:7.0(0.04%),B:74.7(0.09%),P:1e0	Tpos:125.5,Tstd:5.5,Bpos:12431.3,Bstd:20846.5,StrandBias:10.0,Multiplicity:1.00
0.704	0.043	0.114	0.139
0.125	0.112	0.643	0.120
0.668	0.120	0.104	0.108
0.129	0.119	0.133	0.619
0.693	0.047	0.126	0.134
0.127	0.123	0.606	0.144
0.140	0.602	0.140	0.118
0.770	0.014	0.051	0.165
0.108	0.096	0.692	0.104
0.682	0.108	0.097	0.113
0.112	0.112	0.127	0.649
0.664	0.106	0.116	0.114
>ATCTNHTCTNTN	5-ATCTNHTCTNTN	8.675799	-0.001581	0	T:6.0(0.03%),B:77.7(0.09%),P:1e0	Tpos:144.2,Tstd:50.9,Bpos:12544.6,Bstd:19004.2,StrandBias:1.6,Multiplicity:1.00
0.608	0.188	0.091	0.113
0.031	0.041	0.043	0.885
0.030	0.902	0.040	0.028
0.215	0.020	0.007	0.758
0.322	0.198	0.216	0.264
0.339	0.202	0.133	0.326
0.041	0.167	0.040	0.752
0.147	0.468	0.114	0.271
0.265	0.055	0.008	0.672
0.242	0.284	0.236	0.238
0.237	0.217	0.130	0.415
0.221	0.297	0.171	0.312
>RADRRVAGATAG	6-RADRRVAGATAG	9.605933	-0.000006	0	T:4.0(0.02%),B:96.9(0.11%),P:1e0	Tpos:100.0,Tstd:0.0,Bpos:23936.2,Bstd:24223.8,StrandBias:-10.0,Multiplicity:1.00
0.338	0.185	0.298	0.178
0.456	0.045	0.221	0.279
0.278	0.094	0.370	0.258
0.439	0.058	0.328	0.176
0.424	0.043	0.306	0.226
0.199	0.323	0.310	0.168
0.780	0.014	0.021	0.185
0.040	0.033	0.892	0.035
0.916	0.033	0.019	0.032
0.056	0.060	0.235	0.649
0.888	0.008	0.035	0.069
0.015	0.044	0.703	0.238
>CTTYCTATCTCT	7-CTTYCTATCTCT	9.897222	-0.000000	0	T:6.0(0.03%),B:139.0(0.16%),P:1e0	Tpos:101.7,Tstd:61.7,Bpos:16420.4,Bstd:23566.2,StrandBias:-10.0,Multiplicity:1.00
0.182	0.467	0.116	0.234
0.167	0.165	0.057	0.611
0.166	0.198	0.181	0.455
0.149	0.373	0.152	0.326
0.192	0.552	0.077	0.179
0.123	0.126	0.019	0.732
0.468	0.222	0.154	0.156
0.083	0.077	0.072	0.768
0.156	0.605	0.104	0.135
0.122	0.094	0.023	0.761
0.141	0.531	0.178	0.150
0.133	0.140	0.038	0.689
>TATCTATCTATC	8-TATCTATCTATC	5.677937	-0.000000	0	T:7040.0(37.52%),B:43114.7(49.90%),P:1e0	Tpos:100.9,Tstd:49.7,Bpos:15877.6,Bstd:20644.5,StrandBias:-0.0,Multiplicity:1.36
0.058	0.127	0.096	0.719
0.642	0.148	0.155	0.055
0.050	0.111	0.148	0.691
0.081	0.714	0.050	0.155
0.065	0.050	0.022	0.863
0.564	0.169	0.212	0.055
0.063	0.144	0.145	0.648
0.118	0.701	0.049	0.132
0.152	0.117	0.042	0.689
0.566	0.142	0.165	0.127
0.137	0.182	0.163	0.518
0.141	0.597	0.091	0.171
>TCTVTCTNTCTN	9-TCTVTCTNTCTN	8.267345	-0.000000	0	T:494.0(2.63%),B:12676.7(14.67%),P:1e0	Tpos:145.0,Tstd:0.0,Bpos:16948.6,Bstd:19928.4,StrandBias:10.0,Multiplicity:1.00
0.186	0.177	0.164	0.473
0.192	0.513	0.109	0.186
0.085	0.009	0.001	0.905
0.325	0.254	0.257	0.164
0.070	0.103	0.072	0.755
0.095	0.657	0.109	0.139
0.084	0.001	0.001	0.914
0.236	0.261	0.320	0.183
0.090	0.126	0.077	0.707
0.097	0.576	0.115	0.212
0.197	0.123	0.001	0.679
0.238	0.274	0.214	0.274
>AGATAGRARAVR	10-AGATAGRARAVR	10.711604	-0.000000	0	T:5.0(0.03%),B:161.8(0.19%),P:1e0	Tpos:95.0,Tstd:56.0,Bpos:18464.2,Bstd:22796.8,StrandBias:10.0,Multiplicity:1.00
0.969	0.001	0.001	0.029
0.001	0.002	0.996	0.001
0.997	0.001	0.001	0.001
0.001	0.001	0.327	0.671
0.997	0.001	0.001	0.001
0.049	0.103	0.526	0.322
0.370	0.191	0.332	0.107
0.755	0.001	0.243	0.001
0.429	0.001	0.434	0.136
0.479	0.001	0.309	0.211
0.300	0.206	0.347	0.147
0.392	0.181	0.251	0.177
>DWNARAANAGAT	11-DWNARAANAGAT	8.627652	-0.000000	0	T:162.0(0.86%),B:9578.5(11.09%),P:1e0	Tpos:99.7,Tstd:59.6,Bpos:14706.3,Bstd:19663.7,StrandBias:0.3,Multiplicity:1.00
0.327	0.153	0.292	0.227
0.413	0.049	0.238	0.300
0.305	0.192	0.262	0.241
0.580	0.001	0.195	0.224
0.372	0.076	0.371	0.180
0.658	0.001	0.340	0.001
0.437	0.005	0.271	0.287
0.241	0.260	0.282	0.218
0.889	0.001	0.001	0.109
0.001	0.001	0.997	0.001
0.997	0.001	0.001	0.001
0.001	0.001	0.259	0.739
>TCTVTCTNTCTN	12-TCTVTCTNTCTN	7.741056	-0.000000	0	T:898.0(4.79%),B:17729.7(20.52%),P:1e0	Tpos:108.2,Tstd:59.6,Bpos:16431.3,Bstd:20293.7,StrandBias:0.3,Multiplicity:1.00
0.173	0.181	0.172	0.474
0.233	0.487	0.102	0.177
0.084	0.071	0.005	0.840
0.374	0.283	0.233	0.110
0.066	0.086	0.064	0.784
0.104	0.661	0.095	0.140
0.078	0.020	0.001	0.901
0.281	0.278	0.294	0.147
0.088	0.158	0.072	0.682
0.107	0.547	0.117	0.229
0.214	0.149	0.016	0.621
0.265	0.270	0.228	0.238
>TCTATCTVTCTN	13-TCTATCTVTCTN	7.177734	-0.000000	0	T:1240.0(6.61%),B:20228.8(23.41%),P:1e0	Tpos:100.5,Tstd:55.1,Bpos:16324.9,Bstd:20720.3,StrandBias:0.1,Multiplicity:1.00
0.191	0.203	0.182	0.424
0.254	0.419	0.073	0.254
0.161	0.170	0.038	0.631
0.406	0.246	0.174	0.174
0.105	0.121	0.138	0.636
0.197	0.618	0.088	0.097
0.075	0.061	0.004	0.860
0.360	0.293	0.228	0.119
0.083	0.099	0.066	0.752
0.115	0.600	0.109	0.176
0.193	0.096	0.018	0.693
0.264	0.298	0.225	0.213
>AGAGAKAKAARN	14-AGAGAKAKAARN	8.432508	-0.000000	0	T:591.0(3.15%),B:14145.5(16.37%),P:1e0	Tpos:96.9,Tstd:50.8,Bpos:17275.7,Bstd:20565.8,StrandBias:0.0,Multiplicity:1.00
0.621	0.001	0.195	0.183
0.199	0.183	0.505	0.113
0.997	0.001	0.001	0.001
0.106	0.109	0.629	0.156
0.997	0.001	0.001	0.001
0.098	0.069	0.455	0.377
0.927	0.001	0.071	0.001
0.165	0.096	0.382	0.356
0.457	0.125	0.214	0.204
0.457	0.001	0.264	0.278
0.389	0.072	0.347	0.191
0.307	0.218	0.236	0.239
>NNHNMTATCTBH	15-NNHNMTATCTBH	7.319636	-0.000000	0	T:262.0(1.40%),B:7721.7(8.94%),P:1e0	Tpos:102.5,Tstd:55.4,Bpos:15340.3,Bstd:21231.4,StrandBias:-0.6,Multiplicity:1.00
0.278	0.224	0.215	0.283
0.246	0.268	0.179	0.307
0.264	0.317	0.113	0.307
0.238	0.234	0.197	0.331
0.365	0.408	0.226	0.001
0.001	0.001	0.001	0.997
0.434	0.245	0.177	0.144
0.001	0.001	0.001	0.997
0.001	0.997	0.001	0.001
0.246	0.001	0.001	0.752
0.184	0.251	0.336	0.229
0.234	0.272	0.141	0.353
>DNNDNAGAKAKV	16-DNNDNAGAKAKV	6.702871	-0.000000	0	T:585.0(3.12%),B:14788.6(17.12%),P:1e0	Tpos:106.5,Tstd:52.8,Bpos:16505.5,Bstd:20707.8,StrandBias:0.1,Multiplicity:1.03
0.340	0.001	0.331	0.328
0.278	0.190	0.265	0.266
0.287	0.184	0.286	0.244
0.350	0.171	0.235	0.244
0.220	0.283	0.228	0.270
0.592	0.001	0.001	0.406
0.001	0.001	0.997	0.001
0.997	0.001	0.001	0.001
0.099	0.203	0.313	0.386
0.757	0.001	0.001	0.241
0.183	0.001	0.462	0.355
0.353	0.229	0.256	0.162
>DDANAGATADRN	17-DDANAGATADRN	7.486485	-0.000000	0	T:46.0(0.25%),B:1224.6(1.42%),P:1e0	Tpos:82.0,Tstd:0.0,Bpos:12757.3,Bstd:19671.8,StrandBias:-10.0,Multiplicity:1.00
0.371	0.120	0.250	0.259
0.351	0.100	0.306	0.242
0.430	0.068	0.246	0.256
0.215	0.321	0.264	0.200
0.745	0.005	0.044	0.206
0.077	0.017	0.845	0.061
0.933	0.036	0.001	0.030
0.087	0.179	0.193	0.541
0.617	0.041	0.100	0.242
0.261	0.091	0.359	0.288
0.360	0.138	0.291	0.210
0.264	0.197	0.248	0.291
>DARANAGATADR	18-DARANAGATADR	8.227445	-0.000000	0	T:69.0(0.37%),B:1921.2(2.22%),P:1e0	Tpos:126.0,Tstd:0.0,Bpos:14000.9,Bstd:17320.7,StrandBias:10.0,Multiplicity:1.00
0.341	0.103	0.272	0.283
0.424	0.062	0.257	0.257
0.389	0.063	0.386	0.163
0.524	0.060	0.247	0.169
0.237	0.301	0.259	0.203
0.696	0.033	0.056	0.215
0.085	0.043	0.802	0.070
0.875	0.049	0.031	0.045
0.049	0.138	0.156	0.657
0.682	0.040	0.080	0.198
0.308	0.038	0.383	0.272
0.381	0.194	0.233	0.191
>ANDNNNNAGATA	19-ANDNNNNAGATA	8.004337	-0.000000	0	T:574.0(3.06%),B:10189.0(11.79%),P:1e0	Tpos:107.2,Tstd:49.2,Bpos:14797.0,Bstd:20247.5,StrandBias:-0.2,Multiplicity:1.00
0.505	0.265	0.096	0.134
0.261	0.217	0.284	0.238
0.391	0.001	0.324	0.283
0.249	0.215	0.282	0.253
0.345	0.212	0.226	0.217
0.278	0.219	0.242	0.261
0.282	0.224	0.253	0.241
0.605	0.001	0.001	0.393
0.001	0.001	0.997	0.001
0.997	0.001	0.001	0.001
0.001	0.001	0.001	0.997
0.997	0.001	0.001	0.001
>AGAGAGATGATA	20-AGAGAGATGATA	12.716137	-0.000000	0	T:2.0(0.01%),B:138.0(0.16%),P:1e0	Tpos:81.0,Tstd:6.0,Bpos:18103.4,Bstd:18547.9,StrandBias:0.0,Multiplicity:1.00
0.786	0.017	0.084	0.113
0.118	0.104	0.661	0.117
0.836	0.007	0.086	0.071
0.117	0.120	0.609	0.154
0.847	0.012	0.058	0.083
0.144	0.083	0.593	0.180
0.706	0.118	0.089	0.087
0.288	0.013	0.098	0.601
0.091	0.051	0.774	0.084
0.801	0.052	0.062	0.085
0.100	0.077	0.126	0.697
0.815	0.039	0.069	0.077
>TYYHTMTCTCTB	21-TYYHTMTCTCTB	7.846697	-0.000000	0	T:468.0(2.49%),B:9343.3(10.81%),P:1e0	Tpos:92.0,Tstd:62.6,Bpos:15354.0,Bstd:19334.2,StrandBias:0.2,Multiplicity:1.00
0.200	0.191	0.159	0.450
0.101	0.393	0.195	0.312
0.175	0.420	0.072	0.332
0.244	0.284	0.081	0.391
0.150	0.176	0.079	0.595
0.383	0.303	0.126	0.188
0.060	0.085	0.054	0.801
0.228	0.524	0.082	0.166
0.072	0.105	0.063	0.760
0.084	0.600	0.154	0.162
0.145	0.005	0.019	0.831
0.152	0.295	0.338	0.215
>DRDDNAGAKWDN	22-DRDDNAGAKWDN	6.852220	-0.000000	0	T:15.0(0.08%),B:511.4(0.59%),P:1e0	Tpos:55.0,Tstd:14.0,Bpos:13745.9,Bstd:18128.4,StrandBias:0.0,Multiplicity:1.00
0.328	0.001	0.339	0.332
0.418	0.170	0.412	0.001
0.365	0.001	0.330	0.304
0.368	0.001	0.336	0.295
0.209	0.292	0.260	0.239
0.626	0.001	0.001	0.372
0.001	0.001	0.997	0.001
0.997	0.001	0.001	0.001
0.170	0.179	0.298	0.353
0.448	0.017	0.179	0.357
0.308	0.001	0.382	0.309
0.283	0.232	0.257	0.229
>NCTATCTATCTN	23-NCTATCTATCTN	8.719278	-0.000000	0	T:263.0(1.40%),B:4577.8(5.30%),P:1e0	Tpos:163.0,Tstd:0.0,Bpos:15887.4,Bstd:23157.8,StrandBias:-10.0,Multiplicity:1.00
0.240	0.235	0.248	0.277
0.141	0.631	0.097	0.131
0.115	0.113	0.009	0.763
0.638	0.114	0.125	0.123
0.096	0.101	0.106	0.697
0.118	0.712	0.086	0.084
0.109	0.075	0.003	0.813
0.607	0.122	0.145	0.126
0.097	0.100	0.091	0.712
0.107	0.674	0.095	0.124
0.145	0.102	0.011	0.742
0.261	0.255	0.238	0.246
>AGAGAKAGAGAG	24-AGAGAKAGAGAG	10.204936	-0.000000	0	T:69.0(0.37%),B:5130.5(5.94%),P:1e0	Tpos:105.6,Tstd:26.1,Bpos:16664.0,Bstd:20536.5,StrandBias:-0.6,Multiplicity:1.00
0.743	0.025	0.118	0.114
0.168	0.173	0.537	0.122
0.785	0.019	0.094	0.102
0.149	0.080	0.648	0.123
0.823	0.044	0.068	0.065
0.173	0.145	0.279	0.402
0.807	0.016	0.096	0.081
0.177	0.082	0.582	0.159
0.490	0.065	0.315	0.130
0.234	0.175	0.448	0.143
0.691	0.045	0.129	0.135
0.220	0.086	0.524	0.170
>ADANAGATADDD	25-ADANAGATADDD	8.049881	0.000000	0	T:89.0(0.47%),B:2219.0(2.57%),P:1e0	Tpos:96.0,Tstd:32.0,Bpos:13324.5,Bstd:19966.8,StrandBias:0.0,Multiplicity:1.00
0.435	0.056	0.262	0.248
0.326	0.105	0.350	0.219
0.490	0.060	0.228	0.221
0.194	0.305	0.319	0.181
0.830	0.017	0.049	0.104
0.080	0.071	0.738	0.111
0.841	0.065	0.040	0.054
0.020	0.102	0.178	0.700
0.709	0.035	0.086	0.170
0.272	0.058	0.375	0.295
0.346	0.163	0.291	0.200
0.302	0.147	0.260	0.290
>CAGATAAG	1-CAGATAAG	4.634689	-3335.311103	0	T:15282.0(81.45%),B:43251.5(50.06%),P:1e-1448	Tpos:101.5,Tstd:42.4,Bpos:15406.2,Bstd:20592.2,StrandBias:-0.0,Multiplicity:1.69
0.176	0.513	0.199	0.112
0.838	0.007	0.001	0.154
0.001	0.001	0.997	0.001
0.997	0.001	0.001	0.001
0.001	0.001	0.001	0.997
0.988	0.001	0.001	0.010
0.976	0.001	0.011	0.012
0.053	0.050	0.875	0.022
>NDVAGATA	2-NDVAGATA	6.380051	-951.185560	0	T:13460.0(71.74%),B:47294.7(54.74%),P:1e-413	Tpos:100.3,Tstd:50.1,Bpos:15555.7,Bstd:20685.8,StrandBias:-0.0,Multiplicity:1.17
0.234	0.259	0.197	0.309
0.342	0.124	0.223	0.311
0.262	0.347	0.226	0.165
0.658	0.001	0.001	0.340
0.001	0.001	0.997	0.001
0.997	0.001	0.001	0.001
0.001	0.001	0.001	0.997
0.997	0.001	0.001	0.001
>GATARHNB	3-GATARHNB	5.437309	-361.151966	0	T:13275.0(70.75%),B:52243.4(60.47%),P:1e-156	Tpos:100.5,Tstd:53.7,Bpos:16394.0,Bstd:21006.0,StrandBias:0.0,Multiplicity:1.14
0.001	0.001	0.997	0.001
0.997	0.001	0.001	0.001
0.001	0.001	0.001	0.997
0.997	0.001	0.001	0.001
0.300	0.001	0.430	0.269
0.295	0.288	0.084	0.333
0.309	0.224	0.215	0.252
0.108	0.318	0.289	0.285
>DTTTATCA	4-DTTTATCA	5.510479	-179.554300	0	T:10696.0(57.01%),B:42739.1(49.47%),P:1e-77	Tpos:101.5,Tstd:49.5,Bpos:15488.2,Bstd:20772.0,StrandBias:-0.1,Multiplicity:1.19
0.215	0.152	0.281	0.352
0.209	0.089	0.150	0.552
0.061	0.072	0.008	0.859
0.005	0.001	0.019	0.975
0.997	0.001	0.001	0.001
0.001	0.001	0.003	0.995
0.018	0.980	0.001	0.001
0.887	0.028	0.055	0.030
>TCTAATCT	5-TCTAATCT	3.292298	-34.782760	0	T:7404.0(39.46%),B:31405.9(36.35%),P:1e-15	Tpos:100.7,Tstd:51.1,Bpos:15968.3,Bstd:20499.5,StrandBias:0.0,Multiplicity:1.08
0.163	0.224	0.196	0.418
0.001	0.997	0.001	0.001
0.001	0.001	0.001	0.997
0.995	0.001	0.001	0.003
0.997	0.001	0.001	0.001
0.001	0.001	0.001	0.997
0.001	0.997	0.001	0.001
0.001	0.001	0.001	0.997
>TCTKWWAW	6-TCTKWWAW	5.683285	-0.000000	0	T:5453.0(29.06%),B:43827.6(50.73%),P:1e0	Tpos:99.0,Tstd:60.7,Bpos:15285.5,Bstd:20504.0,StrandBias:-0.0,Multiplicity:1.08
0.016	0.022	0.015	0.947
0.007	0.911	0.048	0.034
0.304	0.033	0.002	0.661
0.162	0.157	0.378	0.303
0.403	0.089	0.050	0.458
0.383	0.102	0.167	0.348
0.544	0.048	0.072	0.336
0.370	0.096	0.181	0.353
>WTWTCAGA	7-WTWTCAGA	7.505617	-0.000000	0	T:919.0(4.90%),B:10095.4(11.69%),P:1e0	Tpos:196.0,Tstd:0.0,Bpos:0.0,Bstd:0.0,StrandBias:-10.0,Multiplicity:1.00
0.378	0.173	0.045	0.403
0.210	0.027	0.067	0.696
0.488	0.111	0.001	0.399
0.358	0.001	0.001	0.640
0.188	0.595	0.183	0.034
0.758	0.002	0.001	0.239
0.069	0.026	0.868	0.037
0.809	0.051	0.027	0.113
>TNWWWTWN	8-TNWWWTWN	4.937804	-0.000000	0	T:154.0(0.82%),B:10339.7(11.97%),P:1e0	Tpos:99.4,Tstd:62.2,Bpos:14911.1,Bstd:20442.2,StrandBias:0.3,Multiplicity:1.00
0.056	0.001	0.001	0.942
0.210	0.329	0.186	0.276
0.495	0.001	0.001	0.503
0.359	0.170	0.196	0.275
0.542	0.001	0.001	0.456
0.380	0.001	0.025	0.594
0.284	0.143	0.193	0.381
0.310	0.194	0.202	0.295
>TGATTWWD	9-TGATTWWD	6.182603	-0.000000	0	T:5644.0(30.08%),B:47975.6(55.53%),P:1e0	Tpos:100.3,Tstd:57.3,Bpos:15778.8,Bstd:20598.6,StrandBias:0.0,Multiplicity:1.11
0.158	0.001	0.001	0.840
0.001	0.215	0.783	0.001
0.997	0.001	0.001	0.001
0.001	0.001	0.001	0.997
0.001	0.118	0.312	0.569
0.440	0.213	0.001	0.347
0.460	0.001	0.158	0.381
0.389	0.036	0.274	0.301
>TCTGTWWD	10-TCTGTWWD	6.468951	-0.000000	0	T:631.0(3.36%),B:17717.9(20.51%),P:1e0	Tpos:98.8,Tstd:54.9,Bpos:15669.1,Bstd:20611.3,StrandBias:0.0,Multiplicity:1.01
0.026	0.001	0.001	0.972
0.001	0.997	0.001	0.001
0.301	0.001	0.001	0.697
0.113	0.209	0.435	0.243
0.385	0.065	0.001	0.549
0.345	0.133	0.116	0.405
0.455	0.001	0.088	0.456
0.331	0.065	0.327	0.276
>ATCWWWHA	11-ATCWWWHA	5.777868	-0.000000	0	T:7741.0(41.26%),B:49781.1(57.62%),P:1e0	Tpos:99.1,Tstd:59.1,Bpos:15759.0,Bstd:20657.9,StrandBias:-0.0,Multiplicity:1.12
0.968	0.022	0.009	0.001
0.001	0.033	0.001	0.965
0.015	0.983	0.001	0.001
0.465	0.197	0.001	0.337
0.326	0.250	0.001	0.423
0.333	0.165	0.180	0.322
0.336	0.202	0.173	0.289
0.592	0.001	0.039	0.368
>ATCTTTYT	12-ATCTTTYT	8.186139	-0.000000	0	T:3365.0(17.94%),B:36443.7(42.18%),P:1e0	Tpos:97.5,Tstd:56.7,Bpos:15402.5,Bstd:20589.7,StrandBias:-0.1,Multiplicity:1.08
0.997	0.001	0.001	0.001
0.001	0.001	0.001	0.997
0.001	0.997	0.001	0.001
0.001	0.001	0.001	0.997
0.382	0.001	0.001	0.616
0.001	0.001	0.001	0.997
0.001	0.447	0.001	0.551
0.283	0.202	0.076	0.439
>WWAMAGAT	13-WWAMAGAT	7.398550	-0.000000	0	T:838.0(4.47%),B:18581.2(21.51%),P:1e0	Tpos:95.6,Tstd:54.5,Bpos:15059.9,Bstd:20461.8,StrandBias:0.1,Multiplicity:1.01
0.367	0.181	0.146	0.307
0.373	0.114	0.093	0.420
0.556	0.001	0.136	0.307
0.297	0.409	0.140	0.154
0.808	0.001	0.001	0.190
0.001	0.001	0.997	0.001
0.997	0.001	0.001	0.001
0.001	0.001	0.001	0.997
>GATGWDNN	14-GATGWDNN	5.978838	-0.000000	0	T:1372.0(7.31%),B:27417.7(31.74%),P:1e0	Tpos:103.0,Tstd:57.8,Bpos:16122.4,Bstd:20413.8,StrandBias:0.0,Multiplicity:1.03
0.088	0.001	0.910	0.001
0.955	0.001	0.001	0.043
0.001	0.001	0.001	0.997
0.001	0.059	0.555	0.385
0.376	0.164	0.001	0.459
0.268	0.098	0.261	0.373
0.293	0.148	0.285	0.273
0.305	0.165	0.264	0.266
>ATCTBWWW	15-ATCTBWWW	6.492843	-0.000000	0	T:6546.0(34.89%),B:44487.7(51.49%),P:1e0	Tpos:96.3,Tstd:57.6,Bpos:15289.6,Bstd:20174.4,StrandBias:0.0,Multiplicity:1.08
0.997	0.001	0.001	0.001
0.001	0.001	0.001	0.997
0.001	0.997	0.001	0.001
0.062	0.001	0.001	0.936
0.134	0.361	0.241	0.264
0.340	0.173	0.046	0.440
0.368	0.181	0.166	0.286
0.412	0.001	0.250	0.337
>TYTTTTTA	16-TYTTTTTA	6.330880	-0.000000	0	T:3609.0(19.24%),B:40480.3(46.85%),P:1e0	Tpos:97.4,Tstd:63.9,Bpos:14854.0,Bstd:18989.4,StrandBias:-0.0,Multiplicity:1.11
0.137	0.067	0.044	0.752
0.183	0.397	0.046	0.373
0.358	0.003	0.001	0.638
0.184	0.105	0.087	0.624
0.153	0.101	0.026	0.720
0.204	0.026	0.024	0.746
0.255	0.177	0.128	0.441
0.559	0.046	0.071	0.324
>ATCWWHWN	17-ATCWWHWN	6.547023	-0.000000	0	T:3124.0(16.65%),B:36348.0(42.07%),P:1e0	Tpos:99.4,Tstd:56.0,Bpos:15885.0,Bstd:20572.5,StrandBias:-0.0,Multiplicity:1.05
0.997	0.001	0.001	0.001
0.001	0.001	0.001	0.997
0.001	0.997	0.001	0.001
0.490	0.001	0.001	0.508
0.405	0.118	0.144	0.333
0.361	0.391	0.001	0.247
0.494	0.001	0.001	0.504
0.299	0.322	0.185	0.195
>ATCWKWDN	18-ATCWKWDN	5.982541	-0.000000	0	T:8380.0(44.66%),B:49091.1(56.82%),P:1e0	Tpos:99.3,Tstd:57.4,Bpos:15455.5,Bstd:20479.7,StrandBias:-0.0,Multiplicity:1.08
0.997	0.001	0.001	0.001
0.001	0.001	0.001	0.997
0.001	0.997	0.001	0.001
0.440	0.001	0.001	0.558
0.231	0.001	0.429	0.339
0.380	0.159	0.001	0.460
0.319	0.162	0.230	0.289
0.305	0.180	0.207	0.307
>DAMATCTG	19-DAMATCTG	6.229408	-0.000000	0	T:5688.0(30.32%),B:48303.3(55.91%),P:1e0	Tpos:99.8,Tstd:55.4,Bpos:15724.3,Bstd:20235.3,StrandBias:0.0,Multiplicity:1.11
0.266	0.183	0.205	0.345
0.399	0.172	0.202	0.227
0.384	0.514	0.101	0.001
0.954	0.001	0.001	0.044
0.001	0.001	0.001	0.997
0.023	0.937	0.039	0.001
0.173	0.001	0.001	0.825
0.031	0.109	0.566	0.294
>DNWTGATA	20-DNWTGATA	6.732958	-0.000000	0	T:1237.0(6.59%),B:24334.5(28.17%),P:1e0	Tpos:99.3,Tstd:58.2,Bpos:15345.0,Bstd:20714.7,StrandBias:-0.3,Multiplicity:1.01
0.334	0.002	0.316	0.347
0.232	0.279	0.191	0.298
0.350	0.128	0.164	0.359
0.225	0.001	0.272	0.502
0.001	0.001	0.997	0.001
0.951	0.001	0.001	0.047
0.001	0.001	0.223	0.775
0.997	0.001	0.001	0.001
>HWWWNWGA	21-HWWWNWGA	5.710037	-0.000000	0	T:9774.0(52.09%),B:53118.9(61.48%),P:1e0	Tpos:98.1,Tstd:60.8,Bpos:15308.4,Bstd:20343.6,StrandBias:0.0,Multiplicity:1.14
0.317	0.301	0.001	0.381
0.448	0.001	0.001	0.550
0.349	0.050	0.181	0.421
0.524	0.001	0.001	0.474
0.291	0.286	0.189	0.233
0.479	0.001	0.001	0.519
0.001	0.001	0.997	0.001
0.997	0.001	0.001	0.001
>TATCTNTN	22-TATCTNTN	7.618501	-0.000000	0	T:3360.0(17.91%),B:30216.0(34.97%),P:1e0	Tpos:103.2,Tstd:51.8,Bpos:15526.5,Bstd:20828.5,StrandBias:-0.1,Multiplicity:1.95
0.001	0.001	0.001	0.997
0.997	0.001	0.001	0.001
0.001	0.001	0.001	0.997
0.001	0.997	0.001	0.001
0.001	0.001	0.001	0.997
0.295	0.209	0.211	0.285
0.200	0.201	0.117	0.481
0.298	0.260	0.211	0.230
>ATCATCTY	23-ATCATCTY	8.812952	-0.000000	0	T:486.0(2.59%),B:16601.7(19.22%),P:1e0	Tpos:101.5,Tstd:56.0,Bpos:15626.5,Bstd:20413.6,StrandBias:0.2,Multiplicity:1.01
0.807	0.055	0.062	0.076
0.001	0.096	0.035	0.868
0.148	0.804	0.047	0.001
0.903	0.019	0.001	0.077
0.028	0.001	0.109	0.862
0.001	0.824	0.053	0.122
0.127	0.015	0.008	0.850
0.198	0.334	0.067	0.402
>NWWHWDAT	24-NWWHWDAT	3.776779	-0.000000	0	T:8848.0(47.16%),B:50904.1(58.92%),P:1e0	Tpos:99.5,Tstd:62.5,Bpos:15194.9,Bstd:20787.0,StrandBias:-0.0,Multiplicity:1.15
0.259	0.286	0.176	0.280
0.384	0.151	0.180	0.285
0.261	0.172	0.186	0.381
0.341	0.227	0.139	0.293
0.397	0.093	0.116	0.394
0.264	0.136	0.334	0.265
0.944	0.054	0.001	0.001
0.215	0.085	0.091	0.609
>WDNATATC	25-WDNATATC	5.316587	-0.000000	0	T:6227.0(33.19%),B:46316.0(53.61%),P:1e0	Tpos:101.2,Tstd:57.2,Bpos:15694.5,Bstd:20647.3,StrandBias:0.1,Multiplicity:1.10
0.368	0.131	0.028	0.473
0.268	0.167	0.231	0.334
0.288	0.284	0.239	0.189
0.667	0.086	0.149	0.098
0.180	0.139	0.054	0.627
0.829	0.169	0.001	0.001
0.001	0.001	0.001	0.997
0.001	0.904	0.082	0.013
