>NNBSTTATCW	1-NNBSTTATCW	6.120620	-3397.069735	0	T:15314.0(81.62%),B:43156.2(49.95%),P:1e-1475	Tpos:101.5,Tstd:42.2,Bpos:15387.5,Bstd:20605.9,StrandBias:0.0,Multiplicity:1.69
0.186	0.247	0.317	0.250
0.177	0.299	0.281	0.243
0.131	0.354	0.296	0.220
0.167	0.367	0.249	0.216
0.046	0.127	0.001	0.826
0.061	0.098	0.015	0.826
0.964	0.015	0.006	0.015
0.029	0.018	0.017	0.936
0.001	0.993	0.005	0.001
0.381	0.047	0.066	0.506
>WDNDNAGATA	2-WDNDNAGATA	6.824050	-316.732014	0	T:11561.0(61.62%),B:44597.0(51.62%),P:1e-137	Tpos:102.0,Tstd:50.8,Bpos:15569.2,Bstd:20747.5,StrandBias:0.1,Multiplicity:1.27
0.389	0.134	0.211	0.266
0.363	0.138	0.223	0.276
0.295	0.192	0.267	0.245
0.252	0.143	0.288	0.317
0.286	0.216	0.271	0.228
0.997	0.001	0.001	0.001
0.001	0.001	0.989	0.009
0.997	0.001	0.001	0.001
0.001	0.001	0.001	0.997
0.997	0.001	0.001	0.001
>NNNNNHTATC	3-NNNNNHTATC	5.640133	-18.100311	0	T:10504.0(55.99%),B:46441.9(53.75%),P:1e-7	Tpos:100.1,Tstd:54.9,Bpos:16070.4,Bstd:20902.7,StrandBias:-0.0,Multiplicity:1.09
0.276	0.199	0.194	0.331
0.234	0.207	0.256	0.303
0.300	0.289	0.202	0.208
0.248	0.283	0.208	0.261
0.270	0.253	0.213	0.263
0.336	0.228	0.175	0.261
0.001	0.001	0.001	0.997
0.902	0.075	0.014	0.009
0.002	0.005	0.004	0.989
0.018	0.934	0.023	0.025
>TATCAGHNDN	4-TATCAGHNDN	6.406975	-15.878151	0	T:10242.0(54.59%),B:45370.0(52.51%),P:1e-6	Tpos:100.9,Tstd:51.0,Bpos:15877.8,Bstd:21036.2,StrandBias:-0.0,Multiplicity:1.24
0.001	0.001	0.001	0.997
0.997	0.001	0.001	0.001
0.001	0.001	0.001	0.997
0.001	0.997	0.001	0.001
0.977	0.001	0.001	0.021
0.196	0.176	0.442	0.186
0.236	0.258	0.170	0.336
0.293	0.265	0.192	0.250
0.263	0.161	0.248	0.327
0.217	0.306	0.257	0.220
>TCWDATTTTN	5-TCWDATTTTN	7.724265	-0.000000	0	T:87.0(0.46%),B:7675.9(8.88%),P:1e0	Tpos:82.4,Tstd:56.5,Bpos:15107.1,Bstd:20395.9,StrandBias:0.2,Multiplicity:1.00
0.001	0.001	0.001	0.997
0.001	0.997	0.001	0.001
0.454	0.001	0.001	0.544
0.231	0.140	0.269	0.360
0.498	0.179	0.001	0.322
0.373	0.018	0.001	0.608
0.343	0.001	0.023	0.633
0.307	0.145	0.081	0.467
0.299	0.065	0.156	0.480
0.258	0.230	0.228	0.284
>AAAAAAAAAA	6-AAAAAAAAAA	5.969490	-0.000000	0	T:3884.0(20.70%),B:42245.0(48.90%),P:1e0	Tpos:96.4,Tstd:62.9,Bpos:14985.3,Bstd:19159.9,StrandBias:0.1,Multiplicity:1.13
0.461	0.189	0.201	0.149
0.902	0.065	0.001	0.032
0.856	0.001	0.134	0.009
0.853	0.001	0.132	0.014
0.997	0.001	0.001	0.001
0.997	0.001	0.001	0.001
0.997	0.001	0.001	0.001
0.973	0.001	0.025	0.001
0.997	0.001	0.001	0.001
0.771	0.001	0.190	0.038
>AGATAKNNNN	7-AGATAKNNNN	7.496618	-0.000000	0	T:815.0(4.34%),B:14321.1(16.58%),P:1e0	Tpos:100.2,Tstd:48.8,Bpos:15366.1,Bstd:20258.1,StrandBias:-0.2,Multiplicity:1.01
0.814	0.001	0.001	0.184
0.001	0.001	0.997	0.001
0.997	0.001	0.001	0.001
0.001	0.001	0.001	0.997
0.997	0.001	0.001	0.001
0.078	0.216	0.423	0.283
0.262	0.168	0.312	0.258
0.227	0.255	0.283	0.235
0.293	0.227	0.235	0.245
0.242	0.280	0.211	0.267
>CTGATTAGAT	8-CTGATTAGAT	11.346419	-0.000000	0	T:81.0(0.43%),B:2245.6(2.60%),P:1e0	Tpos:87.6,Tstd:43.0,Bpos:18386.6,Bstd:21862.0,StrandBias:0.8,Multiplicity:1.00
0.305	0.682	0.001	0.012
0.109	0.001	0.001	0.889
0.001	0.001	0.997	0.001
0.997	0.001	0.001	0.001
0.001	0.001	0.001	0.997
0.012	0.110	0.329	0.549
0.609	0.001	0.001	0.389
0.001	0.001	0.633	0.365
0.997	0.001	0.001	0.001
0.001	0.001	0.001	0.997
>ATCATCWDWT	9-ATCATCWDWT	6.314756	-0.000000	0	T:4007.0(21.36%),B:41518.1(48.06%),P:1e0	Tpos:99.7,Tstd:55.8,Bpos:15395.0,Bstd:20612.1,StrandBias:0.0,Multiplicity:1.06
0.710	0.144	0.035	0.111
0.100	0.060	0.031	0.809
0.331	0.563	0.090	0.016
0.767	0.001	0.001	0.231
0.083	0.054	0.118	0.745
0.009	0.757	0.086	0.148
0.416	0.019	0.001	0.564
0.266	0.114	0.303	0.317
0.398	0.169	0.049	0.383
0.232	0.152	0.067	0.549
>AAAAAAAAAA	10-AAAAAAAAAA	4.521958	-0.000000	0	T:12062.0(64.29%),B:60360.4(69.87%),P:1e0	Tpos:100.8,Tstd:61.3,Bpos:15624.9,Bstd:20524.3,StrandBias:-0.0,Multiplicity:1.07
0.623	0.049	0.087	0.241
0.673	0.047	0.105	0.175
0.715	0.051	0.111	0.123
0.631	0.072	0.130	0.167
0.552	0.093	0.146	0.209
0.502	0.116	0.146	0.236
0.464	0.155	0.161	0.220
0.488	0.133	0.126	0.253
0.435	0.151	0.185	0.229
0.466	0.107	0.123	0.304
>WWHHWAATCT	11-WWHHWAATCT	6.720892	-0.000000	0	T:3112.0(16.59%),B:37657.9(43.59%),P:1e0	Tpos:100.5,Tstd:56.6,Bpos:15177.4,Bstd:20603.4,StrandBias:-0.0,Multiplicity:1.06
0.368	0.191	0.102	0.339
0.327	0.168	0.135	0.369
0.278	0.213	0.153	0.356
0.289	0.237	0.122	0.352
0.321	0.145	0.134	0.400
0.565	0.334	0.061	0.040
0.997	0.001	0.001	0.001
0.001	0.001	0.001	0.997
0.045	0.940	0.014	0.001
0.327	0.001	0.001	0.671
>AAAAAAAAAA	12-AAAAAAAAAA	5.198859	-0.000000	0	T:10412.0(55.50%),B:56591.1(65.50%),P:1e0	Tpos:97.7,Tstd:61.8,Bpos:15260.8,Bstd:20203.6,StrandBias:-0.1,Multiplicity:1.15
0.778	0.001	0.001	0.220
0.671	0.001	0.134	0.194
0.727	0.018	0.154	0.101
0.650	0.046	0.144	0.160
0.581	0.077	0.135	0.207
0.533	0.103	0.135	0.229
0.492	0.117	0.142	0.248
0.475	0.132	0.126	0.266
0.457	0.126	0.147	0.270
0.517	0.001	0.150	0.332
>ATCTKWWWWD	13-ATCTKWWWWD	5.823358	-0.000000	0	T:11042.0(58.85%),B:54010.9(62.52%),P:1e0	Tpos:98.3,Tstd:57.0,Bpos:15534.8,Bstd:20457.8,StrandBias:-0.1,Multiplicity:1.12
0.997	0.001	0.001	0.001
0.001	0.001	0.001	0.997
0.001	0.997	0.001	0.001
0.412	0.001	0.001	0.586
0.177	0.095	0.384	0.343
0.356	0.117	0.024	0.503
0.404	0.230	0.106	0.260
0.397	0.138	0.064	0.402
0.394	0.075	0.119	0.412
0.347	0.096	0.228	0.329
>WAAAAAAAAA	14-WAAAAAAAAA	5.143450	-0.000000	0	T:7761.0(41.37%),B:50978.6(59.01%),P:1e0	Tpos:97.5,Tstd:62.4,Bpos:15679.2,Bstd:20236.9,StrandBias:0.0,Multiplicity:1.00
0.419	0.131	0.137	0.313
0.443	0.125	0.158	0.274
0.466	0.137	0.168	0.228
0.498	0.133	0.158	0.211
0.543	0.104	0.155	0.198
0.608	0.093	0.140	0.159
0.660	0.064	0.130	0.146
0.706	0.063	0.102	0.129
0.618	0.070	0.136	0.176
0.614	0.001	0.134	0.251
>AAAAAAAAAA	15-AAAAAAAAAA	4.849219	-0.000000	0	T:10062.0(53.63%),B:55856.8(64.65%),P:1e0	Tpos:102.9,Tstd:60.9,Bpos:15366.8,Bstd:20538.1,StrandBias:-0.1,Multiplicity:1.03
0.586	0.059	0.053	0.302
0.544	0.071	0.141	0.244
0.558	0.085	0.138	0.219
0.548	0.098	0.149	0.205
0.542	0.104	0.152	0.202
0.566	0.101	0.138	0.195
0.571	0.108	0.140	0.181
0.609	0.100	0.085	0.206
0.559	0.100	0.152	0.189
0.577	0.033	0.141	0.249
>AAAAAAAAAA	16-AAAAAAAAAA	5.458439	-0.000000	0	T:8149.0(43.43%),B:51847.4(60.01%),P:1e0	Tpos:101.6,Tstd:63.7,Bpos:15092.1,Bstd:20449.1,StrandBias:0.0,Multiplicity:1.07
0.580	0.045	0.109	0.266
0.553	0.056	0.156	0.235
0.656	0.054	0.124	0.166
0.665	0.050	0.116	0.169
0.664	0.036	0.135	0.165
0.652	0.049	0.136	0.163
0.644	0.051	0.132	0.173
0.635	0.056	0.123	0.186
0.578	0.062	0.158	0.202
0.595	0.041	0.164	0.200
>NNNNMATCTK	17-NNNNMATCTK	6.470161	-0.000000	0	T:758.0(4.04%),B:22822.1(26.42%),P:1e0	Tpos:100.6,Tstd:54.3,Bpos:15191.4,Bstd:20273.3,StrandBias:-0.2,Multiplicity:1.00
0.298	0.211	0.185	0.306
0.278	0.201	0.189	0.331
0.319	0.238	0.174	0.270
0.313	0.200	0.196	0.292
0.388	0.344	0.133	0.135
0.975	0.001	0.001	0.023
0.001	0.001	0.001	0.997
0.019	0.969	0.006	0.006
0.414	0.001	0.001	0.584
0.206	0.045	0.412	0.337
>TTTTTTTTTT	18-TTTTTTTTTT	6.263873	-0.000000	0	T:7353.0(39.19%),B:50391.8(58.33%),P:1e0	Tpos:98.9,Tstd:63.2,Bpos:15442.0,Bstd:20126.4,StrandBias:0.0,Multiplicity:1.16
0.148	0.123	0.001	0.728
0.064	0.194	0.024	0.718
0.089	0.030	0.004	0.877
0.113	0.183	0.019	0.685
0.139	0.214	0.003	0.644
0.133	0.169	0.008	0.690
0.142	0.089	0.039	0.730
0.167	0.145	0.010	0.678
0.242	0.153	0.005	0.600
0.233	0.126	0.023	0.618
>WAAAAAAAAA	19-WAAAAAAAAA	5.232356	-0.000000	0	T:7242.0(38.60%),B:49579.6(57.39%),P:1e0	Tpos:97.7,Tstd:64.2,Bpos:14225.2,Bstd:20081.4,StrandBias:-0.1,Multiplicity:1.00
0.403	0.125	0.136	0.336
0.462	0.115	0.153	0.270
0.479	0.087	0.169	0.264
0.488	0.125	0.174	0.212
0.540	0.071	0.169	0.220
0.573	0.097	0.160	0.170
0.683	0.051	0.123	0.143
0.673	0.073	0.105	0.149
0.659	0.047	0.109	0.185
0.545	0.035	0.163	0.257
>ATCTNWTHWN	20-ATCTNWTHWN	5.698338	-0.000000	0	T:5393.0(28.74%),B:42181.5(48.82%),P:1e0	Tpos:97.6,Tstd:57.2,Bpos:15191.5,Bstd:20684.7,StrandBias:0.1,Multiplicity:1.09
0.936	0.029	0.012	0.023
0.044	0.009	0.028	0.919
0.099	0.847	0.017	0.037
0.389	0.034	0.018	0.559
0.255	0.188	0.239	0.318
0.405	0.230	0.078	0.287
0.252	0.233	0.109	0.405
0.301	0.198	0.160	0.341
0.310	0.184	0.159	0.348
0.300	0.180	0.213	0.307
>ATCWNHHWND	21-ATCWNHHWND	5.996551	-0.000000	0	T:2062.0(10.99%),B:33521.3(38.80%),P:1e0	Tpos:101.3,Tstd:63.6,Bpos:14972.3,Bstd:20267.8,StrandBias:-0.3,Multiplicity:1.00
0.994	0.001	0.001	0.004
0.004	0.001	0.001	0.994
0.001	0.831	0.079	0.089
0.500	0.001	0.001	0.498
0.232	0.195	0.280	0.292
0.305	0.227	0.102	0.366
0.303	0.225	0.122	0.350
0.274	0.172	0.168	0.385
0.286	0.237	0.217	0.261
0.331	0.181	0.189	0.300
>ATCWNHHWND	22-ATCWNHHWND	5.721491	-0.000000	0	T:2717.0(14.48%),B:35358.5(40.93%),P:1e0	Tpos:99.7,Tstd:57.4,Bpos:15280.8,Bstd:20566.9,StrandBias:0.1,Multiplicity:1.05
0.941	0.011	0.012	0.036
0.011	0.008	0.033	0.948
0.096	0.821	0.012	0.071
0.542	0.011	0.001	0.446
0.272	0.221	0.273	0.234
0.257	0.272	0.096	0.375
0.301	0.281	0.131	0.287
0.291	0.152	0.164	0.393
0.257	0.250	0.221	0.272
0.275	0.165	0.219	0.341
>TATCTATCTG	23-TATCTATCTG	10.200987	-0.000000	0	T:77.0(0.41%),B:1165.7(1.35%),P:1e0	Tpos:93.0,Tstd:63.5,Bpos:15783.2,Bstd:20023.6,StrandBias:1.6,Multiplicity:1.00
0.135	0.120	0.106	0.639
0.686	0.088	0.084	0.142
0.097	0.063	0.104	0.736
0.129	0.701	0.104	0.066
0.020	0.101	0.032	0.847
0.702	0.082	0.129	0.087
0.031	0.062	0.092	0.815
0.109	0.673	0.105	0.113
0.160	0.075	0.063	0.702
0.166	0.163	0.496	0.175
>TATCTHNNNG	24-TATCTHNNNG	7.590133	-0.000000	0	T:815.0(4.34%),B:12982.4(15.03%),P:1e0	Tpos:100.8,Tstd:48.9,Bpos:15048.4,Bstd:20673.1,StrandBias:0.1,Multiplicity:1.00
0.002	0.001	0.001	0.996
0.984	0.007	0.005	0.004
0.001	0.003	0.001	0.995
0.005	0.984	0.001	0.010
0.070	0.329	0.021	0.580
0.298	0.316	0.048	0.338
0.304	0.223	0.229	0.245
0.261	0.224	0.226	0.289
0.264	0.254	0.278	0.203
0.001	0.420	0.578	0.001
>NWWWWWMWGA	25-NWWWWWMWGA	6.456347	-0.000000	0	T:3732.0(19.89%),B:41681.3(48.24%),P:1e0	Tpos:97.3,Tstd:61.1,Bpos:15320.1,Bstd:20284.5,StrandBias:-0.0,Multiplicity:1.09
0.248	0.254	0.194	0.305
0.391	0.110	0.087	0.412
0.387	0.100	0.100	0.413
0.412	0.062	0.103	0.423
0.370	0.114	0.117	0.399
0.506	0.001	0.102	0.391
0.384	0.362	0.087	0.166
0.573	0.001	0.001	0.425
0.004	0.001	0.994	0.001
0.997	0.001	0.001	0.001
