# universalmotif version 1.16.0

---
name: motif9.motif_bio_25
family: Trihelix
alphabet: DNA
type: PPM
icscore: 9.6099999999999994315658
nsites: 1462.0
pseudocount: 0.3333333333333333148296
bkg:
  A: 0.2856602519965287800829
  C: 0.2138880414880616198658
  G: 0.2141303788709418287617
  T: 0.2863213276444677712895
  AA: 0.0921065956232380300683
  AC: 0.0505694230625429938519
  AG: 0.0717884491420850007204
  AT: 0.0712014850579675145914
  CA: 0.073603320599594207474
  CC: 0.0568245042557005211603
  CG: 0.0115561369746991059876
  CT: 0.0718952565151840111701
  GA: 0.0600080170254320421908
  GC: 0.0464661632476187774765
  GG: 0.0569482048930810558218
  GT: 0.0507033532443075182772
  TA: 0.0599547584993621110461
  TC: 0.0600278886412003304107
  TG: 0.0738151831734152746867
  TT: 0.0925312600445715033315
bkgsites: 34213.8000000000029103830457
consensus: ATMAGKSMANWT
strand: +-
pval: 1.0
extrainfo:
  logodds.threshold: '5.898514'
motif:
- 8.930e-01 3.500e-02 3.800e-02 3.400e-02
- 1.340e-01 2.500e-02 1.470e-01 6.940e-01
- 5.000e-01 4.350e-01 3.400e-02 3.100e-02
- 8.320e-01 1.000e-03 1.200e-01 4.700e-02
- 7.600e-02 1.200e-02 8.780e-01 3.400e-02
- 5.100e-02 2.500e-02 6.650e-01 2.590e-01
- 1.700e-02 2.850e-01 5.310e-01 1.670e-01
- 5.740e-01 3.110e-01 7.300e-02 4.200e-02
- 7.060e-01 1.900e-02 2.380e-01 3.700e-02
- 2.500e-02 2.340e-01 4.640e-01 2.770e-01
- 3.780e-01 2.010e-01 3.300e-02 3.880e-01
- 7.000e-02 1.500e-02 8.100e-02 8.340e-01

