# universalmotif version 1.16.0

---
name: motif5.motif_bio_100
family: BBRBPC
alphabet: DNA
type: PPM
icscore: 5.2099999999999999644729
nsites: 1240.0
pseudocount: 0.3333333333333333148296
bkg:
  A: 0.2856602519965287800829
  C: 0.2138880414880616198658
  G: 0.2141303788709418287617
  T: 0.2863213276444677712895
  AA: 0.0921065956232380300683
  AC: 0.0505694230625429938519
  AG: 0.0717884491420850007204
  AT: 0.0712014850579675145914
  CA: 0.073603320599594207474
  CC: 0.0568245042557005211603
  CG: 0.0115561369746991059876
  CT: 0.0718952565151840111701
  GA: 0.0600080170254320421908
  GC: 0.0464661632476187774765
  GG: 0.0569482048930810558218
  GT: 0.0507033532443075182772
  TA: 0.0599547584993621110461
  TC: 0.0600278886412003304107
  TG: 0.0738151831734152746867
  TT: 0.0925312600445715033315
bkgsites: 20228.7999999999992724042386
consensus: NHTNTCTNTCTN
strand: +-
pval: 1.0
extrainfo:
  logodds.threshold: '7.177734'
motif:
- 1.910e-01 2.030e-01 1.820e-01 4.240e-01
- 2.540e-01 4.190e-01 7.300e-02 2.540e-01
- 1.610e-01 1.700e-01 3.800e-02 6.310e-01
- 4.060e-01 2.460e-01 1.740e-01 1.740e-01
- 1.050e-01 1.210e-01 1.380e-01 6.360e-01
- 1.970e-01 6.180e-01 8.800e-02 9.700e-02
- 7.500e-02 6.100e-02 4.000e-03 8.600e-01
- 3.600e-01 2.930e-01 2.280e-01 1.190e-01
- 8.300e-02 9.900e-02 6.600e-02 7.520e-01
- 1.150e-01 6.000e-01 1.090e-01 1.760e-01
- 1.930e-01 9.600e-02 1.800e-02 6.930e-01
- 2.640e-01 2.980e-01 2.250e-01 2.130e-01

