# universalmotif version 1.16.0

---
name: motif11.motif_bio_25
family: RRM
alphabet: DNA
type: PPM
icscore: 6.9000000000000003552714
nsites: 1520.0
pseudocount: 0.3333333333333333148296
bkg:
  A: 0.2856602519965287800829
  C: 0.2138880414880616198658
  G: 0.2141303788709418287617
  T: 0.2863213276444677712895
  AA: 0.0921065956232380300683
  AC: 0.0505694230625429938519
  AG: 0.0717884491420850007204
  AT: 0.0712014850579675145914
  CA: 0.073603320599594207474
  CC: 0.0568245042557005211603
  CG: 0.0115561369746991059876
  CT: 0.0718952565151840111701
  GA: 0.0600080170254320421908
  GC: 0.0464661632476187774765
  GG: 0.0569482048930810558218
  GT: 0.0507033532443075182772
  TA: 0.0599547584993621110461
  TC: 0.0600278886412003304107
  TG: 0.0738151831734152746867
  TT: 0.0925312600445715033315
bkgsites: 33464.0999999999985448084772
consensus: ATCTATCTATCT
strand: +-
pval: 1.0
extrainfo:
  logodds.threshold: '6.227828'
motif:
- 6.190e-01 1.350e-01 1.130e-01 1.330e-01
- 1.270e-01 1.230e-01 1.430e-01 6.070e-01
- 1.300e-01 6.810e-01 1.010e-01 8.800e-02
- 1.360e-01 1.120e-01 1.000e-03 7.510e-01
- 5.750e-01 1.570e-01 1.390e-01 1.290e-01
- 7.600e-02 1.270e-01 1.280e-01 6.690e-01
- 1.170e-01 6.580e-01 9.200e-02 1.330e-01
- 1.340e-01 1.070e-01 1.900e-02 7.400e-01
- 5.810e-01 1.450e-01 1.390e-01 1.350e-01
- 1.110e-01 1.100e-01 9.000e-02 6.890e-01
- 1.020e-01 6.780e-01 9.900e-02 1.210e-01
- 1.610e-01 1.220e-01 2.800e-02 6.890e-01

