# universalmotif version 1.16.0

---
name: motif10.motif_bio_25
alphabet: DNA
type: PPM
icscore: 9.9199999999999999289457
nsites: 3.0
pseudocount: 0.3333333333333333148296
bkg:
  A: 0.2856602519965287800829
  C: 0.2138880414880616198658
  G: 0.2141303788709418287617
  T: 0.2863213276444677712895
  AA: 0.0921065956232380300683
  AC: 0.0505694230625429938519
  AG: 0.0717884491420850007204
  AT: 0.0712014850579675145914
  CA: 0.073603320599594207474
  CC: 0.0568245042557005211603
  CG: 0.0115561369746991059876
  CT: 0.0718952565151840111701
  GA: 0.0600080170254320421908
  GC: 0.0464661632476187774765
  GG: 0.0569482048930810558218
  GT: 0.0507033532443075182772
  TA: 0.0599547584993621110461
  TC: 0.0600278886412003304107
  TG: 0.0738151831734152746867
  TT: 0.0925312600445715033315
bkgsites: 152.6999999999999886313162
consensus: NCTCTGTGGTTN
strand: +-
pval: 1.0
extrainfo:
  logodds.threshold: '9.804539'
motif:
- 2.270e-01 2.200e-01 2.150e-01 3.380e-01
- 1.430e-01 5.760e-01 1.260e-01 1.550e-01
- 1.330e-01 1.320e-01 7.000e-02 6.650e-01
- 1.020e-01 6.010e-01 1.570e-01 1.400e-01
- 1.340e-01 6.300e-02 5.900e-02 7.440e-01
- 8.900e-02 1.370e-01 6.380e-01 1.360e-01
- 1.220e-01 7.500e-02 1.080e-01 6.950e-01
- 1.290e-01 8.100e-02 6.310e-01 1.590e-01
- 1.360e-01 1.580e-01 5.350e-01 1.710e-01
- 1.170e-01 1.400e-01 1.150e-01 6.280e-01
- 1.240e-01 1.150e-01 1.230e-01 6.380e-01
- 2.430e-01 2.150e-01 2.310e-01 3.110e-01

