# universalmotif version 1.16.0

---
name: motif2.motif_bio_raw
alphabet: DNA
type: PPM
icscore: 7.2900000000000000355271
nsites: 59.0
pseudocount: 0.3333333333333333148296
bkg:
  A: 0.2856602519965287800829
  C: 0.2138880414880616198658
  G: 0.2141303788709418287617
  T: 0.2863213276444677712895
  AA: 0.0921065956232380300683
  AC: 0.0505694230625429938519
  AG: 0.0717884491420850007204
  AT: 0.0712014850579675145914
  CA: 0.073603320599594207474
  CC: 0.0568245042557005211603
  CG: 0.0115561369746991059876
  CT: 0.0718952565151840111701
  GA: 0.0600080170254320421908
  GC: 0.0464661632476187774765
  GG: 0.0569482048930810558218
  GT: 0.0507033532443075182772
  TA: 0.0599547584993621110461
  TC: 0.0600278886412003304107
  TG: 0.0738151831734152746867
  TT: 0.0925312600445715033315
bkgsites: 319.1000000000000227373675
consensus: AGATTAGANAGA
strand: +-
pval: 1.0
extrainfo:
  logodds.threshold: '10.694054'
motif:
- 7.370e-01 5.100e-02 9.000e-02 1.220e-01
- 1.880e-01 7.200e-02 5.750e-01 1.650e-01
- 7.650e-01 5.200e-02 9.500e-02 8.800e-02
- 2.110e-01 6.600e-02 1.340e-01 5.890e-01
- 2.160e-01 1.210e-01 1.540e-01 5.090e-01
- 7.560e-01 4.000e-02 8.800e-02 1.160e-01
- 1.850e-01 8.100e-02 5.800e-01 1.540e-01
- 7.870e-01 6.800e-02 7.200e-02 7.300e-02
- 1.820e-01 4.340e-01 1.780e-01 2.060e-01
- 8.340e-01 3.100e-02 4.300e-02 9.200e-02
- 1.280e-01 8.300e-02 6.660e-01 1.230e-01
- 7.660e-01 7.400e-02 7.200e-02 8.800e-02

