>TTTTTTTTTTTT	5-TTTTTTTTTTTT	4.171348	-1594.541037	0	T:17210.0(81.12%),B:31998.9(60.15%),P:1e-692
0.062	0.095	0.044	0.799
0.001	0.152	0.060	0.787
0.063	0.106	0.001	0.830
0.057	0.001	0.001	0.941
0.001	0.071	0.021	0.907
0.043	0.177	0.029	0.751
0.074	0.001	0.086	0.839
0.060	0.173	0.052	0.715
0.056	0.130	0.028	0.786
0.001	0.001	0.117	0.881
0.048	0.159	0.056	0.737
0.100	0.207	0.001	0.692
