>TTTTAWWATTTT	4-TTTTAWWATTTT,BestGuess:SeqBias: A/T bias(0.810)	4.253265	-1672.623630	0	T:17940.0(84.56%),B:33999.1(63.91%),P:1e-726
0.302	0.050	0.062	0.586
0.267	0.057	0.059	0.617
0.282	0.057	0.086	0.575
0.315	0.082	0.119	0.484
0.508	0.077	0.121	0.294
0.472	0.062	0.087	0.379
0.458	0.056	0.059	0.427
0.531	0.038	0.068	0.363
0.346	0.035	0.059	0.560
0.289	0.049	0.061	0.601
0.239	0.041	0.081	0.639
0.255	0.047	0.096	0.602
