>AAAACACTAACC	24-AAAACACTAACC	-1.848874	-1.342407	0	T:21215.0(100.00%),B:53197.4(99.99%),P:1e0
0.621	0.104	0.133	0.142
0.693	0.135	0.083	0.089
0.651	0.130	0.107	0.112
0.540	0.163	0.141	0.156
0.083	0.761	0.065	0.091
0.559	0.167	0.099	0.175
0.073	0.713	0.120	0.094
0.078	0.076	0.094	0.752
0.645	0.120	0.113	0.122
0.648	0.128	0.141	0.083
0.163	0.647	0.096	0.094
0.049	0.774	0.130	0.047
