>AACCAAACCAAA	1-TTTGGTTTGGTT	3.051420	-1885.707661	0	T:20895.0(98.49%),B:45204.3(84.97%),P:1e-818
0.716	0.087	0.093	0.104
0.507	0.221	0.063	0.209
0.177	0.525	0.146	0.152
0.246	0.528	0.141	0.085
0.691	0.153	0.091	0.065
0.837	0.075	0.050	0.038
0.631	0.151	0.074	0.144
0.143	0.519	0.095	0.243
0.170	0.632	0.088	0.110
0.537	0.266	0.126	0.071
0.757	0.060	0.081	0.102
0.644	0.110	0.089	0.157
