>WSABWSASACAY	6-RTGTSTSWVTSW	2.549468	-1478.469855	0	T:21108.0(99.50%),B:47855.7(89.95%),P:1e-642
0.504	0.019	0.067	0.410
0.158	0.381	0.233	0.229
0.552	0.001	0.061	0.386
0.079	0.378	0.231	0.311
0.408	0.052	0.155	0.385
0.001	0.425	0.370	0.205
0.634	0.001	0.043	0.322
0.047	0.433	0.298	0.222
0.519	0.033	0.165	0.283
0.020	0.507	0.191	0.282
0.559	0.001	0.201	0.239
0.105	0.368	0.016	0.511
