>CTCTCTCTCTCT	8-AGAGAGAGAGAG	4.086687	-956.461760	0	T:14311.0(67.46%),B:26597.6(49.99%),P:1e-415
0.121	0.594	0.094	0.191
0.124	0.106	0.013	0.757
0.095	0.667	0.077	0.161
0.111	0.076	0.014	0.799
0.075	0.761	0.032	0.132
0.101	0.023	0.011	0.865
0.029	0.819	0.021	0.131
0.112	0.043	0.011	0.834
0.056	0.724	0.051	0.169
0.100	0.081	0.013	0.806
0.098	0.686	0.058	0.158
0.119	0.128	0.059	0.694
