# universalmotif version 1.16.0

---
name: motif6.motif_ja_50
alphabet: DNA
type: PPM
icscore: 12.869999999999999218403
nsites: 42.0
pseudocount: 0.3333333333333333148296
bkg:
  A: 0.3246883316991175383315
  C: 0.175335107624784047875
  G: 0.1754490358126721827325
  T: 0.324527524863426231061
  AA: 0.119177630958273716999
  AC: 0.0520059399098086738711
  AG: 0.0580365310648853216513
  AT: 0.095696794620925215713
  CA: 0.0629853294290914633713
  CC: 0.0314809775223847260195
  CG: 0.0224865332098840402242
  CT: 0.0580253601743860522588
  GA: 0.0628000240690447381064
  GC: 0.0287694550680030296241
  GG: 0.0317464504495438559761
  GT: 0.0518798684313169083948
  TA: 0.0799398311430721680848
  TC: 0.0628390752492774817828
  TG: 0.0628948358287444303505
  TT: 0.1192353628713581775722
bkgsites: 30.3000000000000007105427
consensus: TAACTCAGCCGT
strand: +-
pval: 1.0000000000000000209226e-08
extrainfo:
  logodds.threshold: '10.206126'
motif:
- 6.300e-02 5.900e-02 5.800e-02 8.200e-01
- 9.260e-01 1.500e-02 1.500e-02 4.400e-02
- 8.340e-01 1.500e-02 8.800e-02 6.300e-02
- 1.110e-01 7.400e-01 1.050e-01 4.400e-02
- 9.000e-02 2.900e-02 5.200e-02 8.290e-01
- 5.900e-02 8.820e-01 1.500e-02 4.400e-02
- 9.240e-01 5.200e-02 1.500e-02 9.000e-03
- 5.200e-02 1.000e-03 9.090e-01 3.800e-02
- 8.700e-02 7.240e-01 2.900e-02 1.600e-01
- 2.900e-02 8.740e-01 1.500e-02 8.200e-02
- 1.130e-01 6.100e-02 7.680e-01 5.800e-02
- 8.100e-02 9.600e-02 4.400e-02 7.790e-01

