>CTTATCTG	1-CTTATCTG	4.582290	-2398.974191	0	T:16341.0(75.82%),B:44087.8(50.31%),P:1e-1041	Tpos:101.0,Tstd:41.5,Bpos:15402.3,Bstd:20484.0,StrandBias:-0.0,Multiplicity:1.71
0.020	0.873	0.051	0.056
0.010	0.013	0.001	0.976
0.010	0.001	0.001	0.988
0.997	0.001	0.001	0.001
0.001	0.001	0.001	0.997
0.001	0.997	0.001	0.001
0.153	0.001	0.007	0.839
0.112	0.201	0.510	0.177
>TATCATCT	2-TATCATCT	4.345134	-548.748512	0	T:20400.0(94.66%),B:76511.4(87.31%),P:1e-238	Tpos:100.2,Tstd:56.7,Bpos:15550.5,Bstd:20322.6,StrandBias:-0.0,Multiplicity:2.14
0.100	0.100	0.100	0.700
0.700	0.100	0.100	0.100
0.100	0.100	0.100	0.700
0.100	0.700	0.100	0.100
0.700	0.100	0.100	0.100
0.100	0.100	0.100	0.700
0.100	0.700	0.100	0.100
0.100	0.100	0.100	0.700
>TATCTNMW	3-TATCTNMW	6.111669	-116.013183	0	T:12304.0(57.09%),B:45047.6(51.41%),P:1e-50	Tpos:100.6,Tstd:50.4,Bpos:15654.3,Bstd:20592.1,StrandBias:0.0,Multiplicity:1.19
0.001	0.001	0.001	0.997
0.997	0.001	0.001	0.001
0.001	0.001	0.001	0.997
0.001	0.997	0.001	0.001
0.001	0.001	0.001	0.997
0.199	0.224	0.235	0.342
0.418	0.327	0.254	0.001
0.342	0.104	0.084	0.470
>WAAAARAD	4-WAAAARAD	3.444347	-13.282954	0	T:17611.0(81.72%),B:70389.0(80.33%),P:1e-5	Tpos:98.9,Tstd:60.1,Bpos:15598.3,Bstd:20526.7,StrandBias:-0.0,Multiplicity:1.14
0.410	0.124	0.173	0.292
0.451	0.144	0.179	0.227
0.488	0.066	0.163	0.283
0.431	0.179	0.232	0.158
0.688	0.020	0.028	0.264
0.422	0.148	0.277	0.152
0.596	0.066	0.114	0.224
0.308	0.100	0.252	0.340
>TTTTTTTT	5-TTTTTTTT	3.643079	-0.011113	0	T:16103.0(74.72%),B:66132.6(75.47%),P:1e0	Tpos:100.2,Tstd:60.9,Bpos:15553.8,Bstd:20380.2,StrandBias:-0.0,Multiplicity:1.14
0.277	0.185	0.069	0.469
0.242	0.152	0.076	0.530
0.204	0.206	0.113	0.477
0.205	0.109	0.077	0.609
0.135	0.225	0.150	0.490
0.216	0.166	0.084	0.534
0.219	0.222	0.105	0.454
0.307	0.139	0.062	0.492
>AGAAATAT	6-AGAAATAT	6.275889	-0.000000	0	T:6325.0(29.35%),B:46990.8(53.62%),P:1e0	Tpos:100.6,Tstd:60.9,Bpos:15409.2,Bstd:20466.5,StrandBias:0.0,Multiplicity:1.14
0.720	0.001	0.001	0.278
0.243	0.001	0.755	0.001
0.997	0.001	0.001	0.001
0.680	0.318	0.001	0.001
0.997	0.001	0.001	0.001
0.001	0.001	0.001	0.997
0.997	0.001	0.001	0.001
0.347	0.001	0.123	0.529
>WNANAGAT	7-WNANAGAT	6.792013	-0.000000	0	T:3343.0(15.51%),B:35562.1(40.58%),P:1e0	Tpos:98.6,Tstd:56.7,Bpos:15247.6,Bstd:20364.5,StrandBias:-0.1,Multiplicity:1.05
0.403	0.104	0.163	0.329
0.299	0.151	0.277	0.273
0.454	0.108	0.266	0.172
0.308	0.279	0.169	0.243
0.997	0.001	0.001	0.001
0.001	0.001	0.997	0.001
0.997	0.001	0.001	0.001
0.001	0.001	0.001	0.997
>AWAAAAAA	8-AWAAAAAA	6.036797	-0.000000	0	T:3692.0(17.13%),B:40016.0(45.67%),P:1e0	Tpos:100.1,Tstd:64.5,Bpos:14566.5,Bstd:18659.6,StrandBias:0.1,Multiplicity:1.07
0.488	0.001	0.191	0.319
0.439	0.026	0.245	0.290
0.519	0.031	0.209	0.241
0.703	0.001	0.001	0.295
0.693	0.001	0.001	0.305
0.737	0.001	0.261	0.001
0.586	0.039	0.001	0.374
0.449	0.001	0.273	0.277
>HNNHTATC	9-HNNHTATC	6.483439	-0.000000	0	T:2590.0(12.02%),B:24980.5(28.51%),P:1e0	Tpos:98.9,Tstd:51.3,Bpos:16119.6,Bstd:20625.6,StrandBias:0.1,Multiplicity:1.03
0.235	0.225	0.172	0.368
0.208	0.302	0.214	0.276
0.259	0.199	0.204	0.339
0.264	0.289	0.096	0.351
0.001	0.001	0.001	0.997
0.997	0.001	0.001	0.001
0.001	0.001	0.001	0.997
0.001	0.997	0.001	0.001
>TGATATTK	10-TGATATTK	1.892703	-0.000000	0	T:10546.0(48.94%),B:45476.4(51.90%),P:1e0	Tpos:100.6,Tstd:51.1,Bpos:15844.4,Bstd:20498.1,StrandBias:0.0,Multiplicity:1.06
0.001	0.001	0.001	0.997
0.001	0.001	0.997	0.001
0.997	0.001	0.001	0.001
0.001	0.001	0.001	0.997
0.997	0.001	0.001	0.001
0.247	0.001	0.288	0.464
0.305	0.001	0.230	0.464
0.139	0.001	0.447	0.413
>TCTTCTCT	11-TCTTCTCT	6.810600	-0.000000	0	T:4586.0(21.28%),B:45053.3(51.41%),P:1e0	Tpos:100.5,Tstd:60.3,Bpos:15902.9,Bstd:20225.0,StrandBias:-0.0,Multiplicity:1.07
0.077	0.081	0.051	0.791
0.077	0.591	0.092	0.240
0.067	0.087	0.033	0.813
0.050	0.035	0.076	0.839
0.020	0.732	0.067	0.181
0.061	0.057	0.015	0.867
0.093	0.574	0.120	0.213
0.139	0.049	0.021	0.791
>TTTTTTTT	12-TTTTTTTT	4.789036	-0.000000	0	T:11651.0(54.06%),B:57197.2(65.27%),P:1e0	Tpos:101.2,Tstd:61.4,Bpos:15354.1,Bstd:19728.6,StrandBias:0.0,Multiplicity:1.13
0.277	0.186	0.060	0.477
0.243	0.137	0.086	0.534
0.216	0.204	0.079	0.501
0.191	0.093	0.001	0.715
0.124	0.208	0.064	0.604
0.179	0.130	0.001	0.690
0.184	0.239	0.058	0.519
0.286	0.114	0.001	0.599
>TTTCTTAT	13-TTTCTTAT	6.230361	-0.000000	0	T:8318.0(38.60%),B:47931.7(54.70%),P:1e0	Tpos:97.9,Tstd:60.3,Bpos:15485.3,Bstd:20360.2,StrandBias:-0.0,Multiplicity:1.09
0.139	0.171	0.065	0.625
0.032	0.020	0.088	0.860
0.070	0.089	0.075	0.766
0.084	0.669	0.103	0.144
0.118	0.059	0.001	0.822
0.080	0.119	0.113	0.688
0.684	0.159	0.037	0.120
0.084	0.075	0.045	0.796
>MTNTWTMW	14-MTNTWTMW	5.167166	-0.000000	0	T:4327.0(20.08%),B:42045.2(47.98%),P:1e0	Tpos:102.2,Tstd:61.4,Bpos:14938.9,Bstd:20325.1,StrandBias:-0.1,Multiplicity:1.11
0.472	0.496	0.017	0.015
0.001	0.001	0.001	0.997
0.247	0.183	0.276	0.294
0.395	0.001	0.059	0.545
0.386	0.001	0.210	0.403
0.388	0.001	0.050	0.561
0.404	0.261	0.106	0.230
0.414	0.173	0.001	0.411
>TCTKWNHW	15-TCTKWNHW	5.581063	-0.000000	0	T:9674.0(44.89%),B:52820.9(60.28%),P:1e0	Tpos:101.8,Tstd:58.9,Bpos:16047.6,Bstd:20431.0,StrandBias:-0.1,Multiplicity:1.09
0.001	0.001	0.001	0.997
0.001	0.997	0.001	0.001
0.078	0.001	0.001	0.920
0.183	0.164	0.286	0.367
0.326	0.015	0.201	0.457
0.256	0.194	0.253	0.297
0.305	0.222	0.141	0.333
0.439	0.132	0.001	0.427
>ATCTDNTT	16-ATCTDNTT	6.332790	-0.000000	0	T:8568.0(39.76%),B:48536.1(55.39%),P:1e0	Tpos:99.1,Tstd:56.8,Bpos:15574.3,Bstd:20427.6,StrandBias:0.1,Multiplicity:1.10
0.997	0.001	0.001	0.001
0.001	0.001	0.001	0.997
0.001	0.997	0.001	0.001
0.001	0.001	0.001	0.997
0.248	0.159	0.319	0.274
0.259	0.264	0.275	0.202
0.305	0.043	0.176	0.476
0.145	0.029	0.102	0.724
>TTTTTTTW	17-TTTTTTTW	3.896765	-0.000000	0	T:10983.0(50.96%),B:55285.7(63.09%),P:1e0	Tpos:117.4,Tstd:58.2,Bpos:16240.7,Bstd:20825.2,StrandBias:0.0,Multiplicity:1.00
0.222	0.220	0.086	0.471
0.231	0.250	0.095	0.425
0.277	0.001	0.001	0.721
0.138	0.194	0.193	0.475
0.193	0.203	0.117	0.487
0.209	0.191	0.140	0.460
0.219	0.213	0.150	0.418
0.343	0.187	0.044	0.426
>DMTATCTR	18-DMTATCTR	5.591284	-0.000000	0	T:11433.0(53.05%),B:50022.4(57.08%),P:1e0	Tpos:99.9,Tstd:52.8,Bpos:16140.2,Bstd:20604.8,StrandBias:-0.0,Multiplicity:1.38
0.257	0.078	0.292	0.374
0.488	0.413	0.098	0.001
0.001	0.001	0.001	0.997
0.853	0.145	0.001	0.001
0.001	0.001	0.001	0.997
0.001	0.997	0.001	0.001
0.001	0.001	0.001	0.997
0.360	0.190	0.269	0.181
>TTTTTTTT	19-TTTTTTTT	3.817962	-0.000000	0	T:12518.0(58.09%),B:58930.7(67.25%),P:1e0	Tpos:92.6,Tstd:63.3,Bpos:15463.0,Bstd:20222.7,StrandBias:0.3,Multiplicity:1.00
0.266	0.177	0.100	0.457
0.209	0.236	0.108	0.447
0.269	0.033	0.055	0.643
0.175	0.187	0.158	0.479
0.198	0.209	0.107	0.486
0.212	0.213	0.042	0.533
0.220	0.190	0.127	0.463
0.279	0.149	0.126	0.446
>TTTTTTTT	20-TTTTTTTT	3.989708	-0.000000	0	T:13534.0(62.80%),B:60601.6(69.16%),P:1e0	Tpos:100.2,Tstd:61.0,Bpos:15491.6,Bstd:20179.6,StrandBias:0.0,Multiplicity:1.12
0.262	0.202	0.089	0.447
0.249	0.124	0.137	0.490
0.208	0.162	0.140	0.490
0.186	0.231	0.116	0.467
0.174	0.147	0.007	0.672
0.169	0.158	0.106	0.567
0.208	0.188	0.070	0.534
0.283	0.156	0.044	0.517
>NHNHTATC	21-NHNHTATC	5.979954	-0.000000	0	T:8611.0(39.96%),B:39827.2(45.45%),P:1e0	Tpos:101.3,Tstd:51.8,Bpos:15781.1,Bstd:20687.6,StrandBias:-0.2,Multiplicity:1.07
0.197	0.253	0.269	0.282
0.233	0.229	0.185	0.352
0.306	0.271	0.182	0.240
0.264	0.286	0.107	0.343
0.001	0.001	0.018	0.980
0.953	0.027	0.019	0.001
0.001	0.001	0.001	0.997
0.001	0.997	0.001	0.001
>TGATATWK	22-TGATATWK	8.888244	-0.000000	0	T:218.0(1.01%),B:11356.0(12.96%),P:1e0	Tpos:101.2,Tstd:57.4,Bpos:15427.0,Bstd:20960.5,StrandBias:-0.2,Multiplicity:1.00
0.001	0.001	0.001	0.997
0.001	0.001	0.997	0.001
0.997	0.001	0.001	0.001
0.001	0.001	0.001	0.997
0.997	0.001	0.001	0.001
0.406	0.001	0.001	0.592
0.474	0.001	0.081	0.444
0.093	0.215	0.292	0.400
>HATHTKAT	23-HATHTKAT	5.522763	-0.000000	0	T:5183.0(24.05%),B:39845.5(45.47%),P:1e0	Tpos:101.1,Tstd:58.4,Bpos:15438.6,Bstd:20483.5,StrandBias:-0.1,Multiplicity:1.04
0.279	0.410	0.047	0.264
0.520	0.078	0.064	0.338
0.129	0.093	0.257	0.521
0.284	0.340	0.154	0.221
0.280	0.001	0.001	0.718
0.051	0.157	0.389	0.403
0.844	0.005	0.001	0.150
0.092	0.001	0.137	0.770
>AWMAVAGA	24-AWMAVAGA	5.715661	-0.000000	0	T:5980.0(27.75%),B:44892.3(51.23%),P:1e0	Tpos:98.9,Tstd:60.6,Bpos:15678.5,Bstd:20121.6,StrandBias:-0.1,Multiplicity:1.10
0.429	0.240	0.085	0.246
0.410	0.066	0.114	0.410
0.356	0.250	0.194	0.199
0.464	0.122	0.139	0.275
0.336	0.292	0.196	0.175
0.935	0.001	0.001	0.063
0.078	0.001	0.920	0.001
0.962	0.001	0.011	0.026
>TAWRAAAW	25-TAWRAAAW	4.924568	-0.000000	0	T:4906.0(22.76%),B:42688.9(48.72%),P:1e0	Tpos:98.3,Tstd:61.7,Bpos:15055.5,Bstd:20310.2,StrandBias:0.0,Multiplicity:1.03
0.413	0.001	0.009	0.577
0.390	0.212	0.174	0.224
0.555	0.001	0.001	0.443
0.383	0.157	0.236	0.224
0.638	0.001	0.001	0.360
0.399	0.146	0.246	0.209
0.689	0.003	0.001	0.307
0.406	0.003	0.179	0.412
