>NNBSTTATCT	1-NNBSTTATCT	6.142509	-2347.718691	0	T:16227.0(75.30%),B:43820.4(50.01%),P:1e-1019	Tpos:100.8,Tstd:41.4,Bpos:15369.5,Bstd:20507.4,StrandBias:-0.0,Multiplicity:1.69
0.205	0.250	0.274	0.271
0.210	0.236	0.292	0.262
0.148	0.270	0.319	0.262
0.172	0.368	0.278	0.182
0.044	0.132	0.001	0.823
0.053	0.095	0.040	0.812
0.936	0.029	0.008	0.027
0.034	0.015	0.014	0.937
0.001	0.994	0.004	0.001
0.349	0.033	0.061	0.557
>TATCTNNHNN	2-TATCTNNHNN	6.406566	-466.223412	0	T:14181.0(65.80%),B:47712.4(54.45%),P:1e-202	Tpos:100.1,Tstd:50.1,Bpos:15691.9,Bstd:20708.5,StrandBias:0.0,Multiplicity:1.19
0.001	0.001	0.001	0.997
0.997	0.001	0.001	0.001
0.001	0.001	0.001	0.997
0.001	0.997	0.001	0.001
0.236	0.001	0.001	0.762
0.194	0.212	0.319	0.275
0.266	0.307	0.159	0.268
0.312	0.235	0.122	0.331
0.306	0.237	0.202	0.256
0.265	0.207	0.202	0.326
>TATCANHNNH	3-TATCANHNNH	5.651081	-27.316510	0	T:12294.0(57.05%),B:47671.6(54.40%),P:1e-11	Tpos:100.3,Tstd:51.1,Bpos:15684.9,Bstd:20678.3,StrandBias:-0.1,Multiplicity:1.22
0.001	0.001	0.001	0.997
0.997	0.001	0.001	0.001
0.001	0.001	0.001	0.997
0.001	0.990	0.001	0.008
0.997	0.001	0.001	0.001
0.232	0.198	0.311	0.260
0.268	0.261	0.115	0.357
0.304	0.209	0.190	0.297
0.268	0.260	0.195	0.277
0.316	0.257	0.073	0.354
>WAAAAAAAAA	4-WAAAAAAAAA	4.308753	-0.000000	0	T:15386.0(71.39%),B:64127.4(73.18%),P:1e0	Tpos:100.9,Tstd:60.6,Bpos:15467.3,Bstd:20601.9,StrandBias:0.0,Multiplicity:1.11
0.454	0.050	0.128	0.368
0.473	0.085	0.174	0.268
0.551	0.103	0.135	0.211
0.508	0.046	0.170	0.276
0.458	0.110	0.200	0.232
0.588	0.084	0.149	0.179
0.580	0.109	0.163	0.148
0.731	0.004	0.067	0.198
0.516	0.063	0.192	0.229
0.497	0.059	0.133	0.311
>TTTTTTTTTT	5-TTTTTTTTTT	5.213205	-0.000000	0	T:11047.0(51.26%),B:55400.5(63.22%),P:1e0	Tpos:98.5,Tstd:62.0,Bpos:15243.5,Bstd:20222.8,StrandBias:-0.0,Multiplicity:1.17
0.169	0.156	0.039	0.636
0.149	0.203	0.058	0.590
0.183	0.122	0.014	0.681
0.144	0.142	0.014	0.700
0.144	0.154	0.015	0.687
0.172	0.150	0.027	0.651
0.184	0.135	0.055	0.626
0.191	0.137	0.085	0.587
0.245	0.170	0.097	0.488
0.224	0.162	0.084	0.530
>AAAAAAAAAA	6-AAAAAAAAAA	5.010840	-0.000000	0	T:10410.0(48.30%),B:54355.0(62.03%),P:1e0	Tpos:102.7,Tstd:60.4,Bpos:15028.3,Bstd:20493.3,StrandBias:0.0,Multiplicity:1.00
0.556	0.025	0.089	0.330
0.504	0.104	0.173	0.219
0.584	0.092	0.109	0.215
0.495	0.085	0.144	0.276
0.454	0.108	0.167	0.271
0.509	0.080	0.154	0.257
0.525	0.103	0.154	0.218
0.646	0.090	0.086	0.178
0.589	0.057	0.144	0.210
0.590	0.001	0.138	0.271
>WWAAAAAAAA	7-WWAAAAAAAA	4.808854	-0.000000	0	T:11664.0(54.12%),B:56748.4(64.76%),P:1e0	Tpos:102.7,Tstd:61.5,Bpos:15443.9,Bstd:20329.3,StrandBias:-0.0,Multiplicity:1.05
0.395	0.144	0.160	0.301
0.403	0.138	0.176	0.283
0.432	0.150	0.178	0.240
0.452	0.132	0.178	0.238
0.461	0.122	0.176	0.241
0.526	0.082	0.167	0.225
0.571	0.067	0.152	0.210
0.997	0.001	0.001	0.001
0.554	0.065	0.172	0.209
0.601	0.001	0.160	0.238
>TTTTTTTTTW	8-TTTTTTTTTW	5.234265	-0.000000	0	T:8889.0(41.25%),B:51475.9(58.74%),P:1e0	Tpos:130.9,Tstd:32.5,Bpos:14943.0,Bstd:20607.6,StrandBias:0.6,Multiplicity:1.11
0.305	0.149	0.001	0.545
0.258	0.141	0.056	0.545
0.253	0.094	0.053	0.600
0.197	0.165	0.070	0.568
0.215	0.131	0.020	0.634
0.207	0.179	0.068	0.546
0.232	0.152	0.001	0.615
0.225	0.150	0.107	0.518
0.254	0.154	0.098	0.494
0.323	0.130	0.089	0.458
>TTTTTTTTTT	9-TTTTTTTTTT	8.079374	-0.000000	0	T:3908.0(18.13%),B:41319.0(47.15%),P:1e0	Tpos:100.4,Tstd:63.4,Bpos:14866.4,Bstd:19049.0,StrandBias:-0.0,Multiplicity:1.10
0.001	0.294	0.001	0.704
0.001	0.001	0.001	0.997
0.001	0.001	0.001	0.997
0.001	0.276	0.001	0.722
0.001	0.192	0.001	0.806
0.001	0.277	0.001	0.721
0.275	0.133	0.001	0.591
0.232	0.171	0.001	0.596
0.264	0.142	0.001	0.593
0.228	0.223	0.001	0.548
>VTATCTTTYT	10-VTATCTTTYT	5.125925	-0.000000	0	T:2761.0(12.81%),B:26202.8(29.90%),P:1e0	Tpos:101.7,Tstd:51.2,Bpos:15881.4,Bstd:20779.0,StrandBias:-0.3,Multiplicity:1.27
0.317	0.382	0.276	0.024
0.001	0.001	0.001	0.997
0.997	0.001	0.001	0.001
0.001	0.001	0.001	0.997
0.001	0.997	0.001	0.001
0.001	0.001	0.001	0.997
0.037	0.228	0.141	0.594
0.001	0.001	0.001	0.997
0.245	0.433	0.001	0.321
0.001	0.001	0.001	0.997
>AAAGATKWDD	11-AAAGATKWDD	7.161264	-0.000000	0	T:3310.0(15.36%),B:38433.3(43.86%),P:1e0	Tpos:99.3,Tstd:56.0,Bpos:15493.5,Bstd:20391.5,StrandBias:0.0,Multiplicity:1.06
0.720	0.001	0.116	0.163
0.510	0.321	0.001	0.168
0.797	0.001	0.001	0.201
0.001	0.001	0.988	0.010
0.997	0.001	0.001	0.001
0.001	0.001	0.001	0.997
0.001	0.170	0.362	0.467
0.404	0.126	0.145	0.325
0.292	0.152	0.303	0.253
0.381	0.112	0.237	0.270
>TTTTTTTTTT	12-TTTTTTTTTT	5.048692	-0.000000	0	T:12909.0(59.90%),B:58749.8(67.04%),P:1e0	Tpos:101.9,Tstd:61.0,Bpos:15188.8,Bstd:20145.8,StrandBias:0.0,Multiplicity:1.19
0.273	0.104	0.054	0.569
0.264	0.103	0.110	0.523
0.261	0.111	0.084	0.544
0.204	0.153	0.082	0.561
0.191	0.140	0.071	0.598
0.189	0.134	0.053	0.624
0.164	0.145	0.036	0.655
0.156	0.145	0.001	0.698
0.230	0.152	0.025	0.593
0.210	0.065	0.001	0.724
>TATCTNTHTW	13-TATCTNTHTW	8.332325	-0.000000	0	T:1300.0(6.03%),B:18737.0(21.38%),P:1e0	Tpos:102.7,Tstd:52.8,Bpos:15713.9,Bstd:20803.1,StrandBias:0.1,Multiplicity:1.03
0.001	0.001	0.001	0.997
0.997	0.001	0.001	0.001
0.001	0.001	0.001	0.997
0.001	0.997	0.001	0.001
0.031	0.001	0.001	0.967
0.235	0.232	0.270	0.263
0.246	0.222	0.050	0.483
0.229	0.263	0.136	0.372
0.234	0.223	0.091	0.453
0.267	0.203	0.170	0.360
>AAAAAAAAAA	14-AAAAAAAAAA	6.405599	-0.000000	0	T:6596.0(30.61%),B:47326.4(54.01%),P:1e0	Tpos:98.2,Tstd:63.6,Bpos:15623.5,Bstd:20107.0,StrandBias:-0.1,Multiplicity:1.06
0.594	0.102	0.150	0.154
0.551	0.067	0.141	0.241
0.615	0.088	0.159	0.138
0.682	0.023	0.149	0.146
0.683	0.026	0.164	0.127
0.716	0.017	0.146	0.121
0.700	0.021	0.141	0.138
0.758	0.019	0.084	0.139
0.587	0.053	0.247	0.113
0.699	0.021	0.139	0.141
>ATCTATCTAT	15-ATCTATCTAT	6.901979	-0.000000	0	T:3295.0(15.29%),B:36669.2(41.85%),P:1e0	Tpos:101.3,Tstd:56.9,Bpos:15926.1,Bstd:20632.2,StrandBias:0.1,Multiplicity:1.14
0.747	0.091	0.062	0.100
0.073	0.048	0.091	0.788
0.109	0.783	0.061	0.047
0.001	0.001	0.001	0.997
0.704	0.085	0.091	0.120
0.001	0.006	0.001	0.992
0.093	0.793	0.011	0.103
0.001	0.001	0.014	0.984
0.383	0.224	0.175	0.218
0.068	0.058	0.051	0.823
>TCTTTWTTWD	16-TCTTTWTTWD	6.843049	-0.000000	0	T:4626.0(21.47%),B:43073.5(49.15%),P:1e0	Tpos:98.2,Tstd:61.8,Bpos:15561.4,Bstd:20244.7,StrandBias:-0.0,Multiplicity:1.09
0.001	0.001	0.001	0.997
0.001	0.997	0.001	0.001
0.351	0.001	0.001	0.647
0.160	0.095	0.287	0.458
0.221	0.238	0.001	0.540
0.391	0.100	0.029	0.479
0.338	0.053	0.044	0.565
0.310	0.090	0.011	0.589
0.392	0.083	0.092	0.433
0.315	0.164	0.193	0.327
>WDWWWAAAAW	17-WDWWWAAAAW	4.827301	-0.000000	0	T:7754.0(35.98%),B:48595.5(55.46%),P:1e0	Tpos:96.2,Tstd:64.7,Bpos:14246.9,Bstd:20236.5,StrandBias:0.1,Multiplicity:1.00
0.523	0.001	0.001	0.475
0.349	0.173	0.202	0.275
0.394	0.175	0.186	0.245
0.388	0.155	0.175	0.281
0.396	0.153	0.182	0.269
0.449	0.113	0.163	0.275
0.456	0.106	0.162	0.276
0.647	0.001	0.001	0.351
0.642	0.001	0.001	0.356
0.462	0.001	0.184	0.353
>AAAAAAAAAA	18-AAAAAAAAAA	7.892358	-0.000000	0	T:3254.0(15.10%),B:40183.3(45.86%),P:1e0	Tpos:98.1,Tstd:62.6,Bpos:15188.2,Bstd:19686.8,StrandBias:-0.1,Multiplicity:1.03
0.574	0.073	0.198	0.155
0.631	0.001	0.234	0.134
0.619	0.059	0.251	0.071
0.827	0.016	0.142	0.015
0.741	0.001	0.205	0.053
0.744	0.001	0.135	0.120
0.648	0.017	0.187	0.148
0.818	0.001	0.138	0.043
0.730	0.028	0.164	0.078
0.762	0.001	0.150	0.087
>NDNDDNWGAT	19-NDNDDNWGAT	5.842477	-0.000000	0	T:7073.0(32.82%),B:46016.5(52.51%),P:1e0	Tpos:99.4,Tstd:56.8,Bpos:15223.5,Bstd:20470.4,StrandBias:-0.1,Multiplicity:1.05
0.296	0.208	0.193	0.303
0.340	0.149	0.224	0.287
0.327	0.192	0.197	0.284
0.356	0.037	0.257	0.350
0.338	0.125	0.282	0.255
0.302	0.276	0.192	0.229
0.538	0.001	0.001	0.460
0.001	0.001	0.960	0.038
0.997	0.001	0.001	0.001
0.001	0.001	0.001	0.997
>TTTTTTTTTT	20-TTTTTTTTTT	4.542170	-0.000000	0	T:13309.0(61.76%),B:60032.0(68.51%),P:1e0	Tpos:98.5,Tstd:62.2,Bpos:15244.3,Bstd:20525.5,StrandBias:-0.1,Multiplicity:1.02
0.283	0.153	0.001	0.563
0.254	0.143	0.001	0.602
0.226	0.142	0.057	0.575
0.223	0.140	0.059	0.578
0.216	0.154	0.088	0.542
0.226	0.151	0.100	0.523
0.221	0.189	0.113	0.478
0.256	0.187	0.001	0.556
0.249	0.175	0.111	0.464
0.292	0.146	0.059	0.503
>ATCTKHTWTW	21-ATCTKHTWTW	7.003918	-0.000000	0	T:4209.0(19.53%),B:39326.3(44.88%),P:1e0	Tpos:98.9,Tstd:58.1,Bpos:15228.8,Bstd:20571.0,StrandBias:0.1,Multiplicity:1.05
0.997	0.001	0.001	0.001
0.001	0.001	0.001	0.997
0.001	0.997	0.001	0.001
0.347	0.001	0.001	0.651
0.222	0.152	0.250	0.376
0.279	0.280	0.055	0.385
0.302	0.165	0.001	0.532
0.361	0.149	0.048	0.442
0.281	0.104	0.071	0.544
0.289	0.184	0.135	0.392
>AAAAAAAAAW	22-AAAAAAAAAW	4.998303	-0.000000	0	T:9566.0(44.39%),B:52705.2(60.15%),P:1e0	Tpos:93.3,Tstd:62.7,Bpos:14613.6,Bstd:20165.8,StrandBias:-0.3,Multiplicity:1.00
0.514	0.049	0.128	0.309
0.559	0.069	0.145	0.227
0.613	0.073	0.148	0.166
0.605	0.071	0.164	0.160
0.598	0.075	0.159	0.168
0.570	0.080	0.159	0.191
0.530	0.110	0.159	0.201
0.558	0.093	0.086	0.263
0.481	0.095	0.146	0.278
0.445	0.075	0.154	0.326
>WWHWWHTATC	23-WWHWWHTATC	7.584216	-0.000000	0	T:732.0(3.40%),B:20044.1(22.87%),P:1e0	Tpos:103.6,Tstd:56.0,Bpos:15212.1,Bstd:20812.7,StrandBias:-0.1,Multiplicity:1.01
0.363	0.211	0.073	0.352
0.363	0.129	0.155	0.353
0.312	0.257	0.065	0.365
0.375	0.206	0.039	0.379
0.325	0.137	0.147	0.391
0.322	0.334	0.078	0.266
0.001	0.001	0.001	0.997
0.997	0.001	0.001	0.001
0.001	0.001	0.001	0.997
0.001	0.997	0.001	0.001
>WWTTTTTTTT	24-WWTTTTTTTT	5.047922	-0.000000	0	T:9372.0(43.49%),B:52153.9(59.52%),P:1e0	Tpos:100.7,Tstd:58.6,Bpos:15178.7,Bstd:20629.5,StrandBias:0.0,Multiplicity:1.02
0.313	0.161	0.118	0.408
0.274	0.162	0.153	0.410
0.256	0.140	0.167	0.437
0.251	0.166	0.151	0.433
0.269	0.160	0.127	0.445
0.271	0.146	0.100	0.484
0.222	0.100	0.067	0.611
0.174	0.017	0.029	0.780
0.239	0.092	0.025	0.644
0.251	0.081	0.047	0.621
>TATCTNNDNN	25-TATCTNNDNN	7.287276	-0.000000	0	T:466.0(2.16%),B:11502.4(13.13%),P:1e0	Tpos:101.3,Tstd:52.1,Bpos:15247.4,Bstd:20610.5,StrandBias:-0.1,Multiplicity:1.01
0.001	0.001	0.001	0.997
0.997	0.001	0.001	0.001
0.001	0.001	0.001	0.997
0.001	0.997	0.001	0.001
0.331	0.001	0.001	0.667
0.247	0.191	0.301	0.261
0.269	0.208	0.235	0.287
0.243	0.182	0.230	0.345
0.271	0.231	0.225	0.273
0.277	0.202	0.218	0.302
