>NNBSTTATCT	1-NNBSTTATCT	6.142509	-2347.718691	0	T:16227.0(75.30%),B:43820.4(50.01%),P:1e-1019	Tpos:100.8,Tstd:41.4,Bpos:15369.5,Bstd:20507.4,StrandBias:-0.0,Multiplicity:1.69
0.205	0.250	0.274	0.271
0.210	0.236	0.292	0.262
0.148	0.270	0.319	0.262
0.172	0.368	0.278	0.182
0.044	0.132	0.001	0.823
0.053	0.095	0.040	0.812
0.936	0.029	0.008	0.027
0.034	0.015	0.014	0.937
0.001	0.994	0.004	0.001
0.349	0.033	0.061	0.557
>TATCTNNHNN	2-TATCTNNHNN	6.406566	-466.223412	0	T:14181.0(65.80%),B:47712.4(54.45%),P:1e-202	Tpos:100.1,Tstd:50.1,Bpos:15691.9,Bstd:20708.5,StrandBias:0.0,Multiplicity:1.19
0.001	0.001	0.001	0.997
0.997	0.001	0.001	0.001
0.001	0.001	0.001	0.997
0.001	0.997	0.001	0.001
0.236	0.001	0.001	0.762
0.194	0.212	0.319	0.275
0.266	0.307	0.159	0.268
0.312	0.235	0.122	0.331
0.306	0.237	0.202	0.256
0.265	0.207	0.202	0.326
>TATCANHNNH	3-TATCANHNNH	5.651081	-27.316510	0	T:12294.0(57.05%),B:47671.6(54.40%),P:1e-11	Tpos:100.3,Tstd:51.1,Bpos:15684.9,Bstd:20678.3,StrandBias:-0.1,Multiplicity:1.22
0.001	0.001	0.001	0.997
0.997	0.001	0.001	0.001
0.001	0.001	0.001	0.997
0.001	0.990	0.001	0.008
0.997	0.001	0.001	0.001
0.232	0.198	0.311	0.260
0.268	0.261	0.115	0.357
0.304	0.209	0.190	0.297
0.268	0.260	0.195	0.277
0.316	0.257	0.073	0.354
>WAAAAAAAAA	4-WAAAAAAAAA	4.308753	-0.000000	0	T:15386.0(71.39%),B:64127.4(73.18%),P:1e0	Tpos:100.9,Tstd:60.6,Bpos:15467.3,Bstd:20601.9,StrandBias:0.0,Multiplicity:1.11
0.454	0.050	0.128	0.368
0.473	0.085	0.174	0.268
0.551	0.103	0.135	0.211
0.508	0.046	0.170	0.276
0.458	0.110	0.200	0.232
0.588	0.084	0.149	0.179
0.580	0.109	0.163	0.148
0.731	0.004	0.067	0.198
0.516	0.063	0.192	0.229
0.497	0.059	0.133	0.311
>TTTTTTTTTT	5-TTTTTTTTTT	5.213205	-0.000000	0	T:11047.0(51.26%),B:55400.5(63.22%),P:1e0	Tpos:98.5,Tstd:62.0,Bpos:15243.5,Bstd:20222.8,StrandBias:-0.0,Multiplicity:1.17
0.169	0.156	0.039	0.636
0.149	0.203	0.058	0.590
0.183	0.122	0.014	0.681
0.144	0.142	0.014	0.700
0.144	0.154	0.015	0.687
0.172	0.150	0.027	0.651
0.184	0.135	0.055	0.626
0.191	0.137	0.085	0.587
0.245	0.170	0.097	0.488
0.224	0.162	0.084	0.530
>AAAAAAAAAA	6-AAAAAAAAAA	5.010840	-0.000000	0	T:10410.0(48.30%),B:54355.0(62.03%),P:1e0	Tpos:102.7,Tstd:60.4,Bpos:15028.3,Bstd:20493.3,StrandBias:0.0,Multiplicity:1.00
0.556	0.025	0.089	0.330
0.504	0.104	0.173	0.219
0.584	0.092	0.109	0.215
0.495	0.085	0.144	0.276
0.454	0.108	0.167	0.271
0.509	0.080	0.154	0.257
0.525	0.103	0.154	0.218
0.646	0.090	0.086	0.178
0.589	0.057	0.144	0.210
0.590	0.001	0.138	0.271
>WWAAAAAAAA	7-WWAAAAAAAA	4.808854	-0.000000	0	T:11664.0(54.12%),B:56748.4(64.76%),P:1e0	Tpos:102.7,Tstd:61.5,Bpos:15443.9,Bstd:20329.3,StrandBias:-0.0,Multiplicity:1.05
0.395	0.144	0.160	0.301
0.403	0.138	0.176	0.283
0.432	0.150	0.178	0.240
0.452	0.132	0.178	0.238
0.461	0.122	0.176	0.241
0.526	0.082	0.167	0.225
0.571	0.067	0.152	0.210
0.997	0.001	0.001	0.001
0.554	0.065	0.172	0.209
0.601	0.001	0.160	0.238
>TTTTTTTTTW	8-TTTTTTTTTW	5.234265	-0.000000	0	T:8889.0(41.25%),B:51475.9(58.74%),P:1e0	Tpos:130.9,Tstd:32.5,Bpos:14943.0,Bstd:20607.6,StrandBias:0.6,Multiplicity:1.11
0.305	0.149	0.001	0.545
0.258	0.141	0.056	0.545
0.253	0.094	0.053	0.600
0.197	0.165	0.070	0.568
0.215	0.131	0.020	0.634
0.207	0.179	0.068	0.546
0.232	0.152	0.001	0.615
0.225	0.150	0.107	0.518
0.254	0.154	0.098	0.494
0.323	0.130	0.089	0.458
>TTTTTTTTTT	9-TTTTTTTTTT	8.079374	-0.000000	0	T:3908.0(18.13%),B:41319.0(47.15%),P:1e0	Tpos:100.4,Tstd:63.4,Bpos:14866.4,Bstd:19049.0,StrandBias:-0.0,Multiplicity:1.10
0.001	0.294	0.001	0.704
0.001	0.001	0.001	0.997
0.001	0.001	0.001	0.997
0.001	0.276	0.001	0.722
0.001	0.192	0.001	0.806
0.001	0.277	0.001	0.721
0.275	0.133	0.001	0.591
0.232	0.171	0.001	0.596
0.264	0.142	0.001	0.593
0.228	0.223	0.001	0.548
>VTATCTTTYT	10-VTATCTTTYT	5.125925	-0.000000	0	T:2761.0(12.81%),B:26202.8(29.90%),P:1e0	Tpos:101.7,Tstd:51.2,Bpos:15881.4,Bstd:20779.0,StrandBias:-0.3,Multiplicity:1.27
0.317	0.382	0.276	0.024
0.001	0.001	0.001	0.997
0.997	0.001	0.001	0.001
0.001	0.001	0.001	0.997
0.001	0.997	0.001	0.001
0.001	0.001	0.001	0.997
0.037	0.228	0.141	0.594
0.001	0.001	0.001	0.997
0.245	0.433	0.001	0.321
0.001	0.001	0.001	0.997
>AAAGATKWDD	11-AAAGATKWDD	7.161264	-0.000000	0	T:3310.0(15.36%),B:38433.3(43.86%),P:1e0	Tpos:99.3,Tstd:56.0,Bpos:15493.5,Bstd:20391.5,StrandBias:0.0,Multiplicity:1.06
0.720	0.001	0.116	0.163
0.510	0.321	0.001	0.168
0.797	0.001	0.001	0.201
0.001	0.001	0.988	0.010
0.997	0.001	0.001	0.001
0.001	0.001	0.001	0.997
0.001	0.170	0.362	0.467
0.404	0.126	0.145	0.325
0.292	0.152	0.303	0.253
0.381	0.112	0.237	0.270
>TTTTTTTTTT	12-TTTTTTTTTT	5.048692	-0.000000	0	T:12909.0(59.90%),B:58749.8(67.04%),P:1e0	Tpos:101.9,Tstd:61.0,Bpos:15188.8,Bstd:20145.8,StrandBias:0.0,Multiplicity:1.19
0.273	0.104	0.054	0.569
0.264	0.103	0.110	0.523
0.261	0.111	0.084	0.544
0.204	0.153	0.082	0.561
0.191	0.140	0.071	0.598
0.189	0.134	0.053	0.624
0.164	0.145	0.036	0.655
0.156	0.145	0.001	0.698
0.230	0.152	0.025	0.593
0.210	0.065	0.001	0.724
>TATCTNTHTW	13-TATCTNTHTW	8.332325	-0.000000	0	T:1300.0(6.03%),B:18737.0(21.38%),P:1e0	Tpos:102.7,Tstd:52.8,Bpos:15713.9,Bstd:20803.1,StrandBias:0.1,Multiplicity:1.03
0.001	0.001	0.001	0.997
0.997	0.001	0.001	0.001
0.001	0.001	0.001	0.997
0.001	0.997	0.001	0.001
0.031	0.001	0.001	0.967
0.235	0.232	0.270	0.263
0.246	0.222	0.050	0.483
0.229	0.263	0.136	0.372
0.234	0.223	0.091	0.453
0.267	0.203	0.170	0.360
>AAAAAAAAAA	14-AAAAAAAAAA	6.405599	-0.000000	0	T:6596.0(30.61%),B:47326.4(54.01%),P:1e0	Tpos:98.2,Tstd:63.6,Bpos:15623.5,Bstd:20107.0,StrandBias:-0.1,Multiplicity:1.06
0.594	0.102	0.150	0.154
0.551	0.067	0.141	0.241
0.615	0.088	0.159	0.138
0.682	0.023	0.149	0.146
0.683	0.026	0.164	0.127
0.716	0.017	0.146	0.121
0.700	0.021	0.141	0.138
0.758	0.019	0.084	0.139
0.587	0.053	0.247	0.113
0.699	0.021	0.139	0.141
>ATCTATCTAT	15-ATCTATCTAT	6.901979	-0.000000	0	T:3295.0(15.29%),B:36669.2(41.85%),P:1e0	Tpos:101.3,Tstd:56.9,Bpos:15926.1,Bstd:20632.2,StrandBias:0.1,Multiplicity:1.14
0.747	0.091	0.062	0.100
0.073	0.048	0.091	0.788
0.109	0.783	0.061	0.047
0.001	0.001	0.001	0.997
0.704	0.085	0.091	0.120
0.001	0.006	0.001	0.992
0.093	0.793	0.011	0.103
0.001	0.001	0.014	0.984
0.383	0.224	0.175	0.218
0.068	0.058	0.051	0.823
>TCTTTWTTWD	16-TCTTTWTTWD	6.843049	-0.000000	0	T:4626.0(21.47%),B:43073.5(49.15%),P:1e0	Tpos:98.2,Tstd:61.8,Bpos:15561.4,Bstd:20244.7,StrandBias:-0.0,Multiplicity:1.09
0.001	0.001	0.001	0.997
0.001	0.997	0.001	0.001
0.351	0.001	0.001	0.647
0.160	0.095	0.287	0.458
0.221	0.238	0.001	0.540
0.391	0.100	0.029	0.479
0.338	0.053	0.044	0.565
0.310	0.090	0.011	0.589
0.392	0.083	0.092	0.433
0.315	0.164	0.193	0.327
>WDWWWAAAAW	17-WDWWWAAAAW	4.827301	-0.000000	0	T:7754.0(35.98%),B:48595.5(55.46%),P:1e0	Tpos:96.2,Tstd:64.7,Bpos:14246.9,Bstd:20236.5,StrandBias:0.1,Multiplicity:1.00
0.523	0.001	0.001	0.475
0.349	0.173	0.202	0.275
0.394	0.175	0.186	0.245
0.388	0.155	0.175	0.281
0.396	0.153	0.182	0.269
0.449	0.113	0.163	0.275
0.456	0.106	0.162	0.276
0.647	0.001	0.001	0.351
0.642	0.001	0.001	0.356
0.462	0.001	0.184	0.353
>AAAAAAAAAA	18-AAAAAAAAAA	7.892358	-0.000000	0	T:3254.0(15.10%),B:40183.3(45.86%),P:1e0	Tpos:98.1,Tstd:62.6,Bpos:15188.2,Bstd:19686.8,StrandBias:-0.1,Multiplicity:1.03
0.574	0.073	0.198	0.155
0.631	0.001	0.234	0.134
0.619	0.059	0.251	0.071
0.827	0.016	0.142	0.015
0.741	0.001	0.205	0.053
0.744	0.001	0.135	0.120
0.648	0.017	0.187	0.148
0.818	0.001	0.138	0.043
0.730	0.028	0.164	0.078
0.762	0.001	0.150	0.087
>NDNDDNWGAT	19-NDNDDNWGAT	5.842477	-0.000000	0	T:7073.0(32.82%),B:46016.5(52.51%),P:1e0	Tpos:99.4,Tstd:56.8,Bpos:15223.5,Bstd:20470.4,StrandBias:-0.1,Multiplicity:1.05
0.296	0.208	0.193	0.303
0.340	0.149	0.224	0.287
0.327	0.192	0.197	0.284
0.356	0.037	0.257	0.350
0.338	0.125	0.282	0.255
0.302	0.276	0.192	0.229
0.538	0.001	0.001	0.460
0.001	0.001	0.960	0.038
0.997	0.001	0.001	0.001
0.001	0.001	0.001	0.997
>TTTTTTTTTT	20-TTTTTTTTTT	4.542170	-0.000000	0	T:13309.0(61.76%),B:60032.0(68.51%),P:1e0	Tpos:98.5,Tstd:62.2,Bpos:15244.3,Bstd:20525.5,StrandBias:-0.1,Multiplicity:1.02
0.283	0.153	0.001	0.563
0.254	0.143	0.001	0.602
0.226	0.142	0.057	0.575
0.223	0.140	0.059	0.578
0.216	0.154	0.088	0.542
0.226	0.151	0.100	0.523
0.221	0.189	0.113	0.478
0.256	0.187	0.001	0.556
0.249	0.175	0.111	0.464
0.292	0.146	0.059	0.503
>ATCTKHTWTW	21-ATCTKHTWTW	7.003918	-0.000000	0	T:4209.0(19.53%),B:39326.3(44.88%),P:1e0	Tpos:98.9,Tstd:58.1,Bpos:15228.8,Bstd:20571.0,StrandBias:0.1,Multiplicity:1.05
0.997	0.001	0.001	0.001
0.001	0.001	0.001	0.997
0.001	0.997	0.001	0.001
0.347	0.001	0.001	0.651
0.222	0.152	0.250	0.376
0.279	0.280	0.055	0.385
0.302	0.165	0.001	0.532
0.361	0.149	0.048	0.442
0.281	0.104	0.071	0.544
0.289	0.184	0.135	0.392
>AAAAAAAAAW	22-AAAAAAAAAW	4.998303	-0.000000	0	T:9566.0(44.39%),B:52705.2(60.15%),P:1e0	Tpos:93.3,Tstd:62.7,Bpos:14613.6,Bstd:20165.8,StrandBias:-0.3,Multiplicity:1.00
0.514	0.049	0.128	0.309
0.559	0.069	0.145	0.227
0.613	0.073	0.148	0.166
0.605	0.071	0.164	0.160
0.598	0.075	0.159	0.168
0.570	0.080	0.159	0.191
0.530	0.110	0.159	0.201
0.558	0.093	0.086	0.263
0.481	0.095	0.146	0.278
0.445	0.075	0.154	0.326
>WWHWWHTATC	23-WWHWWHTATC	7.584216	-0.000000	0	T:732.0(3.40%),B:20044.1(22.87%),P:1e0	Tpos:103.6,Tstd:56.0,Bpos:15212.1,Bstd:20812.7,StrandBias:-0.1,Multiplicity:1.01
0.363	0.211	0.073	0.352
0.363	0.129	0.155	0.353
0.312	0.257	0.065	0.365
0.375	0.206	0.039	0.379
0.325	0.137	0.147	0.391
0.322	0.334	0.078	0.266
0.001	0.001	0.001	0.997
0.997	0.001	0.001	0.001
0.001	0.001	0.001	0.997
0.001	0.997	0.001	0.001
>WWTTTTTTTT	24-WWTTTTTTTT	5.047922	-0.000000	0	T:9372.0(43.49%),B:52153.9(59.52%),P:1e0	Tpos:100.7,Tstd:58.6,Bpos:15178.7,Bstd:20629.5,StrandBias:0.0,Multiplicity:1.02
0.313	0.161	0.118	0.408
0.274	0.162	0.153	0.410
0.256	0.140	0.167	0.437
0.251	0.166	0.151	0.433
0.269	0.160	0.127	0.445
0.271	0.146	0.100	0.484
0.222	0.100	0.067	0.611
0.174	0.017	0.029	0.780
0.239	0.092	0.025	0.644
0.251	0.081	0.047	0.621
>TATCTNNDNN	25-TATCTNNDNN	7.287276	-0.000000	0	T:466.0(2.16%),B:11502.4(13.13%),P:1e0	Tpos:101.3,Tstd:52.1,Bpos:15247.4,Bstd:20610.5,StrandBias:-0.1,Multiplicity:1.01
0.001	0.001	0.001	0.997
0.997	0.001	0.001	0.001
0.001	0.001	0.001	0.997
0.001	0.997	0.001	0.001
0.331	0.001	0.001	0.667
0.247	0.191	0.301	0.261
0.269	0.208	0.235	0.287
0.243	0.182	0.230	0.345
0.271	0.231	0.225	0.273
0.277	0.202	0.218	0.302
>NNNNVVMTATCT	1-NNNNVVMTATCT	2.661651	-1397.306969	0	T:16560.0(76.84%),B:50705.3(57.86%),P:1e-606	Tpos:100.9,Tstd:46.1,Bpos:15744.8,Bstd:20655.7,StrandBias:0.0,Multiplicity:1.35
0.271	0.221	0.283	0.225
0.253	0.195	0.248	0.304
0.234	0.284	0.288	0.195
0.273	0.204	0.221	0.302
0.268	0.219	0.337	0.176
0.328	0.230	0.302	0.140
0.347	0.439	0.017	0.197
0.001	0.001	0.001	0.997
0.994	0.004	0.001	0.001
0.001	0.001	0.001	0.997
0.001	0.997	0.001	0.001
0.001	0.001	0.001	0.997
>BCTTATCAGNNN	2-BCTTATCAGNNN	5.661353	-75.568401	0	T:11907.0(55.25%),B:44416.3(50.69%),P:1e-32	Tpos:100.4,Tstd:44.8,Bpos:15648.1,Bstd:20655.8,StrandBias:-0.0,Multiplicity:1.40
0.147	0.285	0.224	0.345
0.128	0.440	0.233	0.198
0.131	0.143	0.005	0.721
0.175	0.008	0.028	0.789
0.958	0.001	0.028	0.013
0.014	0.018	0.010	0.958
0.013	0.973	0.003	0.011
0.978	0.007	0.013	0.002
0.171	0.195	0.486	0.148
0.240	0.264	0.221	0.275
0.260	0.260	0.239	0.241
0.246	0.266	0.254	0.234
>TATCTNWTCNNN	3-TATCTNWTCNNN	6.780887	-49.184782	0	T:11562.0(53.65%),B:43816.7(50.00%),P:1e-21	Tpos:100.8,Tstd:43.9,Bpos:15485.2,Bstd:20558.3,StrandBias:-0.0,Multiplicity:1.42
0.001	0.001	0.001	0.997
0.993	0.005	0.001	0.001
0.001	0.001	0.001	0.997
0.001	0.997	0.001	0.001
0.001	0.001	0.001	0.997
0.203	0.239	0.224	0.335
0.403	0.209	0.122	0.266
0.199	0.183	0.216	0.402
0.264	0.504	0.001	0.231
0.255	0.218	0.189	0.337
0.257	0.237	0.254	0.252
0.266	0.220	0.217	0.298
>CTAATCTAATCT	4-CTAATCTAATCT	13.100496	-0.488848	0	T:19.0(0.09%),B:81.4(0.09%),P:1e0	Tpos:91.5,Tstd:29.4,Bpos:14015.0,Bstd:20195.7,StrandBias:3.2,Multiplicity:1.09
0.167	0.671	0.045	0.117
0.116	0.096	0.001	0.787
0.707	0.182	0.104	0.007
0.785	0.018	0.055	0.142
0.061	0.104	0.090	0.745
0.012	0.805	0.070	0.113
0.016	0.063	0.002	0.919
0.660	0.130	0.130	0.080
0.711	0.127	0.044	0.118
0.044	0.119	0.074	0.763
0.153	0.674	0.072	0.101
0.108	0.128	0.016	0.748
>TCTATCATCTAT	5-TCTATCATCTAT	15.872317	-0.001349	0	T:70.0(0.32%),B:410.7(0.47%),P:1e0	Tpos:117.5,Tstd:51.9,Bpos:15264.0,Bstd:21313.5,StrandBias:0.2,Multiplicity:1.15
0.071	0.020	0.001	0.908
0.040	0.926	0.033	0.001
0.120	0.020	0.001	0.859
0.959	0.001	0.020	0.020
0.001	0.020	0.020	0.959
0.040	0.939	0.001	0.020
0.997	0.001	0.001	0.001
0.001	0.039	0.001	0.959
0.001	0.979	0.001	0.019
0.001	0.016	0.016	0.967
0.853	0.027	0.081	0.039
0.011	0.001	0.020	0.968
>NNNNNNYTWATC	6-NNNNNNYTWATC	7.786777	-0.000393	0	T:12.0(0.06%),B:117.6(0.13%),P:1e0	Tpos:162.0,Tstd:0.0,Bpos:13229.8,Bstd:19480.7,StrandBias:-10.0,Multiplicity:1.00
0.290	0.257	0.193	0.260
0.264	0.256	0.200	0.280
0.286	0.238	0.200	0.277
0.266	0.237	0.231	0.266
0.280	0.235	0.200	0.285
0.201	0.300	0.225	0.274
0.001	0.548	0.032	0.419
0.001	0.001	0.001	0.997
0.496	0.001	0.001	0.502
0.997	0.001	0.001	0.001
0.001	0.001	0.001	0.997
0.001	0.997	0.001	0.001
>MTATCATCTDTC	7-MTATCATCTDTC	11.469333	-0.000002	0	T:4.0(0.02%),B:92.9(0.11%),P:1e0	Tpos:169.5,Tstd:2.5,Bpos:13148.3,Bstd:15575.4,StrandBias:0.0,Multiplicity:1.00
0.502	0.362	0.044	0.092
0.127	0.082	0.048	0.743
0.616	0.143	0.111	0.130
0.109	0.081	0.084	0.726
0.139	0.705	0.083	0.073
0.811	0.081	0.030	0.078
0.113	0.080	0.081	0.726
0.093	0.679	0.096	0.132
0.079	0.064	0.021	0.836
0.298	0.074	0.304	0.324
0.089	0.090	0.084	0.737
0.135	0.608	0.084	0.173
>ATCTANTCTGAT	8-ATCTANTCTGAT	10.247792	-0.000000	0	T:6.0(0.03%),B:130.5(0.15%),P:1e0	Tpos:67.8,Tstd:19.6,Bpos:12091.4,Bstd:18493.9,StrandBias:2.0,Multiplicity:1.00
0.625	0.125	0.115	0.135
0.114	0.114	0.118	0.654
0.136	0.601	0.130	0.133
0.157	0.112	0.069	0.662
0.561	0.137	0.133	0.169
0.250	0.241	0.232	0.278
0.150	0.123	0.119	0.608
0.132	0.617	0.130	0.121
0.171	0.005	0.007	0.817
0.120	0.116	0.616	0.148
0.623	0.124	0.114	0.139
0.126	0.123	0.124	0.627
>NNNHMATCTNHH	9-NNNHMATCTNHH	7.574061	-0.000000	0	T:11.0(0.05%),B:175.9(0.20%),P:1e0	Tpos:101.0,Tstd:0.0,Bpos:12030.3,Bstd:16575.1,StrandBias:-10.0,Multiplicity:1.00
0.268	0.241	0.226	0.265
0.255	0.258	0.207	0.279
0.261	0.269	0.210	0.260
0.325	0.272	0.001	0.402
0.415	0.376	0.208	0.001
0.997	0.001	0.001	0.001
0.001	0.001	0.001	0.997
0.001	0.980	0.001	0.018
0.001	0.001	0.001	0.997
0.209	0.225	0.337	0.229
0.306	0.255	0.104	0.335
0.319	0.250	0.136	0.295
>NNNWMATCTNHH	10-NNNWMATCTNHH	7.770313	-0.000000	0	T:3.0(0.01%),B:116.9(0.13%),P:1e0	Tpos:95.0,Tstd:0.0,Bpos:11579.8,Bstd:15673.3,StrandBias:10.0,Multiplicity:1.00
0.265	0.244	0.222	0.269
0.264	0.256	0.194	0.286
0.276	0.262	0.200	0.262
0.344	0.241	0.001	0.414
0.420	0.369	0.210	0.001
0.997	0.001	0.001	0.001
0.001	0.001	0.001	0.997
0.001	0.997	0.001	0.001
0.001	0.001	0.001	0.997
0.214	0.216	0.341	0.229
0.314	0.240	0.102	0.344
0.330	0.230	0.137	0.304
>TATCTGTGBCTG	11-TATCTGTGBCTG	9.690530	-0.000000	0	T:439.0(2.04%),B:10418.7(11.89%),P:1e0	Tpos:103.9,Tstd:54.0,Bpos:16131.7,Bstd:19767.9,StrandBias:-0.3,Multiplicity:1.00
0.074	0.078	0.091	0.757
0.528	0.245	0.085	0.142
0.123	0.029	0.029	0.819
0.032	0.884	0.008	0.076
0.195	0.001	0.065	0.739
0.001	0.201	0.729	0.069
0.004	0.022	0.075	0.899
0.017	0.056	0.859	0.068
0.032	0.390	0.261	0.317
0.015	0.921	0.001	0.063
0.055	0.001	0.001	0.943
0.044	0.053	0.873	0.030
>ATCTNWNDNNNN	12-ATCTNWNDNNNN	6.920212	-0.000000	0	T:21.0(0.10%),B:1049.5(1.20%),P:1e0	Tpos:153.5,Tstd:15.9,Bpos:14851.1,Bstd:20054.5,StrandBias:0.0,Multiplicity:1.00
0.997	0.001	0.001	0.001
0.001	0.001	0.001	0.997
0.001	0.997	0.001	0.001
0.387	0.001	0.001	0.611
0.232	0.236	0.288	0.244
0.306	0.001	0.239	0.455
0.244	0.216	0.260	0.280
0.305	0.001	0.277	0.418
0.225	0.231	0.275	0.269
0.259	0.247	0.219	0.274
0.258	0.215	0.210	0.317
0.260	0.229	0.219	0.293
>NNNNYHTAATCT	13-NNNNYHTAATCT	8.977152	-0.000000	0	T:71.0(0.33%),B:3171.8(3.62%),P:1e0	Tpos:103.2,Tstd:51.9,Bpos:14566.4,Bstd:20082.5,StrandBias:-0.4,Multiplicity:1.00
0.285	0.214	0.255	0.245
0.285	0.234	0.203	0.279
0.280	0.211	0.192	0.317
0.269	0.254	0.201	0.276
0.180	0.277	0.186	0.357
0.199	0.310	0.163	0.328
0.001	0.001	0.001	0.997
0.666	0.332	0.001	0.001
0.997	0.001	0.001	0.001
0.001	0.001	0.001	0.997
0.001	0.997	0.001	0.001
0.001	0.001	0.001	0.997
>WWWWWWWNAGAT	14-WWWWWWWNAGAT	6.708013	-0.000000	0	T:4123.0(19.13%),B:40844.4(46.61%),P:1e0	Tpos:100.3,Tstd:60.2,Bpos:14969.0,Bstd:19896.9,StrandBias:-0.0,Multiplicity:1.05
0.300	0.158	0.163	0.379
0.377	0.066	0.082	0.475
0.367	0.208	0.074	0.351
0.386	0.120	0.128	0.367
0.322	0.174	0.134	0.369
0.350	0.172	0.019	0.459
0.350	0.132	0.151	0.366
0.206	0.347	0.231	0.216
0.587	0.031	0.041	0.341
0.009	0.015	0.946	0.030
0.938	0.026	0.020	0.016
0.017	0.028	0.041	0.914
>ATCTNNNNNNHN	15-ATCTNNNNNNHN	5.867259	-0.000000	0	T:3198.0(14.84%),B:36418.9(41.56%),P:1e0	Tpos:98.2,Tstd:56.3,Bpos:15199.9,Bstd:20452.3,StrandBias:-0.0,Multiplicity:1.03
0.997	0.001	0.001	0.001
0.001	0.001	0.001	0.997
0.001	0.997	0.001	0.001
0.383	0.001	0.001	0.615
0.217	0.220	0.309	0.254
0.264	0.254	0.172	0.310
0.279	0.250	0.192	0.279
0.297	0.245	0.180	0.279
0.264	0.228	0.203	0.305
0.253	0.248	0.209	0.290
0.267	0.224	0.176	0.333
0.289	0.229	0.208	0.273
>NNWMATCTKHHW	16-NNWMATCTKHHW	7.900791	-0.000000	0	T:442.0(2.05%),B:12141.7(13.86%),P:1e0	Tpos:92.3,Tstd:53.7,Bpos:15020.5,Bstd:20573.8,StrandBias:0.1,Multiplicity:1.01
0.244	0.197	0.228	0.331
0.284	0.269	0.195	0.252
0.257	0.187	0.150	0.406
0.439	0.400	0.160	0.001
0.997	0.001	0.001	0.001
0.001	0.001	0.036	0.962
0.001	0.915	0.001	0.083
0.001	0.001	0.001	0.997
0.157	0.201	0.374	0.268
0.296	0.268	0.030	0.406
0.290	0.274	0.087	0.349
0.366	0.241	0.001	0.392
>NDNNDNNMAGAT	17-NDNNDNNMAGAT	7.072835	-0.000000	0	T:741.0(3.44%),B:22135.1(25.26%),P:1e0	Tpos:102.5,Tstd:59.5,Bpos:15284.5,Bstd:20627.0,StrandBias:-0.4,Multiplicity:1.00
0.301	0.193	0.204	0.302
0.328	0.176	0.195	0.301
0.320	0.194	0.213	0.273
0.333	0.185	0.197	0.285
0.379	0.001	0.243	0.377
0.295	0.157	0.263	0.285
0.346	0.207	0.240	0.207
0.387	0.398	0.001	0.214
0.700	0.001	0.001	0.298
0.001	0.001	0.997	0.001
0.997	0.001	0.001	0.001
0.001	0.001	0.007	0.991
>ATCTNHNNNNNN	18-ATCTNHNNNNNN	5.861529	-0.000000	0	T:2055.0(9.54%),B:32694.0(37.31%),P:1e0	Tpos:105.2,Tstd:61.3,Bpos:15003.5,Bstd:20075.6,StrandBias:0.4,Multiplicity:1.00
0.997	0.001	0.001	0.001
0.001	0.001	0.001	0.997
0.001	0.997	0.001	0.001
0.409	0.001	0.001	0.589
0.217	0.230	0.306	0.247
0.283	0.269	0.145	0.303
0.297	0.232	0.188	0.282
0.281	0.222	0.218	0.279
0.272	0.229	0.208	0.291
0.273	0.230	0.214	0.283
0.270	0.212	0.198	0.320
0.292	0.226	0.211	0.271
>WWMAGATKWNNN	19-WWMAGATKWNNN	8.179317	-0.000000	0	T:8.0(0.04%),B:605.0(0.69%),P:1e0	Tpos:126.0,Tstd:0.0,Bpos:16321.1,Bstd:21409.1,StrandBias:-10.0,Multiplicity:1.00
0.332	0.092	0.208	0.369
0.423	0.097	0.193	0.287
0.245	0.370	0.199	0.185
0.997	0.001	0.001	0.001
0.003	0.001	0.995	0.001
0.997	0.001	0.001	0.001
0.001	0.001	0.001	0.997
0.001	0.219	0.388	0.392
0.434	0.001	0.251	0.314
0.253	0.223	0.247	0.277
0.292	0.198	0.241	0.269
0.297	0.203	0.253	0.246
>WWWTNTMATCTG	20-WWWTNTMATCTG	9.323260	-0.000000	0	T:2.0(0.01%),B:366.7(0.42%),P:1e0	Tpos:164.0,Tstd:0.0,Bpos:16698.1,Bstd:21311.8,StrandBias:10.0,Multiplicity:1.00
0.360	0.158	0.138	0.344
0.340	0.174	0.144	0.342
0.340	0.186	0.133	0.341
0.257	0.182	0.132	0.428
0.284	0.280	0.147	0.289
0.306	0.143	0.060	0.491
0.506	0.399	0.094	0.001
0.997	0.001	0.001	0.001
0.001	0.001	0.001	0.997
0.001	0.997	0.001	0.001
0.001	0.001	0.001	0.997
0.128	0.136	0.525	0.211
>DWMAGATKANDN	21-DWMAGATKANDN	7.720624	-0.000000	0	T:12.0(0.06%),B:214.5(0.24%),P:1e0	Tpos:123.3,Tstd:25.0,Bpos:13817.9,Bstd:20180.0,StrandBias:1.0,Multiplicity:1.00
0.400	0.042	0.272	0.285
0.394	0.049	0.220	0.337
0.298	0.376	0.167	0.159
0.861	0.030	0.053	0.056
0.060	0.073	0.813	0.054
0.751	0.093	0.071	0.085
0.085	0.073	0.131	0.711
0.007	0.184	0.377	0.432
0.524	0.064	0.065	0.347
0.269	0.174	0.286	0.272
0.342	0.164	0.240	0.254
0.274	0.205	0.247	0.274
>ATCTNHNNNNNN	22-ATCTNHNNNNNN	6.672948	-0.000000	0	T:305.0(1.42%),B:14713.6(16.79%),P:1e0	Tpos:95.9,Tstd:58.5,Bpos:14691.6,Bstd:20131.0,StrandBias:0.2,Multiplicity:1.01
0.969	0.016	0.014	0.001
0.002	0.002	0.012	0.984
0.011	0.986	0.002	0.001
0.277	0.004	0.001	0.718
0.209	0.217	0.311	0.263
0.256	0.250	0.151	0.343
0.305	0.224	0.175	0.296
0.303	0.205	0.181	0.312
0.284	0.208	0.191	0.317
0.265	0.228	0.192	0.315
0.310	0.219	0.165	0.306
0.311	0.204	0.186	0.299
>NNHNNNYTTATC	23-NNHNNNYTTATC	7.281999	-0.000000	0	T:9.0(0.04%),B:356.0(0.41%),P:1e0	Tpos:146.0,Tstd:45.0,Bpos:16577.5,Bstd:19186.8,StrandBias:10.0,Multiplicity:1.00
0.298	0.220	0.191	0.290
0.266	0.251	0.183	0.299
0.337	0.293	0.029	0.341
0.273	0.239	0.205	0.283
0.256	0.240	0.205	0.299
0.231	0.270	0.207	0.292
0.010	0.427	0.029	0.534
0.203	0.001	0.138	0.658
0.341	0.006	0.003	0.650
0.778	0.075	0.074	0.073
0.066	0.062	0.066	0.806
0.058	0.806	0.068	0.068
>RAWWAMAGATKA	24-RAWWAMAGATKA	9.966794	-0.000000	0	T:4.0(0.02%),B:148.5(0.17%),P:1e0	Tpos:28.0,Tstd:0.0,Bpos:9927.9,Bstd:12127.7,StrandBias:-10.0,Multiplicity:1.00
0.386	0.072	0.320	0.223
0.536	0.078	0.091	0.295
0.338	0.065	0.174	0.422
0.393	0.067	0.192	0.348
0.543	0.052	0.204	0.201
0.278	0.417	0.159	0.145
0.904	0.022	0.014	0.060
0.037	0.020	0.920	0.023
0.927	0.033	0.015	0.025
0.028	0.035	0.021	0.916
0.010	0.095	0.394	0.501
0.462	0.016	0.241	0.281
>NNWAACCACADN	25-NNWAACCACADN	9.716604	-0.000000	0	T:352.0(1.63%),B:8024.8(9.16%),P:1e0	Tpos:99.8,Tstd:52.4,Bpos:16512.8,Bstd:20198.0,StrandBias:0.6,Multiplicity:1.02
0.206	0.281	0.205	0.308
0.274	0.306	0.212	0.208
0.553	0.001	0.001	0.445
0.661	0.001	0.337	0.001
0.493	0.229	0.277	0.001
0.001	0.997	0.001	0.001
0.001	0.997	0.001	0.001
0.997	0.001	0.001	0.001
0.001	0.997	0.001	0.001
0.997	0.001	0.001	0.001
0.325	0.079	0.365	0.231
0.315	0.228	0.226	0.231
>CTTATCTG	1-CTTATCTG	4.582290	-2398.974191	0	T:16341.0(75.82%),B:44087.8(50.31%),P:1e-1041	Tpos:101.0,Tstd:41.5,Bpos:15402.3,Bstd:20484.0,StrandBias:-0.0,Multiplicity:1.71
0.020	0.873	0.051	0.056
0.010	0.013	0.001	0.976
0.010	0.001	0.001	0.988
0.997	0.001	0.001	0.001
0.001	0.001	0.001	0.997
0.001	0.997	0.001	0.001
0.153	0.001	0.007	0.839
0.112	0.201	0.510	0.177
>TATCATCT	2-TATCATCT	4.345134	-548.748512	0	T:20400.0(94.66%),B:76511.4(87.31%),P:1e-238	Tpos:100.2,Tstd:56.7,Bpos:15550.5,Bstd:20322.6,StrandBias:-0.0,Multiplicity:2.14
0.100	0.100	0.100	0.700
0.700	0.100	0.100	0.100
0.100	0.100	0.100	0.700
0.100	0.700	0.100	0.100
0.700	0.100	0.100	0.100
0.100	0.100	0.100	0.700
0.100	0.700	0.100	0.100
0.100	0.100	0.100	0.700
>TATCTNMW	3-TATCTNMW	6.111669	-116.013183	0	T:12304.0(57.09%),B:45047.6(51.41%),P:1e-50	Tpos:100.6,Tstd:50.4,Bpos:15654.3,Bstd:20592.1,StrandBias:0.0,Multiplicity:1.19
0.001	0.001	0.001	0.997
0.997	0.001	0.001	0.001
0.001	0.001	0.001	0.997
0.001	0.997	0.001	0.001
0.001	0.001	0.001	0.997
0.199	0.224	0.235	0.342
0.418	0.327	0.254	0.001
0.342	0.104	0.084	0.470
>WAAAARAD	4-WAAAARAD	3.444347	-13.282954	0	T:17611.0(81.72%),B:70389.0(80.33%),P:1e-5	Tpos:98.9,Tstd:60.1,Bpos:15598.3,Bstd:20526.7,StrandBias:-0.0,Multiplicity:1.14
0.410	0.124	0.173	0.292
0.451	0.144	0.179	0.227
0.488	0.066	0.163	0.283
0.431	0.179	0.232	0.158
0.688	0.020	0.028	0.264
0.422	0.148	0.277	0.152
0.596	0.066	0.114	0.224
0.308	0.100	0.252	0.340
>TTTTTTTT	5-TTTTTTTT	3.643079	-0.011113	0	T:16103.0(74.72%),B:66132.6(75.47%),P:1e0	Tpos:100.2,Tstd:60.9,Bpos:15553.8,Bstd:20380.2,StrandBias:-0.0,Multiplicity:1.14
0.277	0.185	0.069	0.469
0.242	0.152	0.076	0.530
0.204	0.206	0.113	0.477
0.205	0.109	0.077	0.609
0.135	0.225	0.150	0.490
0.216	0.166	0.084	0.534
0.219	0.222	0.105	0.454
0.307	0.139	0.062	0.492
>AGAAATAT	6-AGAAATAT	6.275889	-0.000000	0	T:6325.0(29.35%),B:46990.8(53.62%),P:1e0	Tpos:100.6,Tstd:60.9,Bpos:15409.2,Bstd:20466.5,StrandBias:0.0,Multiplicity:1.14
0.720	0.001	0.001	0.278
0.243	0.001	0.755	0.001
0.997	0.001	0.001	0.001
0.680	0.318	0.001	0.001
0.997	0.001	0.001	0.001
0.001	0.001	0.001	0.997
0.997	0.001	0.001	0.001
0.347	0.001	0.123	0.529
>WNANAGAT	7-WNANAGAT	6.792013	-0.000000	0	T:3343.0(15.51%),B:35562.1(40.58%),P:1e0	Tpos:98.6,Tstd:56.7,Bpos:15247.6,Bstd:20364.5,StrandBias:-0.1,Multiplicity:1.05
0.403	0.104	0.163	0.329
0.299	0.151	0.277	0.273
0.454	0.108	0.266	0.172
0.308	0.279	0.169	0.243
0.997	0.001	0.001	0.001
0.001	0.001	0.997	0.001
0.997	0.001	0.001	0.001
0.001	0.001	0.001	0.997
>AWAAAAAA	8-AWAAAAAA	6.036797	-0.000000	0	T:3692.0(17.13%),B:40016.0(45.67%),P:1e0	Tpos:100.1,Tstd:64.5,Bpos:14566.5,Bstd:18659.6,StrandBias:0.1,Multiplicity:1.07
0.488	0.001	0.191	0.319
0.439	0.026	0.245	0.290
0.519	0.031	0.209	0.241
0.703	0.001	0.001	0.295
0.693	0.001	0.001	0.305
0.737	0.001	0.261	0.001
0.586	0.039	0.001	0.374
0.449	0.001	0.273	0.277
>HNNHTATC	9-HNNHTATC	6.483439	-0.000000	0	T:2590.0(12.02%),B:24980.5(28.51%),P:1e0	Tpos:98.9,Tstd:51.3,Bpos:16119.6,Bstd:20625.6,StrandBias:0.1,Multiplicity:1.03
0.235	0.225	0.172	0.368
0.208	0.302	0.214	0.276
0.259	0.199	0.204	0.339
0.264	0.289	0.096	0.351
0.001	0.001	0.001	0.997
0.997	0.001	0.001	0.001
0.001	0.001	0.001	0.997
0.001	0.997	0.001	0.001
>TGATATTK	10-TGATATTK	1.892703	-0.000000	0	T:10546.0(48.94%),B:45476.4(51.90%),P:1e0	Tpos:100.6,Tstd:51.1,Bpos:15844.4,Bstd:20498.1,StrandBias:0.0,Multiplicity:1.06
0.001	0.001	0.001	0.997
0.001	0.001	0.997	0.001
0.997	0.001	0.001	0.001
0.001	0.001	0.001	0.997
0.997	0.001	0.001	0.001
0.247	0.001	0.288	0.464
0.305	0.001	0.230	0.464
0.139	0.001	0.447	0.413
>TCTTCTCT	11-TCTTCTCT	6.810600	-0.000000	0	T:4586.0(21.28%),B:45053.3(51.41%),P:1e0	Tpos:100.5,Tstd:60.3,Bpos:15902.9,Bstd:20225.0,StrandBias:-0.0,Multiplicity:1.07
0.077	0.081	0.051	0.791
0.077	0.591	0.092	0.240
0.067	0.087	0.033	0.813
0.050	0.035	0.076	0.839
0.020	0.732	0.067	0.181
0.061	0.057	0.015	0.867
0.093	0.574	0.120	0.213
0.139	0.049	0.021	0.791
>TTTTTTTT	12-TTTTTTTT	4.789036	-0.000000	0	T:11651.0(54.06%),B:57197.2(65.27%),P:1e0	Tpos:101.2,Tstd:61.4,Bpos:15354.1,Bstd:19728.6,StrandBias:0.0,Multiplicity:1.13
0.277	0.186	0.060	0.477
0.243	0.137	0.086	0.534
0.216	0.204	0.079	0.501
0.191	0.093	0.001	0.715
0.124	0.208	0.064	0.604
0.179	0.130	0.001	0.690
0.184	0.239	0.058	0.519
0.286	0.114	0.001	0.599
>TTTCTTAT	13-TTTCTTAT	6.230361	-0.000000	0	T:8318.0(38.60%),B:47931.7(54.70%),P:1e0	Tpos:97.9,Tstd:60.3,Bpos:15485.3,Bstd:20360.2,StrandBias:-0.0,Multiplicity:1.09
0.139	0.171	0.065	0.625
0.032	0.020	0.088	0.860
0.070	0.089	0.075	0.766
0.084	0.669	0.103	0.144
0.118	0.059	0.001	0.822
0.080	0.119	0.113	0.688
0.684	0.159	0.037	0.120
0.084	0.075	0.045	0.796
>MTNTWTMW	14-MTNTWTMW	5.167166	-0.000000	0	T:4327.0(20.08%),B:42045.2(47.98%),P:1e0	Tpos:102.2,Tstd:61.4,Bpos:14938.9,Bstd:20325.1,StrandBias:-0.1,Multiplicity:1.11
0.472	0.496	0.017	0.015
0.001	0.001	0.001	0.997
0.247	0.183	0.276	0.294
0.395	0.001	0.059	0.545
0.386	0.001	0.210	0.403
0.388	0.001	0.050	0.561
0.404	0.261	0.106	0.230
0.414	0.173	0.001	0.411
>TCTKWNHW	15-TCTKWNHW	5.581063	-0.000000	0	T:9674.0(44.89%),B:52820.9(60.28%),P:1e0	Tpos:101.8,Tstd:58.9,Bpos:16047.6,Bstd:20431.0,StrandBias:-0.1,Multiplicity:1.09
0.001	0.001	0.001	0.997
0.001	0.997	0.001	0.001
0.078	0.001	0.001	0.920
0.183	0.164	0.286	0.367
0.326	0.015	0.201	0.457
0.256	0.194	0.253	0.297
0.305	0.222	0.141	0.333
0.439	0.132	0.001	0.427
>ATCTDNTT	16-ATCTDNTT	6.332790	-0.000000	0	T:8568.0(39.76%),B:48536.1(55.39%),P:1e0	Tpos:99.1,Tstd:56.8,Bpos:15574.3,Bstd:20427.6,StrandBias:0.1,Multiplicity:1.10
0.997	0.001	0.001	0.001
0.001	0.001	0.001	0.997
0.001	0.997	0.001	0.001
0.001	0.001	0.001	0.997
0.248	0.159	0.319	0.274
0.259	0.264	0.275	0.202
0.305	0.043	0.176	0.476
0.145	0.029	0.102	0.724
>TTTTTTTW	17-TTTTTTTW	3.896765	-0.000000	0	T:10983.0(50.96%),B:55285.7(63.09%),P:1e0	Tpos:117.4,Tstd:58.2,Bpos:16240.7,Bstd:20825.2,StrandBias:0.0,Multiplicity:1.00
0.222	0.220	0.086	0.471
0.231	0.250	0.095	0.425
0.277	0.001	0.001	0.721
0.138	0.194	0.193	0.475
0.193	0.203	0.117	0.487
0.209	0.191	0.140	0.460
0.219	0.213	0.150	0.418
0.343	0.187	0.044	0.426
>DMTATCTR	18-DMTATCTR	5.591284	-0.000000	0	T:11433.0(53.05%),B:50022.4(57.08%),P:1e0	Tpos:99.9,Tstd:52.8,Bpos:16140.2,Bstd:20604.8,StrandBias:-0.0,Multiplicity:1.38
0.257	0.078	0.292	0.374
0.488	0.413	0.098	0.001
0.001	0.001	0.001	0.997
0.853	0.145	0.001	0.001
0.001	0.001	0.001	0.997
0.001	0.997	0.001	0.001
0.001	0.001	0.001	0.997
0.360	0.190	0.269	0.181
>TTTTTTTT	19-TTTTTTTT	3.817962	-0.000000	0	T:12518.0(58.09%),B:58930.7(67.25%),P:1e0	Tpos:92.6,Tstd:63.3,Bpos:15463.0,Bstd:20222.7,StrandBias:0.3,Multiplicity:1.00
0.266	0.177	0.100	0.457
0.209	0.236	0.108	0.447
0.269	0.033	0.055	0.643
0.175	0.187	0.158	0.479
0.198	0.209	0.107	0.486
0.212	0.213	0.042	0.533
0.220	0.190	0.127	0.463
0.279	0.149	0.126	0.446
>TTTTTTTT	20-TTTTTTTT	3.989708	-0.000000	0	T:13534.0(62.80%),B:60601.6(69.16%),P:1e0	Tpos:100.2,Tstd:61.0,Bpos:15491.6,Bstd:20179.6,StrandBias:0.0,Multiplicity:1.12
0.262	0.202	0.089	0.447
0.249	0.124	0.137	0.490
0.208	0.162	0.140	0.490
0.186	0.231	0.116	0.467
0.174	0.147	0.007	0.672
0.169	0.158	0.106	0.567
0.208	0.188	0.070	0.534
0.283	0.156	0.044	0.517
>NHNHTATC	21-NHNHTATC	5.979954	-0.000000	0	T:8611.0(39.96%),B:39827.2(45.45%),P:1e0	Tpos:101.3,Tstd:51.8,Bpos:15781.1,Bstd:20687.6,StrandBias:-0.2,Multiplicity:1.07
0.197	0.253	0.269	0.282
0.233	0.229	0.185	0.352
0.306	0.271	0.182	0.240
0.264	0.286	0.107	0.343
0.001	0.001	0.018	0.980
0.953	0.027	0.019	0.001
0.001	0.001	0.001	0.997
0.001	0.997	0.001	0.001
>TGATATWK	22-TGATATWK	8.888244	-0.000000	0	T:218.0(1.01%),B:11356.0(12.96%),P:1e0	Tpos:101.2,Tstd:57.4,Bpos:15427.0,Bstd:20960.5,StrandBias:-0.2,Multiplicity:1.00
0.001	0.001	0.001	0.997
0.001	0.001	0.997	0.001
0.997	0.001	0.001	0.001
0.001	0.001	0.001	0.997
0.997	0.001	0.001	0.001
0.406	0.001	0.001	0.592
0.474	0.001	0.081	0.444
0.093	0.215	0.292	0.400
>HATHTKAT	23-HATHTKAT	5.522763	-0.000000	0	T:5183.0(24.05%),B:39845.5(45.47%),P:1e0	Tpos:101.1,Tstd:58.4,Bpos:15438.6,Bstd:20483.5,StrandBias:-0.1,Multiplicity:1.04
0.279	0.410	0.047	0.264
0.520	0.078	0.064	0.338
0.129	0.093	0.257	0.521
0.284	0.340	0.154	0.221
0.280	0.001	0.001	0.718
0.051	0.157	0.389	0.403
0.844	0.005	0.001	0.150
0.092	0.001	0.137	0.770
>AWMAVAGA	24-AWMAVAGA	5.715661	-0.000000	0	T:5980.0(27.75%),B:44892.3(51.23%),P:1e0	Tpos:98.9,Tstd:60.6,Bpos:15678.5,Bstd:20121.6,StrandBias:-0.1,Multiplicity:1.10
0.429	0.240	0.085	0.246
0.410	0.066	0.114	0.410
0.356	0.250	0.194	0.199
0.464	0.122	0.139	0.275
0.336	0.292	0.196	0.175
0.935	0.001	0.001	0.063
0.078	0.001	0.920	0.001
0.962	0.001	0.011	0.026
>TAWRAAAW	25-TAWRAAAW	4.924568	-0.000000	0	T:4906.0(22.76%),B:42688.9(48.72%),P:1e0	Tpos:98.3,Tstd:61.7,Bpos:15055.5,Bstd:20310.2,StrandBias:0.0,Multiplicity:1.03
0.413	0.001	0.009	0.577
0.390	0.212	0.174	0.224
0.555	0.001	0.001	0.443
0.383	0.157	0.236	0.224
0.638	0.001	0.001	0.360
0.399	0.146	0.246	0.209
0.689	0.003	0.001	0.307
0.406	0.003	0.179	0.412
