>NNNNVVMTATCT	1-NNNNVVMTATCT	2.661651	-1397.306969	0	T:16560.0(76.84%),B:50705.3(57.86%),P:1e-606	Tpos:100.9,Tstd:46.1,Bpos:15744.8,Bstd:20655.7,StrandBias:0.0,Multiplicity:1.35
0.271	0.221	0.283	0.225
0.253	0.195	0.248	0.304
0.234	0.284	0.288	0.195
0.273	0.204	0.221	0.302
0.268	0.219	0.337	0.176
0.328	0.230	0.302	0.140
0.347	0.439	0.017	0.197
0.001	0.001	0.001	0.997
0.994	0.004	0.001	0.001
0.001	0.001	0.001	0.997
0.001	0.997	0.001	0.001
0.001	0.001	0.001	0.997
>BCTTATCAGNNN	2-BCTTATCAGNNN	5.661353	-75.568401	0	T:11907.0(55.25%),B:44416.3(50.69%),P:1e-32	Tpos:100.4,Tstd:44.8,Bpos:15648.1,Bstd:20655.8,StrandBias:-0.0,Multiplicity:1.40
0.147	0.285	0.224	0.345
0.128	0.440	0.233	0.198
0.131	0.143	0.005	0.721
0.175	0.008	0.028	0.789
0.958	0.001	0.028	0.013
0.014	0.018	0.010	0.958
0.013	0.973	0.003	0.011
0.978	0.007	0.013	0.002
0.171	0.195	0.486	0.148
0.240	0.264	0.221	0.275
0.260	0.260	0.239	0.241
0.246	0.266	0.254	0.234
>TATCTNWTCNNN	3-TATCTNWTCNNN	6.780887	-49.184782	0	T:11562.0(53.65%),B:43816.7(50.00%),P:1e-21	Tpos:100.8,Tstd:43.9,Bpos:15485.2,Bstd:20558.3,StrandBias:-0.0,Multiplicity:1.42
0.001	0.001	0.001	0.997
0.993	0.005	0.001	0.001
0.001	0.001	0.001	0.997
0.001	0.997	0.001	0.001
0.001	0.001	0.001	0.997
0.203	0.239	0.224	0.335
0.403	0.209	0.122	0.266
0.199	0.183	0.216	0.402
0.264	0.504	0.001	0.231
0.255	0.218	0.189	0.337
0.257	0.237	0.254	0.252
0.266	0.220	0.217	0.298
>CTAATCTAATCT	4-CTAATCTAATCT	13.100496	-0.488848	0	T:19.0(0.09%),B:81.4(0.09%),P:1e0	Tpos:91.5,Tstd:29.4,Bpos:14015.0,Bstd:20195.7,StrandBias:3.2,Multiplicity:1.09
0.167	0.671	0.045	0.117
0.116	0.096	0.001	0.787
0.707	0.182	0.104	0.007
0.785	0.018	0.055	0.142
0.061	0.104	0.090	0.745
0.012	0.805	0.070	0.113
0.016	0.063	0.002	0.919
0.660	0.130	0.130	0.080
0.711	0.127	0.044	0.118
0.044	0.119	0.074	0.763
0.153	0.674	0.072	0.101
0.108	0.128	0.016	0.748
>TCTATCATCTAT	5-TCTATCATCTAT	15.872317	-0.001349	0	T:70.0(0.32%),B:410.7(0.47%),P:1e0	Tpos:117.5,Tstd:51.9,Bpos:15264.0,Bstd:21313.5,StrandBias:0.2,Multiplicity:1.15
0.071	0.020	0.001	0.908
0.040	0.926	0.033	0.001
0.120	0.020	0.001	0.859
0.959	0.001	0.020	0.020
0.001	0.020	0.020	0.959
0.040	0.939	0.001	0.020
0.997	0.001	0.001	0.001
0.001	0.039	0.001	0.959
0.001	0.979	0.001	0.019
0.001	0.016	0.016	0.967
0.853	0.027	0.081	0.039
0.011	0.001	0.020	0.968
>NNNNNNYTWATC	6-NNNNNNYTWATC	7.786777	-0.000393	0	T:12.0(0.06%),B:117.6(0.13%),P:1e0	Tpos:162.0,Tstd:0.0,Bpos:13229.8,Bstd:19480.7,StrandBias:-10.0,Multiplicity:1.00
0.290	0.257	0.193	0.260
0.264	0.256	0.200	0.280
0.286	0.238	0.200	0.277
0.266	0.237	0.231	0.266
0.280	0.235	0.200	0.285
0.201	0.300	0.225	0.274
0.001	0.548	0.032	0.419
0.001	0.001	0.001	0.997
0.496	0.001	0.001	0.502
0.997	0.001	0.001	0.001
0.001	0.001	0.001	0.997
0.001	0.997	0.001	0.001
>MTATCATCTDTC	7-MTATCATCTDTC	11.469333	-0.000002	0	T:4.0(0.02%),B:92.9(0.11%),P:1e0	Tpos:169.5,Tstd:2.5,Bpos:13148.3,Bstd:15575.4,StrandBias:0.0,Multiplicity:1.00
0.502	0.362	0.044	0.092
0.127	0.082	0.048	0.743
0.616	0.143	0.111	0.130
0.109	0.081	0.084	0.726
0.139	0.705	0.083	0.073
0.811	0.081	0.030	0.078
0.113	0.080	0.081	0.726
0.093	0.679	0.096	0.132
0.079	0.064	0.021	0.836
0.298	0.074	0.304	0.324
0.089	0.090	0.084	0.737
0.135	0.608	0.084	0.173
>ATCTANTCTGAT	8-ATCTANTCTGAT	10.247792	-0.000000	0	T:6.0(0.03%),B:130.5(0.15%),P:1e0	Tpos:67.8,Tstd:19.6,Bpos:12091.4,Bstd:18493.9,StrandBias:2.0,Multiplicity:1.00
0.625	0.125	0.115	0.135
0.114	0.114	0.118	0.654
0.136	0.601	0.130	0.133
0.157	0.112	0.069	0.662
0.561	0.137	0.133	0.169
0.250	0.241	0.232	0.278
0.150	0.123	0.119	0.608
0.132	0.617	0.130	0.121
0.171	0.005	0.007	0.817
0.120	0.116	0.616	0.148
0.623	0.124	0.114	0.139
0.126	0.123	0.124	0.627
>NNNHMATCTNHH	9-NNNHMATCTNHH	7.574061	-0.000000	0	T:11.0(0.05%),B:175.9(0.20%),P:1e0	Tpos:101.0,Tstd:0.0,Bpos:12030.3,Bstd:16575.1,StrandBias:-10.0,Multiplicity:1.00
0.268	0.241	0.226	0.265
0.255	0.258	0.207	0.279
0.261	0.269	0.210	0.260
0.325	0.272	0.001	0.402
0.415	0.376	0.208	0.001
0.997	0.001	0.001	0.001
0.001	0.001	0.001	0.997
0.001	0.980	0.001	0.018
0.001	0.001	0.001	0.997
0.209	0.225	0.337	0.229
0.306	0.255	0.104	0.335
0.319	0.250	0.136	0.295
>NNNWMATCTNHH	10-NNNWMATCTNHH	7.770313	-0.000000	0	T:3.0(0.01%),B:116.9(0.13%),P:1e0	Tpos:95.0,Tstd:0.0,Bpos:11579.8,Bstd:15673.3,StrandBias:10.0,Multiplicity:1.00
0.265	0.244	0.222	0.269
0.264	0.256	0.194	0.286
0.276	0.262	0.200	0.262
0.344	0.241	0.001	0.414
0.420	0.369	0.210	0.001
0.997	0.001	0.001	0.001
0.001	0.001	0.001	0.997
0.001	0.997	0.001	0.001
0.001	0.001	0.001	0.997
0.214	0.216	0.341	0.229
0.314	0.240	0.102	0.344
0.330	0.230	0.137	0.304
>TATCTGTGBCTG	11-TATCTGTGBCTG	9.690530	-0.000000	0	T:439.0(2.04%),B:10418.7(11.89%),P:1e0	Tpos:103.9,Tstd:54.0,Bpos:16131.7,Bstd:19767.9,StrandBias:-0.3,Multiplicity:1.00
0.074	0.078	0.091	0.757
0.528	0.245	0.085	0.142
0.123	0.029	0.029	0.819
0.032	0.884	0.008	0.076
0.195	0.001	0.065	0.739
0.001	0.201	0.729	0.069
0.004	0.022	0.075	0.899
0.017	0.056	0.859	0.068
0.032	0.390	0.261	0.317
0.015	0.921	0.001	0.063
0.055	0.001	0.001	0.943
0.044	0.053	0.873	0.030
>ATCTNWNDNNNN	12-ATCTNWNDNNNN	6.920212	-0.000000	0	T:21.0(0.10%),B:1049.5(1.20%),P:1e0	Tpos:153.5,Tstd:15.9,Bpos:14851.1,Bstd:20054.5,StrandBias:0.0,Multiplicity:1.00
0.997	0.001	0.001	0.001
0.001	0.001	0.001	0.997
0.001	0.997	0.001	0.001
0.387	0.001	0.001	0.611
0.232	0.236	0.288	0.244
0.306	0.001	0.239	0.455
0.244	0.216	0.260	0.280
0.305	0.001	0.277	0.418
0.225	0.231	0.275	0.269
0.259	0.247	0.219	0.274
0.258	0.215	0.210	0.317
0.260	0.229	0.219	0.293
>NNNNYHTAATCT	13-NNNNYHTAATCT	8.977152	-0.000000	0	T:71.0(0.33%),B:3171.8(3.62%),P:1e0	Tpos:103.2,Tstd:51.9,Bpos:14566.4,Bstd:20082.5,StrandBias:-0.4,Multiplicity:1.00
0.285	0.214	0.255	0.245
0.285	0.234	0.203	0.279
0.280	0.211	0.192	0.317
0.269	0.254	0.201	0.276
0.180	0.277	0.186	0.357
0.199	0.310	0.163	0.328
0.001	0.001	0.001	0.997
0.666	0.332	0.001	0.001
0.997	0.001	0.001	0.001
0.001	0.001	0.001	0.997
0.001	0.997	0.001	0.001
0.001	0.001	0.001	0.997
>WWWWWWWNAGAT	14-WWWWWWWNAGAT	6.708013	-0.000000	0	T:4123.0(19.13%),B:40844.4(46.61%),P:1e0	Tpos:100.3,Tstd:60.2,Bpos:14969.0,Bstd:19896.9,StrandBias:-0.0,Multiplicity:1.05
0.300	0.158	0.163	0.379
0.377	0.066	0.082	0.475
0.367	0.208	0.074	0.351
0.386	0.120	0.128	0.367
0.322	0.174	0.134	0.369
0.350	0.172	0.019	0.459
0.350	0.132	0.151	0.366
0.206	0.347	0.231	0.216
0.587	0.031	0.041	0.341
0.009	0.015	0.946	0.030
0.938	0.026	0.020	0.016
0.017	0.028	0.041	0.914
>ATCTNNNNNNHN	15-ATCTNNNNNNHN	5.867259	-0.000000	0	T:3198.0(14.84%),B:36418.9(41.56%),P:1e0	Tpos:98.2,Tstd:56.3,Bpos:15199.9,Bstd:20452.3,StrandBias:-0.0,Multiplicity:1.03
0.997	0.001	0.001	0.001
0.001	0.001	0.001	0.997
0.001	0.997	0.001	0.001
0.383	0.001	0.001	0.615
0.217	0.220	0.309	0.254
0.264	0.254	0.172	0.310
0.279	0.250	0.192	0.279
0.297	0.245	0.180	0.279
0.264	0.228	0.203	0.305
0.253	0.248	0.209	0.290
0.267	0.224	0.176	0.333
0.289	0.229	0.208	0.273
>NNWMATCTKHHW	16-NNWMATCTKHHW	7.900791	-0.000000	0	T:442.0(2.05%),B:12141.7(13.86%),P:1e0	Tpos:92.3,Tstd:53.7,Bpos:15020.5,Bstd:20573.8,StrandBias:0.1,Multiplicity:1.01
0.244	0.197	0.228	0.331
0.284	0.269	0.195	0.252
0.257	0.187	0.150	0.406
0.439	0.400	0.160	0.001
0.997	0.001	0.001	0.001
0.001	0.001	0.036	0.962
0.001	0.915	0.001	0.083
0.001	0.001	0.001	0.997
0.157	0.201	0.374	0.268
0.296	0.268	0.030	0.406
0.290	0.274	0.087	0.349
0.366	0.241	0.001	0.392
>NDNNDNNMAGAT	17-NDNNDNNMAGAT	7.072835	-0.000000	0	T:741.0(3.44%),B:22135.1(25.26%),P:1e0	Tpos:102.5,Tstd:59.5,Bpos:15284.5,Bstd:20627.0,StrandBias:-0.4,Multiplicity:1.00
0.301	0.193	0.204	0.302
0.328	0.176	0.195	0.301
0.320	0.194	0.213	0.273
0.333	0.185	0.197	0.285
0.379	0.001	0.243	0.377
0.295	0.157	0.263	0.285
0.346	0.207	0.240	0.207
0.387	0.398	0.001	0.214
0.700	0.001	0.001	0.298
0.001	0.001	0.997	0.001
0.997	0.001	0.001	0.001
0.001	0.001	0.007	0.991
>ATCTNHNNNNNN	18-ATCTNHNNNNNN	5.861529	-0.000000	0	T:2055.0(9.54%),B:32694.0(37.31%),P:1e0	Tpos:105.2,Tstd:61.3,Bpos:15003.5,Bstd:20075.6,StrandBias:0.4,Multiplicity:1.00
0.997	0.001	0.001	0.001
0.001	0.001	0.001	0.997
0.001	0.997	0.001	0.001
0.409	0.001	0.001	0.589
0.217	0.230	0.306	0.247
0.283	0.269	0.145	0.303
0.297	0.232	0.188	0.282
0.281	0.222	0.218	0.279
0.272	0.229	0.208	0.291
0.273	0.230	0.214	0.283
0.270	0.212	0.198	0.320
0.292	0.226	0.211	0.271
>WWMAGATKWNNN	19-WWMAGATKWNNN	8.179317	-0.000000	0	T:8.0(0.04%),B:605.0(0.69%),P:1e0	Tpos:126.0,Tstd:0.0,Bpos:16321.1,Bstd:21409.1,StrandBias:-10.0,Multiplicity:1.00
0.332	0.092	0.208	0.369
0.423	0.097	0.193	0.287
0.245	0.370	0.199	0.185
0.997	0.001	0.001	0.001
0.003	0.001	0.995	0.001
0.997	0.001	0.001	0.001
0.001	0.001	0.001	0.997
0.001	0.219	0.388	0.392
0.434	0.001	0.251	0.314
0.253	0.223	0.247	0.277
0.292	0.198	0.241	0.269
0.297	0.203	0.253	0.246
>WWWTNTMATCTG	20-WWWTNTMATCTG	9.323260	-0.000000	0	T:2.0(0.01%),B:366.7(0.42%),P:1e0	Tpos:164.0,Tstd:0.0,Bpos:16698.1,Bstd:21311.8,StrandBias:10.0,Multiplicity:1.00
0.360	0.158	0.138	0.344
0.340	0.174	0.144	0.342
0.340	0.186	0.133	0.341
0.257	0.182	0.132	0.428
0.284	0.280	0.147	0.289
0.306	0.143	0.060	0.491
0.506	0.399	0.094	0.001
0.997	0.001	0.001	0.001
0.001	0.001	0.001	0.997
0.001	0.997	0.001	0.001
0.001	0.001	0.001	0.997
0.128	0.136	0.525	0.211
>DWMAGATKANDN	21-DWMAGATKANDN	7.720624	-0.000000	0	T:12.0(0.06%),B:214.5(0.24%),P:1e0	Tpos:123.3,Tstd:25.0,Bpos:13817.9,Bstd:20180.0,StrandBias:1.0,Multiplicity:1.00
0.400	0.042	0.272	0.285
0.394	0.049	0.220	0.337
0.298	0.376	0.167	0.159
0.861	0.030	0.053	0.056
0.060	0.073	0.813	0.054
0.751	0.093	0.071	0.085
0.085	0.073	0.131	0.711
0.007	0.184	0.377	0.432
0.524	0.064	0.065	0.347
0.269	0.174	0.286	0.272
0.342	0.164	0.240	0.254
0.274	0.205	0.247	0.274
>ATCTNHNNNNNN	22-ATCTNHNNNNNN	6.672948	-0.000000	0	T:305.0(1.42%),B:14713.6(16.79%),P:1e0	Tpos:95.9,Tstd:58.5,Bpos:14691.6,Bstd:20131.0,StrandBias:0.2,Multiplicity:1.01
0.969	0.016	0.014	0.001
0.002	0.002	0.012	0.984
0.011	0.986	0.002	0.001
0.277	0.004	0.001	0.718
0.209	0.217	0.311	0.263
0.256	0.250	0.151	0.343
0.305	0.224	0.175	0.296
0.303	0.205	0.181	0.312
0.284	0.208	0.191	0.317
0.265	0.228	0.192	0.315
0.310	0.219	0.165	0.306
0.311	0.204	0.186	0.299
>NNHNNNYTTATC	23-NNHNNNYTTATC	7.281999	-0.000000	0	T:9.0(0.04%),B:356.0(0.41%),P:1e0	Tpos:146.0,Tstd:45.0,Bpos:16577.5,Bstd:19186.8,StrandBias:10.0,Multiplicity:1.00
0.298	0.220	0.191	0.290
0.266	0.251	0.183	0.299
0.337	0.293	0.029	0.341
0.273	0.239	0.205	0.283
0.256	0.240	0.205	0.299
0.231	0.270	0.207	0.292
0.010	0.427	0.029	0.534
0.203	0.001	0.138	0.658
0.341	0.006	0.003	0.650
0.778	0.075	0.074	0.073
0.066	0.062	0.066	0.806
0.058	0.806	0.068	0.068
>RAWWAMAGATKA	24-RAWWAMAGATKA	9.966794	-0.000000	0	T:4.0(0.02%),B:148.5(0.17%),P:1e0	Tpos:28.0,Tstd:0.0,Bpos:9927.9,Bstd:12127.7,StrandBias:-10.0,Multiplicity:1.00
0.386	0.072	0.320	0.223
0.536	0.078	0.091	0.295
0.338	0.065	0.174	0.422
0.393	0.067	0.192	0.348
0.543	0.052	0.204	0.201
0.278	0.417	0.159	0.145
0.904	0.022	0.014	0.060
0.037	0.020	0.920	0.023
0.927	0.033	0.015	0.025
0.028	0.035	0.021	0.916
0.010	0.095	0.394	0.501
0.462	0.016	0.241	0.281
>NNWAACCACADN	25-NNWAACCACADN	9.716604	-0.000000	0	T:352.0(1.63%),B:8024.8(9.16%),P:1e0	Tpos:99.8,Tstd:52.4,Bpos:16512.8,Bstd:20198.0,StrandBias:0.6,Multiplicity:1.02
0.206	0.281	0.205	0.308
0.274	0.306	0.212	0.208
0.553	0.001	0.001	0.445
0.661	0.001	0.337	0.001
0.493	0.229	0.277	0.001
0.001	0.997	0.001	0.001
0.001	0.997	0.001	0.001
0.997	0.001	0.001	0.001
0.001	0.997	0.001	0.001
0.997	0.001	0.001	0.001
0.325	0.079	0.365	0.231
0.315	0.228	0.226	0.231
