>AGAGAGAGAGAG	8-AGAGAGAGAGAG,BestGuess:RAMOSA1/MA1416.1/Jaspar(0.937)	4.086687	-956.461760	0	T:14311.0(67.46%),B:26597.6(49.99%),P:1e-415
0.694	0.059	0.128	0.119
0.158	0.058	0.686	0.098
0.806	0.013	0.081	0.100
0.169	0.051	0.724	0.056
0.834	0.011	0.043	0.112
0.131	0.021	0.819	0.029
0.865	0.011	0.023	0.101
0.132	0.032	0.761	0.075
0.799	0.014	0.076	0.111
0.161	0.077	0.667	0.095
0.757	0.013	0.106	0.124
0.191	0.094	0.594	0.121
