>GTCGATCGACAC	8-GTGTCGATCGAC	3.067714	-936.583091	0	T:13034.0(67.70%),B:27189.8(49.86%),P:1e-406
0.162	0.074	0.684	0.080
0.109	0.080	0.006	0.805
0.103	0.691	0.057	0.149
0.109	0.063	0.771	0.057
0.702	0.063	0.081	0.154
0.121	0.132	0.041	0.706
0.023	0.798	0.012	0.167
0.144	0.103	0.690	0.063
0.857	0.011	0.023	0.109
0.092	0.672	0.046	0.190
0.840	0.046	0.011	0.103
0.149	0.615	0.081	0.155
