>HAAAWTTYWAAH	4-DTTWRAAWTTTD	3.679961	-1431.845440	0	T:18494.0(96.06%),B:44683.3(81.94%),P:1e-621
0.321	0.260	0.138	0.281
0.604	0.188	0.016	0.192
0.733	0.038	0.076	0.153
0.536	0.130	0.095	0.239
0.340	0.181	0.135	0.344
0.001	0.338	0.162	0.498
0.001	0.423	0.001	0.575
0.204	0.358	0.081	0.356
0.447	0.226	0.025	0.303
0.532	0.172	0.041	0.255
0.614	0.070	0.028	0.288
0.329	0.190	0.170	0.311
