>WWTTKGGVCAAA	7-TTTGBCCMAAWW	1.607144	-957.939602	0	T:19228.0(99.88%),B:51099.9(93.70%),P:1e-416
0.431	0.212	0.030	0.328
0.337	0.158	0.128	0.378
0.373	0.025	0.019	0.583
0.097	0.001	0.001	0.901
0.121	0.155	0.361	0.362
0.097	0.287	0.473	0.144
0.261	0.084	0.504	0.151
0.256	0.324	0.289	0.131
0.174	0.643	0.074	0.109
0.584	0.158	0.017	0.241
0.967	0.001	0.001	0.031
0.616	0.066	0.234	0.084
