>AGYTTGGTTAGT	3-ACTAACCAARCT	5.010893	-1488.554116	0	T:15073.0(78.29%),B:30967.7(56.79%),P:1e-646
0.684	0.047	0.078	0.191
0.201	0.086	0.441	0.272
0.217	0.392	0.099	0.291
0.123	0.040	0.040	0.797
0.082	0.026	0.046	0.846
0.136	0.093	0.467	0.304
0.182	0.095	0.447	0.275
0.138	0.062	0.046	0.754
0.131	0.062	0.098	0.709
0.576	0.060	0.107	0.257
0.176	0.097	0.467	0.261
0.137	0.056	0.079	0.728
