>HWGHAWHSHHHN	24-NDDDSDWTDCWD	-7.310646	0.000000	0	T:19252.0(100.00%),B:54533.4(100.00%),P:1e0
0.348	0.308	0.032	0.312
0.547	0.001	0.001	0.451
0.001	0.399	0.599	0.001
0.339	0.382	0.001	0.277
0.474	0.318	0.002	0.206
0.406	0.252	0.001	0.341
0.421	0.304	0.001	0.275
0.001	0.376	0.447	0.177
0.371	0.345	0.001	0.283
0.398	0.305	0.001	0.296
0.378	0.253	0.001	0.369
0.240	0.241	0.263	0.256
