>WAAAAAAAAAAW	5-WAAAAAAAAAAW	3.975663	-1296.253317	0	T:16372.0(85.04%),B:36329.1(66.62%),P:1e-562
0.425	0.136	0.101	0.338
0.580	0.084	0.078	0.258
0.609	0.085	0.080	0.226
0.573	0.079	0.085	0.263
0.525	0.090	0.118	0.267
0.578	0.083	0.078	0.261
0.566	0.092	0.079	0.263
0.538	0.095	0.077	0.290
0.572	0.094	0.084	0.250
0.609	0.084	0.075	0.232
0.592	0.075	0.076	0.257
0.456	0.105	0.110	0.330
