>HTCTCATCTCWH	1-DWGAGATGAGAD	3.358351	-1668.288140	0	T:19166.0(99.55%),B:48213.1(88.41%),P:1e-724
0.331	0.255	0.120	0.294
0.241	0.262	0.001	0.496
0.220	0.419	0.215	0.146
0.328	0.001	0.001	0.670
0.001	0.666	0.199	0.134
0.502	0.160	0.001	0.337
0.002	0.362	0.008	0.628
0.286	0.462	0.042	0.210
0.370	0.001	0.001	0.628
0.130	0.508	0.160	0.202
0.359	0.184	0.001	0.456
0.263	0.256	0.146	0.335
