>ATTTCGTCGAAC	1-ATTTCGTCGAAC	10.080702	-692.198409	0	T:193.0(29.07%),B:67.0(0.16%),P:1e-300	Tpos:138.9,Tstd:69.2,Bpos:169.6,Bstd:243.0,StrandBias:0.4,Multiplicity:1.03
0.964	0.012	0.012	0.012
0.046	0.001	0.001	0.952
0.034	0.001	0.001	0.964
0.011	0.001	0.011	0.977
0.001	0.948	0.009	0.042
0.328	0.023	0.648	0.001
0.001	0.001	0.001	0.997
0.001	0.997	0.001	0.001
0.030	0.001	0.968	0.001
0.997	0.001	0.001	0.001
0.940	0.001	0.058	0.001
0.001	0.997	0.001	0.001
>GGACTTTGGCTA	2-GGACTTTGGCTA	-13.945073	-153.566674	0	T:630.0(94.88%),B:28726.6(67.37%),P:1e-66	Tpos:178.9,Tstd:145.3,Bpos:205.9,Bstd:357.0,StrandBias:0.0,Multiplicity:2.23
0.001	0.001	0.997	0.001
0.001	0.001	0.997	0.001
0.997	0.001	0.001	0.001
0.001	0.997	0.001	0.001
0.001	0.001	0.001	0.997
0.001	0.001	0.001	0.997
0.001	0.124	0.001	0.874
0.001	0.001	0.997	0.001
0.001	0.001	0.937	0.061
0.001	0.937	0.001	0.061
0.001	0.001	0.001	0.997
0.997	0.001	0.001	0.001
>TCTYGCACRCCA	3-TCTYGCACRCCA	-8.419985	-151.276669	0	T:624.0(93.98%),B:28187.1(66.10%),P:1e-65	Tpos:158.1,Tstd:114.6,Bpos:201.7,Bstd:355.8,StrandBias:0.1,Multiplicity:2.15
0.262	0.276	0.001	0.462
0.001	0.723	0.001	0.275
0.258	0.001	0.017	0.724
0.001	0.444	0.001	0.554
0.244	0.001	0.754	0.001
0.001	0.997	0.001	0.001
0.754	0.244	0.001	0.001
0.001	0.997	0.001	0.001
0.492	0.001	0.506	0.001
0.001	0.997	0.001	0.001
0.001	0.997	0.001	0.001
0.997	0.001	0.001	0.001
>GCCTSANAGAGA	4-GCCTSANAGAGA	6.761257	-132.491883	0	T:74.0(11.14%),B:309.1(0.72%),P:1e-57	Tpos:111.4,Tstd:42.4,Bpos:185.2,Bstd:246.2,StrandBias:-0.8,Multiplicity:1.00
0.001	0.001	0.997	0.001
0.249	0.749	0.001	0.001
0.001	0.749	0.249	0.001
0.001	0.001	0.001	0.997
0.001	0.499	0.499	0.001
0.997	0.001	0.001	0.001
0.250	0.250	0.250	0.250
0.997	0.001	0.001	0.001
0.001	0.249	0.749	0.001
0.997	0.001	0.001	0.001
0.001	0.001	0.997	0.001
0.997	0.001	0.001	0.001
>TYRGTTARWGTT	5-TYRGTTARWGTT	-6.920512	-125.208566	0	T:564.0(84.94%),B:24085.3(56.48%),P:1e-54	Tpos:175.6,Tstd:148.1,Bpos:296.5,Bstd:387.8,StrandBias:-0.1,Multiplicity:2.35
0.001	0.001	0.001	0.997
0.001	0.445	0.001	0.553
0.440	0.001	0.558	0.001
0.001	0.001	0.997	0.001
0.001	0.001	0.001	0.997
0.001	0.001	0.001	0.997
0.997	0.001	0.001	0.001
0.440	0.001	0.558	0.001
0.440	0.001	0.001	0.558
0.001	0.001	0.997	0.001
0.001	0.001	0.001	0.997
0.001	0.001	0.001	0.997
>TCCTTGTTAGAA	6-TCCTTGTTAGAA	-11.063613	-120.896333	0	T:566.0(85.24%),B:24493.4(57.44%),P:1e-52	Tpos:177.3,Tstd:142.4,Bpos:265.9,Bstd:367.8,StrandBias:0.1,Multiplicity:2.42
0.001	0.001	0.001	0.997
0.001	0.997	0.001	0.001
0.001	0.997	0.001	0.001
0.001	0.001	0.001	0.997
0.001	0.001	0.001	0.997
0.044	0.001	0.954	0.001
0.001	0.001	0.001	0.997
0.001	0.001	0.001	0.997
0.997	0.001	0.001	0.001
0.001	0.001	0.997	0.001
0.997	0.001	0.001	0.001
0.997	0.001	0.001	0.001
>GCGTAGGMWNWK	7-GCGTAGGMWNWK	-3.520279	-120.161585	0	T:657.0(98.95%),B:34091.0(79.95%),P:1e-52	Tpos:163.5,Tstd:123.4,Bpos:192.8,Bstd:384.0,StrandBias:0.0,Multiplicity:2.12
0.019	0.242	0.738	0.001
0.001	0.757	0.121	0.121
0.001	0.372	0.626	0.001
0.001	0.372	0.001	0.626
0.737	0.131	0.131	0.001
0.374	0.001	0.624	0.001
0.001	0.001	0.997	0.001
0.506	0.372	0.121	0.001
0.395	0.242	0.001	0.363
0.242	0.242	0.242	0.274
0.484	0.001	0.019	0.496
0.001	0.001	0.505	0.493
>TTCTTCTTGCTT	8-TTCTTCTTGCTT	-11.788205	-118.531670	0	T:641.0(96.54%),B:31920.7(74.86%),P:1e-51	Tpos:173.9,Tstd:148.3,Bpos:221.0,Bstd:338.9,StrandBias:-0.1,Multiplicity:1.97
0.001	0.001	0.001	0.997
0.001	0.001	0.001	0.997
0.001	0.997	0.001	0.001
0.001	0.265	0.006	0.728
0.001	0.001	0.001	0.997
0.001	0.997	0.001	0.001
0.001	0.001	0.001	0.997
0.323	0.001	0.001	0.675
0.001	0.001	0.997	0.001
0.323	0.675	0.001	0.001
0.001	0.001	0.001	0.997
0.264	0.001	0.001	0.734
>GAAGCAAGAAGA	9-GAAGCAAGAAGA	2.686427	-107.274274	0	T:654.0(98.49%),B:34327.4(80.50%),P:1e-46	Tpos:162.7,Tstd:137.1,Bpos:192.2,Bstd:323.1,StrandBias:-0.3,Multiplicity:2.07
0.001	0.029	0.941	0.029
0.700	0.088	0.183	0.029
0.829	0.059	0.058	0.054
0.280	0.088	0.613	0.019
0.165	0.496	0.164	0.175
0.627	0.145	0.117	0.111
0.603	0.174	0.136	0.087
0.135	0.148	0.569	0.148
0.741	0.029	0.177	0.053
0.644	0.116	0.182	0.058
0.173	0.177	0.596	0.054
0.647	0.058	0.189	0.106
>CATACACATGAC	10-CATACACATGAC	10.409522	-106.535225	0	T:35.0(5.27%),B:28.5(0.07%),P:1e-46	Tpos:169.0,Tstd:125.7,Bpos:408.3,Bstd:424.8,StrandBias:-0.3,Multiplicity:1.51
0.100	0.700	0.100	0.100
0.700	0.100	0.100	0.100
0.100	0.100	0.100	0.700
0.700	0.100	0.100	0.100
0.100	0.700	0.100	0.100
0.700	0.100	0.100	0.100
0.100	0.700	0.100	0.100
0.700	0.100	0.100	0.100
0.100	0.100	0.100	0.700
0.100	0.100	0.700	0.100
0.700	0.100	0.100	0.100
0.100	0.700	0.100	0.100
>AAAGACTCATAC	11-AAAGACTCATAC	-7.400724	-104.933499	0	T:577.0(86.90%),B:26357.6(61.81%),P:1e-45	Tpos:175.4,Tstd:143.4,Bpos:289.0,Bstd:368.5,StrandBias:-0.0,Multiplicity:2.07
0.693	0.001	0.001	0.305
0.693	0.001	0.305	0.001
0.997	0.001	0.001	0.001
0.001	0.001	0.997	0.001
0.997	0.001	0.001	0.001
0.305	0.693	0.001	0.001
0.001	0.001	0.001	0.997
0.001	0.693	0.001	0.305
0.997	0.001	0.001	0.001
0.001	0.001	0.001	0.997
0.693	0.001	0.001	0.305
0.001	0.635	0.001	0.363
>ATTGAGTATAAG	12-ATTGAGTATAAG	13.020763	-96.624723	0	T:30.0(4.52%),B:18.4(0.04%),P:1e-41	Tpos:167.7,Tstd:132.6,Bpos:469.8,Bstd:488.6,StrandBias:0.5,Multiplicity:1.37
0.997	0.001	0.001	0.001
0.049	0.001	0.001	0.949
0.001	0.001	0.001	0.997
0.050	0.001	0.899	0.050
0.997	0.001	0.001	0.001
0.001	0.001	0.997	0.001
0.001	0.001	0.001	0.997
0.997	0.001	0.001	0.001
0.001	0.049	0.001	0.949
0.997	0.001	0.001	0.001
0.958	0.001	0.040	0.001
0.050	0.100	0.849	0.001
>TGAAAGCTTTGA	13-TGAAAGCTTTGA	11.681787	-77.636282	0	T:28.0(4.22%),B:35.0(0.08%),P:1e-33	Tpos:166.9,Tstd:137.6,Bpos:542.9,Bstd:471.5,StrandBias:0.9,Multiplicity:1.46
0.001	0.049	0.001	0.949
0.041	0.191	0.718	0.050
0.997	0.001	0.001	0.001
0.997	0.001	0.001	0.001
0.997	0.001	0.001	0.001
0.001	0.040	0.958	0.001
0.001	0.997	0.001	0.001
0.001	0.001	0.001	0.997
0.001	0.001	0.001	0.997
0.001	0.001	0.001	0.997
0.001	0.001	0.997	0.001
0.997	0.001	0.001	0.001
>TCATATTTGACT	14-TCATATTTGACT	12.796617	-76.576105	0	T:27.0(4.07%),B:30.2(0.07%),P:1e-33	Tpos:148.1,Tstd:128.4,Bpos:533.5,Bstd:497.3,StrandBias:0.5,Multiplicity:1.48
0.001	0.001	0.001	0.997
0.001	0.997	0.001	0.001
0.654	0.001	0.344	0.001
0.387	0.001	0.001	0.611
0.997	0.001	0.001	0.001
0.292	0.001	0.001	0.706
0.345	0.001	0.001	0.653
0.001	0.001	0.001	0.997
0.001	0.001	0.997	0.001
0.997	0.001	0.001	0.001
0.001	0.706	0.001	0.292
0.041	0.001	0.001	0.957
>HAAGAAYTTAAW	15-HAAGAAYTTAAW	2.491629	-67.974278	0	T:658.0(99.10%),B:37268.8(87.40%),P:1e-29	Tpos:174.1,Tstd:141.9,Bpos:322.3,Bstd:398.0,StrandBias:-0.0,Multiplicity:1.94
0.295	0.272	0.092	0.342
0.547	0.113	0.091	0.249
0.409	0.182	0.250	0.159
0.204	0.159	0.410	0.226
0.796	0.113	0.023	0.068
0.591	0.023	0.227	0.159
0.227	0.409	0.068	0.296
0.159	0.159	0.023	0.659
0.068	0.045	0.205	0.682
0.682	0.249	0.068	0.001
0.864	0.023	0.068	0.045
0.362	0.204	0.024	0.410
>CCGVMTCCGAWT	16-CCGVMTCCGAWT	-2.784058	-33.251196	0	T:664.0(100.00%),B:40543.2(95.08%),P:1e-14	Tpos:168.9,Tstd:130.2,Bpos:188.9,Bstd:366.3,StrandBias:0.0,Multiplicity:2.10
0.289	0.571	0.001	0.139
0.281	0.717	0.001	0.001
0.001	0.151	0.551	0.297
0.296	0.283	0.420	0.001
0.572	0.426	0.001	0.001
0.146	0.282	0.138	0.434
0.007	0.552	0.289	0.152
0.001	0.854	0.137	0.008
0.138	0.138	0.717	0.007
0.688	0.137	0.174	0.001
0.564	0.001	0.001	0.434
0.152	0.275	0.014	0.559
>NNNNNNNNNNNN	17-NNNNNNNNNNNN	-nan	0.000000	0	T:0.0(0.00%),B:0.0(0.00%),P:1e0	Tpos:0.0,Tstd:0.0,Bpos:0.0,Bstd:0.0,StrandBias:0.0,Multiplicity:1.00
-nan	-nan	-nan	-nan
-nan	-nan	-nan	-nan
-nan	-nan	-nan	-nan
-nan	-nan	-nan	-nan
-nan	-nan	-nan	-nan
-nan	-nan	-nan	-nan
-nan	-nan	-nan	-nan
-nan	-nan	-nan	-nan
-nan	-nan	-nan	-nan
-nan	-nan	-nan	-nan
-nan	-nan	-nan	-nan
-nan	-nan	-nan	-nan
>NNNNNNNNNNNN	18-NNNNNNNNNNNN	-nan	0.000000	0	T:0.0(0.00%),B:0.0(0.00%),P:1e0	Tpos:0.0,Tstd:0.0,Bpos:0.0,Bstd:0.0,StrandBias:0.0,Multiplicity:1.00
-nan	-nan	-nan	-nan
-nan	-nan	-nan	-nan
-nan	-nan	-nan	-nan
-nan	-nan	-nan	-nan
-nan	-nan	-nan	-nan
-nan	-nan	-nan	-nan
-nan	-nan	-nan	-nan
-nan	-nan	-nan	-nan
-nan	-nan	-nan	-nan
-nan	-nan	-nan	-nan
-nan	-nan	-nan	-nan
-nan	-nan	-nan	-nan
>NNNNNNNNNNNN	19-NNNNNNNNNNNN	-nan	0.000000	0	T:0.0(0.00%),B:0.0(0.00%),P:1e0	Tpos:0.0,Tstd:0.0,Bpos:0.0,Bstd:0.0,StrandBias:0.0,Multiplicity:1.00
-nan	-nan	-nan	-nan
-nan	-nan	-nan	-nan
-nan	-nan	-nan	-nan
-nan	-nan	-nan	-nan
-nan	-nan	-nan	-nan
-nan	-nan	-nan	-nan
-nan	-nan	-nan	-nan
-nan	-nan	-nan	-nan
-nan	-nan	-nan	-nan
-nan	-nan	-nan	-nan
-nan	-nan	-nan	-nan
-nan	-nan	-nan	-nan
>NNNNNNNNNNNN	20-NNNNNNNNNNNN	-nan	0.000000	0	T:0.0(0.00%),B:0.0(0.00%),P:1e0	Tpos:0.0,Tstd:0.0,Bpos:0.0,Bstd:0.0,StrandBias:0.0,Multiplicity:1.00
-nan	-nan	-nan	-nan
-nan	-nan	-nan	-nan
-nan	-nan	-nan	-nan
-nan	-nan	-nan	-nan
-nan	-nan	-nan	-nan
-nan	-nan	-nan	-nan
-nan	-nan	-nan	-nan
-nan	-nan	-nan	-nan
-nan	-nan	-nan	-nan
-nan	-nan	-nan	-nan
-nan	-nan	-nan	-nan
-nan	-nan	-nan	-nan
>NNNNNNNNNNNN	21-NNNNNNNNNNNN	-nan	0.000000	0	T:0.0(0.00%),B:0.0(0.00%),P:1e0	Tpos:0.0,Tstd:0.0,Bpos:0.0,Bstd:0.0,StrandBias:0.0,Multiplicity:1.00
-nan	-nan	-nan	-nan
-nan	-nan	-nan	-nan
-nan	-nan	-nan	-nan
-nan	-nan	-nan	-nan
-nan	-nan	-nan	-nan
-nan	-nan	-nan	-nan
-nan	-nan	-nan	-nan
-nan	-nan	-nan	-nan
-nan	-nan	-nan	-nan
-nan	-nan	-nan	-nan
-nan	-nan	-nan	-nan
-nan	-nan	-nan	-nan
>NNNNNNNNNNNN	22-NNNNNNNNNNNN	-nan	0.000000	0	T:0.0(0.00%),B:0.0(0.00%),P:1e0	Tpos:0.0,Tstd:0.0,Bpos:0.0,Bstd:0.0,StrandBias:0.0,Multiplicity:1.00
-nan	-nan	-nan	-nan
-nan	-nan	-nan	-nan
-nan	-nan	-nan	-nan
-nan	-nan	-nan	-nan
-nan	-nan	-nan	-nan
-nan	-nan	-nan	-nan
-nan	-nan	-nan	-nan
-nan	-nan	-nan	-nan
-nan	-nan	-nan	-nan
-nan	-nan	-nan	-nan
-nan	-nan	-nan	-nan
-nan	-nan	-nan	-nan
>NNNNNNNNNNNN	23-NNNNNNNNNNNN	-nan	0.000000	0	T:0.0(0.00%),B:0.0(0.00%),P:1e0	Tpos:0.0,Tstd:0.0,Bpos:0.0,Bstd:0.0,StrandBias:0.0,Multiplicity:1.00
-nan	-nan	-nan	-nan
-nan	-nan	-nan	-nan
-nan	-nan	-nan	-nan
-nan	-nan	-nan	-nan
-nan	-nan	-nan	-nan
-nan	-nan	-nan	-nan
-nan	-nan	-nan	-nan
-nan	-nan	-nan	-nan
-nan	-nan	-nan	-nan
-nan	-nan	-nan	-nan
-nan	-nan	-nan	-nan
-nan	-nan	-nan	-nan
>NNNNNNNNNNNN	24-NNNNNNNNNNNN	-nan	0.000000	0	T:0.0(0.00%),B:0.0(0.00%),P:1e0	Tpos:0.0,Tstd:0.0,Bpos:0.0,Bstd:0.0,StrandBias:0.0,Multiplicity:1.00
-nan	-nan	-nan	-nan
-nan	-nan	-nan	-nan
-nan	-nan	-nan	-nan
-nan	-nan	-nan	-nan
-nan	-nan	-nan	-nan
-nan	-nan	-nan	-nan
-nan	-nan	-nan	-nan
-nan	-nan	-nan	-nan
-nan	-nan	-nan	-nan
-nan	-nan	-nan	-nan
-nan	-nan	-nan	-nan
-nan	-nan	-nan	-nan
>NNNNNNNNNNNN	25-NNNNNNNNNNNN	-nan	0.000000	0	T:0.0(0.00%),B:0.0(0.00%),P:1e0	Tpos:0.0,Tstd:0.0,Bpos:0.0,Bstd:0.0,StrandBias:0.0,Multiplicity:1.00
-nan	-nan	-nan	-nan
-nan	-nan	-nan	-nan
-nan	-nan	-nan	-nan
-nan	-nan	-nan	-nan
-nan	-nan	-nan	-nan
-nan	-nan	-nan	-nan
-nan	-nan	-nan	-nan
-nan	-nan	-nan	-nan
-nan	-nan	-nan	-nan
-nan	-nan	-nan	-nan
-nan	-nan	-nan	-nan
-nan	-nan	-nan	-nan
