>TTCGTCGAAC	1-TTCGTCGAAC	7.529247	-556.500480	0	T:207.0(31.17%),B:315.9(0.74%),P:1e-241	Tpos:140.9,Tstd:77.1,Bpos:190.2,Bstd:269.9,StrandBias:0.5,Multiplicity:1.06
0.025	0.001	0.001	0.973
0.021	0.007	0.010	0.962
0.001	0.960	0.001	0.038
0.302	0.020	0.663	0.015
0.001	0.001	0.001	0.997
0.001	0.992	0.006	0.001
0.024	0.001	0.974	0.001
0.997	0.001	0.001	0.001
0.939	0.001	0.059	0.001
0.001	0.997	0.001	0.001
>CTCTSAGRCA	2-CTCTSAGRCA	8.457759	-231.979751	0	T:115.0(17.32%),B:374.8(0.88%),P:1e-100	Tpos:140.3,Tstd:75.2,Bpos:207.1,Bstd:316.2,StrandBias:0.4,Multiplicity:1.10
0.001	0.963	0.001	0.035
0.324	0.001	0.151	0.524
0.107	0.488	0.133	0.272
0.075	0.064	0.001	0.860
0.001	0.491	0.430	0.078
0.918	0.080	0.001	0.001
0.100	0.134	0.765	0.001
0.428	0.001	0.570	0.001
0.058	0.940	0.001	0.001
0.997	0.001	0.001	0.001
>KGSTTWGTGT	3-KGSTTWGTGT	3.736260	-154.275087	0	T:572.0(86.14%),B:23191.5(54.39%),P:1e-67	Tpos:166.2,Tstd:132.9,Bpos:250.1,Bstd:345.5,StrandBias:0.0,Multiplicity:2.34
0.066	0.066	0.444	0.425
0.081	0.081	0.798	0.040
0.001	0.426	0.467	0.106
0.033	0.040	0.074	0.853
0.033	0.033	0.106	0.828
0.490	0.066	0.033	0.411
0.081	0.033	0.772	0.114
0.147	0.033	0.073	0.747
0.040	0.033	0.773	0.154
0.040	0.033	0.066	0.861
>AAGCTTTGAG	4-AAGCTTTGAG	-9.968581	-136.204638	0	T:640.0(96.39%),B:30822.2(72.28%),P:1e-59	Tpos:165.6,Tstd:131.2,Bpos:218.2,Bstd:359.2,StrandBias:0.1,Multiplicity:2.16
0.997	0.001	0.001	0.001
0.997	0.001	0.001	0.001
0.001	0.001	0.997	0.001
0.001	0.951	0.047	0.001
0.001	0.001	0.001	0.997
0.001	0.001	0.001	0.997
0.047	0.001	0.001	0.951
0.001	0.001	0.965	0.033
0.997	0.001	0.001	0.001
0.001	0.001	0.997	0.001
>WTGTCATGTG	5-WTGTCATGTG	-3.918981	-126.721978	0	T:600.0(90.36%),B:27127.4(63.62%),P:1e-55	Tpos:165.1,Tstd:137.2,Bpos:237.2,Bstd:356.2,StrandBias:0.0,Multiplicity:2.01
0.419	0.001	0.180	0.400
0.001	0.002	0.360	0.637
0.001	0.001	0.997	0.001
0.001	0.001	0.179	0.819
0.001	0.598	0.001	0.400
0.997	0.001	0.001	0.001
0.180	0.180	0.001	0.639
0.001	0.001	0.997	0.001
0.001	0.001	0.001	0.997
0.001	0.001	0.997	0.001
>AGCTTTGAGA	6-AGCTTTGAGA	3.464634	-121.492585	0	T:635.0(95.63%),B:31032.7(72.77%),P:1e-52	Tpos:165.7,Tstd:121.0,Bpos:259.3,Bstd:360.9,StrandBias:0.1,Multiplicity:1.59
0.628	0.134	0.100	0.138
0.163	0.069	0.542	0.226
0.194	0.570	0.086	0.150
0.154	0.046	0.101	0.699
0.167	0.097	0.181	0.555
0.124	0.105	0.171	0.600
0.180	0.147	0.524	0.149
0.587	0.148	0.104	0.161
0.208	0.099	0.569	0.124
0.729	0.095	0.104	0.072
>AAGACTCATA	7-AAGACTCATA	-9.797122	-111.087791	0	T:628.0(94.58%),B:30838.4(72.32%),P:1e-48	Tpos:172.1,Tstd:136.3,Bpos:240.9,Bstd:348.5,StrandBias:-0.1,Multiplicity:2.14
0.997	0.001	0.001	0.001
0.997	0.001	0.001	0.001
0.001	0.001	0.997	0.001
0.944	0.001	0.054	0.001
0.001	0.997	0.001	0.001
0.001	0.001	0.001	0.997
0.001	0.997	0.001	0.001
0.997	0.001	0.001	0.001
0.001	0.001	0.001	0.997
0.997	0.001	0.001	0.001
>WGTTDGTGTA	8-WGTTDGTGTA	4.470483	-109.809531	0	T:540.0(81.33%),B:23080.7(54.13%),P:1e-47	Tpos:176.9,Tstd:140.4,Bpos:347.2,Bstd:397.9,StrandBias:0.0,Multiplicity:1.94
0.323	0.068	0.169	0.440
0.058	0.219	0.441	0.283
0.258	0.013	0.010	0.719
0.050	0.035	0.174	0.741
0.366	0.082	0.284	0.267
0.135	0.025	0.719	0.121
0.137	0.015	0.063	0.785
0.213	0.056	0.526	0.205
0.119	0.041	0.061	0.779
0.532	0.065	0.099	0.304
>CGAATATGAC	9-CGAATATGAC	4.458463	-109.430323	0	T:565.0(85.09%),B:25082.7(58.82%),P:1e-47	Tpos:177.0,Tstd:139.9,Bpos:240.5,Bstd:376.0,StrandBias:-0.1,Multiplicity:2.35
0.100	0.700	0.100	0.100
0.100	0.100	0.700	0.100
0.700	0.100	0.100	0.100
0.700	0.100	0.100	0.100
0.100	0.100	0.100	0.700
0.700	0.100	0.100	0.100
0.100	0.100	0.100	0.700
0.100	0.100	0.700	0.100
0.700	0.100	0.100	0.100
0.100	0.700	0.100	0.100
>TCTAACTAGG	10-TCTAACTAGG	-3.488474	-108.170445	0	T:533.0(80.27%),B:22646.9(53.11%),P:1e-46	Tpos:168.7,Tstd:137.5,Bpos:262.3,Bstd:365.8,StrandBias:-0.1,Multiplicity:2.11
0.002	0.001	0.238	0.759
0.001	0.791	0.207	0.001
0.001	0.001	0.001	0.997
0.761	0.237	0.001	0.001
0.997	0.001	0.001	0.001
0.238	0.521	0.001	0.240
0.313	0.002	0.001	0.684
0.997	0.001	0.001	0.001
0.001	0.001	0.997	0.001
0.001	0.001	0.997	0.001
>CTCTCTCTCT	11-CTCTCTCTCT	-4.447341	-106.001295	0	T:637.0(95.93%),B:32156.6(75.41%),P:1e-46	Tpos:151.3,Tstd:114.8,Bpos:169.0,Bstd:300.8,StrandBias:0.1,Multiplicity:2.17
0.001	0.929	0.005	0.065
0.001	0.097	0.001	0.901
0.013	0.923	0.047	0.017
0.001	0.107	0.001	0.891
0.001	0.949	0.010	0.040
0.001	0.108	0.001	0.890
0.001	0.997	0.001	0.001
0.001	0.176	0.001	0.822
0.001	0.943	0.010	0.046
0.001	0.171	0.001	0.827
>AWTTWWTTTW	12-AWTTWWTTTW	2.508028	-65.094666	0	T:627.0(94.43%),B:33644.4(78.90%),P:1e-28	Tpos:197.9,Tstd:170.3,Bpos:395.5,Bstd:430.3,StrandBias:-0.0,Multiplicity:2.17
0.612	0.055	0.049	0.284
0.404	0.049	0.001	0.546
0.209	0.099	0.100	0.592
0.185	0.054	0.179	0.582
0.537	0.001	0.074	0.388
0.479	0.074	0.001	0.446
0.138	0.025	0.025	0.812
0.160	0.049	0.001	0.790
0.312	0.160	0.025	0.503
0.482	0.119	0.025	0.373
>TCTCTCTCTC	13-TCTCTCTCTC	0.000000	-8.459181	0	T:664.0(100.00%),B:42098.9(98.72%),P:1e-3
0.100	0.100	0.100	0.700
0.100	0.700	0.100	0.100
0.100	0.100	0.100	0.700
0.100	0.700	0.100	0.100
0.100	0.100	0.100	0.700
0.100	0.700	0.100	0.100
0.100	0.100	0.100	0.700
0.100	0.700	0.100	0.100
0.100	0.100	0.100	0.700
0.100	0.700	0.100	0.100
>AACCGAACCG	14-AACCGAACCG	0.000000	-4.231669	0	T:664.0(100.00%),B:42369.2(99.36%),P:1e-1
0.700	0.100	0.100	0.100
0.700	0.100	0.100	0.100
0.100	0.700	0.100	0.100
0.100	0.700	0.100	0.100
0.100	0.100	0.700	0.100
0.700	0.100	0.100	0.100
0.700	0.100	0.100	0.100
0.100	0.700	0.100	0.100
0.100	0.700	0.100	0.100
0.100	0.100	0.700	0.100
>CTCATACGGA	15-CTCATACGGA	0.000000	-2.352766	0	T:664.0(100.00%),B:42490.2(99.64%),P:1e-1
0.100	0.700	0.100	0.100
0.100	0.100	0.100	0.700
0.100	0.700	0.100	0.100
0.700	0.100	0.100	0.100
0.100	0.100	0.100	0.700
0.700	0.100	0.100	0.100
0.100	0.700	0.100	0.100
0.100	0.100	0.700	0.100
0.100	0.100	0.700	0.100
0.700	0.100	0.100	0.100
>GACTCATATG	16-GACTCATATG	0.566642	-2.104713	0	T:664.0(100.00%),B:42506.4(99.68%),P:1e0	Tpos:167.1,Tstd:131.1,Bpos:193.1,Bstd:352.8,StrandBias:0.0,Multiplicity:4.70
0.100	0.100	0.700	0.100
0.700	0.100	0.100	0.100
0.100	0.700	0.100	0.100
0.100	0.100	0.100	0.700
0.100	0.700	0.100	0.100
0.700	0.100	0.100	0.100
0.100	0.100	0.100	0.700
0.700	0.100	0.100	0.100
0.100	0.100	0.100	0.700
0.100	0.100	0.700	0.100
>TCTTAAAGGC	17-TCTTAAAGGC	0.000000	-2.073713	0	T:664.0(100.00%),B:42508.1(99.68%),P:1e0
0.100	0.100	0.100	0.700
0.100	0.700	0.100	0.100
0.100	0.100	0.100	0.700
0.100	0.100	0.100	0.700
0.700	0.100	0.100	0.100
0.700	0.100	0.100	0.100
0.700	0.100	0.100	0.100
0.100	0.100	0.700	0.100
0.100	0.100	0.700	0.100
0.100	0.700	0.100	0.100
>ATCTTAAAGG	18-ATCTTAAAGG	0.000000	-1.469501	0	T:664.0(100.00%),B:42547.9(99.78%),P:1e0
0.700	0.100	0.100	0.100
0.100	0.100	0.100	0.700
0.100	0.700	0.100	0.100
0.100	0.100	0.100	0.700
0.100	0.100	0.100	0.700
0.700	0.100	0.100	0.100
0.700	0.100	0.100	0.100
0.700	0.100	0.100	0.100
0.100	0.100	0.700	0.100
0.100	0.100	0.700	0.100
>ACTAACCAAG	19-ACTAACCAAG	0.000000	-1.252739	0	T:664.0(100.00%),B:42561.2(99.81%),P:1e0
0.700	0.100	0.100	0.100
0.100	0.700	0.100	0.100
0.100	0.100	0.100	0.700
0.700	0.100	0.100	0.100
0.700	0.100	0.100	0.100
0.100	0.700	0.100	0.100
0.100	0.700	0.100	0.100
0.700	0.100	0.100	0.100
0.700	0.100	0.100	0.100
0.100	0.100	0.700	0.100
>ATGCACGGAA	20-ATGCACGGAA	0.000000	-1.175341	0	T:664.0(100.00%),B:42566.1(99.82%),P:1e0
0.700	0.100	0.100	0.100
0.100	0.100	0.100	0.700
0.100	0.100	0.700	0.100
0.100	0.700	0.100	0.100
0.700	0.100	0.100	0.100
0.100	0.700	0.100	0.100
0.100	0.100	0.700	0.100
0.100	0.100	0.700	0.100
0.700	0.100	0.100	0.100
0.700	0.100	0.100	0.100
>NNNNNNNNNN	21-NNNNNNNNNN	-nan	0.000000	0	T:0.0(0.00%),B:0.0(0.00%),P:1e0	Tpos:0.0,Tstd:0.0,Bpos:0.0,Bstd:0.0,StrandBias:0.0,Multiplicity:1.00
-nan	-nan	-nan	-nan
-nan	-nan	-nan	-nan
-nan	-nan	-nan	-nan
-nan	-nan	-nan	-nan
-nan	-nan	-nan	-nan
-nan	-nan	-nan	-nan
-nan	-nan	-nan	-nan
-nan	-nan	-nan	-nan
-nan	-nan	-nan	-nan
-nan	-nan	-nan	-nan
>NNNNNNNNNN	22-NNNNNNNNNN	-nan	0.000000	0	T:0.0(0.00%),B:0.0(0.00%),P:1e0	Tpos:0.0,Tstd:0.0,Bpos:0.0,Bstd:0.0,StrandBias:0.0,Multiplicity:1.00
-nan	-nan	-nan	-nan
-nan	-nan	-nan	-nan
-nan	-nan	-nan	-nan
-nan	-nan	-nan	-nan
-nan	-nan	-nan	-nan
-nan	-nan	-nan	-nan
-nan	-nan	-nan	-nan
-nan	-nan	-nan	-nan
-nan	-nan	-nan	-nan
-nan	-nan	-nan	-nan
>NNNNNNNNNN	23-NNNNNNNNNN	-nan	0.000000	0	T:0.0(0.00%),B:0.0(0.00%),P:1e0	Tpos:0.0,Tstd:0.0,Bpos:0.0,Bstd:0.0,StrandBias:0.0,Multiplicity:1.00
-nan	-nan	-nan	-nan
-nan	-nan	-nan	-nan
-nan	-nan	-nan	-nan
-nan	-nan	-nan	-nan
-nan	-nan	-nan	-nan
-nan	-nan	-nan	-nan
-nan	-nan	-nan	-nan
-nan	-nan	-nan	-nan
-nan	-nan	-nan	-nan
-nan	-nan	-nan	-nan
>GATAATATGG	24-GATAATATGG	-27.595607	0.000000	0	T:664.0(100.00%),B:42642.6(100.00%),P:1e0	Tpos:179.3,Tstd:149.0,Bpos:192.2,Bstd:325.7,StrandBias:0.1,Multiplicity:2.34
0.001	0.001	0.997	0.001
0.997	0.001	0.001	0.001
0.001	0.001	0.001	0.997
0.997	0.001	0.001	0.001
0.997	0.001	0.001	0.001
0.001	0.001	0.001	0.997
0.997	0.001	0.001	0.001
0.001	0.001	0.001	0.997
0.001	0.001	0.997	0.001
0.001	0.001	0.997	0.001
>GAGGGAGAGA	25-GAGGGAGAGA	-7.216998	0.000000	0	T:664.0(100.00%),B:42642.6(100.00%),P:1e0	Tpos:153.0,Tstd:115.3,Bpos:195.0,Bstd:399.9,StrandBias:0.0,Multiplicity:1.40
0.100	0.100	0.700	0.100
0.700	0.100	0.100	0.100
0.100	0.100	0.700	0.100
0.100	0.100	0.700	0.100
0.100	0.100	0.700	0.100
0.700	0.100	0.100	0.100
0.100	0.100	0.700	0.100
0.700	0.100	0.100	0.100
0.100	0.100	0.700	0.100
0.700	0.100	0.100	0.100
>ATTTCGTCGAAC	1-ATTTCGTCGAAC	10.080702	-692.198409	0	T:193.0(29.07%),B:67.0(0.16%),P:1e-300	Tpos:138.9,Tstd:69.2,Bpos:169.6,Bstd:243.0,StrandBias:0.4,Multiplicity:1.03
0.964	0.012	0.012	0.012
0.046	0.001	0.001	0.952
0.034	0.001	0.001	0.964
0.011	0.001	0.011	0.977
0.001	0.948	0.009	0.042
0.328	0.023	0.648	0.001
0.001	0.001	0.001	0.997
0.001	0.997	0.001	0.001
0.030	0.001	0.968	0.001
0.997	0.001	0.001	0.001
0.940	0.001	0.058	0.001
0.001	0.997	0.001	0.001
>GGACTTTGGCTA	2-GGACTTTGGCTA	-13.945073	-153.566674	0	T:630.0(94.88%),B:28726.6(67.37%),P:1e-66	Tpos:178.9,Tstd:145.3,Bpos:205.9,Bstd:357.0,StrandBias:0.0,Multiplicity:2.23
0.001	0.001	0.997	0.001
0.001	0.001	0.997	0.001
0.997	0.001	0.001	0.001
0.001	0.997	0.001	0.001
0.001	0.001	0.001	0.997
0.001	0.001	0.001	0.997
0.001	0.124	0.001	0.874
0.001	0.001	0.997	0.001
0.001	0.001	0.937	0.061
0.001	0.937	0.001	0.061
0.001	0.001	0.001	0.997
0.997	0.001	0.001	0.001
>TCTYGCACRCCA	3-TCTYGCACRCCA	-8.419985	-151.276669	0	T:624.0(93.98%),B:28187.1(66.10%),P:1e-65	Tpos:158.1,Tstd:114.6,Bpos:201.7,Bstd:355.8,StrandBias:0.1,Multiplicity:2.15
0.262	0.276	0.001	0.462
0.001	0.723	0.001	0.275
0.258	0.001	0.017	0.724
0.001	0.444	0.001	0.554
0.244	0.001	0.754	0.001
0.001	0.997	0.001	0.001
0.754	0.244	0.001	0.001
0.001	0.997	0.001	0.001
0.492	0.001	0.506	0.001
0.001	0.997	0.001	0.001
0.001	0.997	0.001	0.001
0.997	0.001	0.001	0.001
>GCCTSANAGAGA	4-GCCTSANAGAGA	6.761257	-132.491883	0	T:74.0(11.14%),B:309.1(0.72%),P:1e-57	Tpos:111.4,Tstd:42.4,Bpos:185.2,Bstd:246.2,StrandBias:-0.8,Multiplicity:1.00
0.001	0.001	0.997	0.001
0.249	0.749	0.001	0.001
0.001	0.749	0.249	0.001
0.001	0.001	0.001	0.997
0.001	0.499	0.499	0.001
0.997	0.001	0.001	0.001
0.250	0.250	0.250	0.250
0.997	0.001	0.001	0.001
0.001	0.249	0.749	0.001
0.997	0.001	0.001	0.001
0.001	0.001	0.997	0.001
0.997	0.001	0.001	0.001
>TYRGTTARWGTT	5-TYRGTTARWGTT	-6.920512	-125.208566	0	T:564.0(84.94%),B:24085.3(56.48%),P:1e-54	Tpos:175.6,Tstd:148.1,Bpos:296.5,Bstd:387.8,StrandBias:-0.1,Multiplicity:2.35
0.001	0.001	0.001	0.997
0.001	0.445	0.001	0.553
0.440	0.001	0.558	0.001
0.001	0.001	0.997	0.001
0.001	0.001	0.001	0.997
0.001	0.001	0.001	0.997
0.997	0.001	0.001	0.001
0.440	0.001	0.558	0.001
0.440	0.001	0.001	0.558
0.001	0.001	0.997	0.001
0.001	0.001	0.001	0.997
0.001	0.001	0.001	0.997
>TCCTTGTTAGAA	6-TCCTTGTTAGAA	-11.063613	-120.896333	0	T:566.0(85.24%),B:24493.4(57.44%),P:1e-52	Tpos:177.3,Tstd:142.4,Bpos:265.9,Bstd:367.8,StrandBias:0.1,Multiplicity:2.42
0.001	0.001	0.001	0.997
0.001	0.997	0.001	0.001
0.001	0.997	0.001	0.001
0.001	0.001	0.001	0.997
0.001	0.001	0.001	0.997
0.044	0.001	0.954	0.001
0.001	0.001	0.001	0.997
0.001	0.001	0.001	0.997
0.997	0.001	0.001	0.001
0.001	0.001	0.997	0.001
0.997	0.001	0.001	0.001
0.997	0.001	0.001	0.001
>GCGTAGGMWNWK	7-GCGTAGGMWNWK	-3.520279	-120.161585	0	T:657.0(98.95%),B:34091.0(79.95%),P:1e-52	Tpos:163.5,Tstd:123.4,Bpos:192.8,Bstd:384.0,StrandBias:0.0,Multiplicity:2.12
0.019	0.242	0.738	0.001
0.001	0.757	0.121	0.121
0.001	0.372	0.626	0.001
0.001	0.372	0.001	0.626
0.737	0.131	0.131	0.001
0.374	0.001	0.624	0.001
0.001	0.001	0.997	0.001
0.506	0.372	0.121	0.001
0.395	0.242	0.001	0.363
0.242	0.242	0.242	0.274
0.484	0.001	0.019	0.496
0.001	0.001	0.505	0.493
>TTCTTCTTGCTT	8-TTCTTCTTGCTT	-11.788205	-118.531670	0	T:641.0(96.54%),B:31920.7(74.86%),P:1e-51	Tpos:173.9,Tstd:148.3,Bpos:221.0,Bstd:338.9,StrandBias:-0.1,Multiplicity:1.97
0.001	0.001	0.001	0.997
0.001	0.001	0.001	0.997
0.001	0.997	0.001	0.001
0.001	0.265	0.006	0.728
0.001	0.001	0.001	0.997
0.001	0.997	0.001	0.001
0.001	0.001	0.001	0.997
0.323	0.001	0.001	0.675
0.001	0.001	0.997	0.001
0.323	0.675	0.001	0.001
0.001	0.001	0.001	0.997
0.264	0.001	0.001	0.734
>GAAGCAAGAAGA	9-GAAGCAAGAAGA	2.686427	-107.274274	0	T:654.0(98.49%),B:34327.4(80.50%),P:1e-46	Tpos:162.7,Tstd:137.1,Bpos:192.2,Bstd:323.1,StrandBias:-0.3,Multiplicity:2.07
0.001	0.029	0.941	0.029
0.700	0.088	0.183	0.029
0.829	0.059	0.058	0.054
0.280	0.088	0.613	0.019
0.165	0.496	0.164	0.175
0.627	0.145	0.117	0.111
0.603	0.174	0.136	0.087
0.135	0.148	0.569	0.148
0.741	0.029	0.177	0.053
0.644	0.116	0.182	0.058
0.173	0.177	0.596	0.054
0.647	0.058	0.189	0.106
>CATACACATGAC	10-CATACACATGAC	10.409522	-106.535225	0	T:35.0(5.27%),B:28.5(0.07%),P:1e-46	Tpos:169.0,Tstd:125.7,Bpos:408.3,Bstd:424.8,StrandBias:-0.3,Multiplicity:1.51
0.100	0.700	0.100	0.100
0.700	0.100	0.100	0.100
0.100	0.100	0.100	0.700
0.700	0.100	0.100	0.100
0.100	0.700	0.100	0.100
0.700	0.100	0.100	0.100
0.100	0.700	0.100	0.100
0.700	0.100	0.100	0.100
0.100	0.100	0.100	0.700
0.100	0.100	0.700	0.100
0.700	0.100	0.100	0.100
0.100	0.700	0.100	0.100
>AAAGACTCATAC	11-AAAGACTCATAC	-7.400724	-104.933499	0	T:577.0(86.90%),B:26357.6(61.81%),P:1e-45	Tpos:175.4,Tstd:143.4,Bpos:289.0,Bstd:368.5,StrandBias:-0.0,Multiplicity:2.07
0.693	0.001	0.001	0.305
0.693	0.001	0.305	0.001
0.997	0.001	0.001	0.001
0.001	0.001	0.997	0.001
0.997	0.001	0.001	0.001
0.305	0.693	0.001	0.001
0.001	0.001	0.001	0.997
0.001	0.693	0.001	0.305
0.997	0.001	0.001	0.001
0.001	0.001	0.001	0.997
0.693	0.001	0.001	0.305
0.001	0.635	0.001	0.363
>ATTGAGTATAAG	12-ATTGAGTATAAG	13.020763	-96.624723	0	T:30.0(4.52%),B:18.4(0.04%),P:1e-41	Tpos:167.7,Tstd:132.6,Bpos:469.8,Bstd:488.6,StrandBias:0.5,Multiplicity:1.37
0.997	0.001	0.001	0.001
0.049	0.001	0.001	0.949
0.001	0.001	0.001	0.997
0.050	0.001	0.899	0.050
0.997	0.001	0.001	0.001
0.001	0.001	0.997	0.001
0.001	0.001	0.001	0.997
0.997	0.001	0.001	0.001
0.001	0.049	0.001	0.949
0.997	0.001	0.001	0.001
0.958	0.001	0.040	0.001
0.050	0.100	0.849	0.001
>TGAAAGCTTTGA	13-TGAAAGCTTTGA	11.681787	-77.636282	0	T:28.0(4.22%),B:35.0(0.08%),P:1e-33	Tpos:166.9,Tstd:137.6,Bpos:542.9,Bstd:471.5,StrandBias:0.9,Multiplicity:1.46
0.001	0.049	0.001	0.949
0.041	0.191	0.718	0.050
0.997	0.001	0.001	0.001
0.997	0.001	0.001	0.001
0.997	0.001	0.001	0.001
0.001	0.040	0.958	0.001
0.001	0.997	0.001	0.001
0.001	0.001	0.001	0.997
0.001	0.001	0.001	0.997
0.001	0.001	0.001	0.997
0.001	0.001	0.997	0.001
0.997	0.001	0.001	0.001
>TCATATTTGACT	14-TCATATTTGACT	12.796617	-76.576105	0	T:27.0(4.07%),B:30.2(0.07%),P:1e-33	Tpos:148.1,Tstd:128.4,Bpos:533.5,Bstd:497.3,StrandBias:0.5,Multiplicity:1.48
0.001	0.001	0.001	0.997
0.001	0.997	0.001	0.001
0.654	0.001	0.344	0.001
0.387	0.001	0.001	0.611
0.997	0.001	0.001	0.001
0.292	0.001	0.001	0.706
0.345	0.001	0.001	0.653
0.001	0.001	0.001	0.997
0.001	0.001	0.997	0.001
0.997	0.001	0.001	0.001
0.001	0.706	0.001	0.292
0.041	0.001	0.001	0.957
>HAAGAAYTTAAW	15-HAAGAAYTTAAW	2.491629	-67.974278	0	T:658.0(99.10%),B:37268.8(87.40%),P:1e-29	Tpos:174.1,Tstd:141.9,Bpos:322.3,Bstd:398.0,StrandBias:-0.0,Multiplicity:1.94
0.295	0.272	0.092	0.342
0.547	0.113	0.091	0.249
0.409	0.182	0.250	0.159
0.204	0.159	0.410	0.226
0.796	0.113	0.023	0.068
0.591	0.023	0.227	0.159
0.227	0.409	0.068	0.296
0.159	0.159	0.023	0.659
0.068	0.045	0.205	0.682
0.682	0.249	0.068	0.001
0.864	0.023	0.068	0.045
0.362	0.204	0.024	0.410
>CCGVMTCCGAWT	16-CCGVMTCCGAWT	-2.784058	-33.251196	0	T:664.0(100.00%),B:40543.2(95.08%),P:1e-14	Tpos:168.9,Tstd:130.2,Bpos:188.9,Bstd:366.3,StrandBias:0.0,Multiplicity:2.10
0.289	0.571	0.001	0.139
0.281	0.717	0.001	0.001
0.001	0.151	0.551	0.297
0.296	0.283	0.420	0.001
0.572	0.426	0.001	0.001
0.146	0.282	0.138	0.434
0.007	0.552	0.289	0.152
0.001	0.854	0.137	0.008
0.138	0.138	0.717	0.007
0.688	0.137	0.174	0.001
0.564	0.001	0.001	0.434
0.152	0.275	0.014	0.559
>NNNNNNNNNNNN	17-NNNNNNNNNNNN	-nan	0.000000	0	T:0.0(0.00%),B:0.0(0.00%),P:1e0	Tpos:0.0,Tstd:0.0,Bpos:0.0,Bstd:0.0,StrandBias:0.0,Multiplicity:1.00
-nan	-nan	-nan	-nan
-nan	-nan	-nan	-nan
-nan	-nan	-nan	-nan
-nan	-nan	-nan	-nan
-nan	-nan	-nan	-nan
-nan	-nan	-nan	-nan
-nan	-nan	-nan	-nan
-nan	-nan	-nan	-nan
-nan	-nan	-nan	-nan
-nan	-nan	-nan	-nan
-nan	-nan	-nan	-nan
-nan	-nan	-nan	-nan
>NNNNNNNNNNNN	18-NNNNNNNNNNNN	-nan	0.000000	0	T:0.0(0.00%),B:0.0(0.00%),P:1e0	Tpos:0.0,Tstd:0.0,Bpos:0.0,Bstd:0.0,StrandBias:0.0,Multiplicity:1.00
-nan	-nan	-nan	-nan
-nan	-nan	-nan	-nan
-nan	-nan	-nan	-nan
-nan	-nan	-nan	-nan
-nan	-nan	-nan	-nan
-nan	-nan	-nan	-nan
-nan	-nan	-nan	-nan
-nan	-nan	-nan	-nan
-nan	-nan	-nan	-nan
-nan	-nan	-nan	-nan
-nan	-nan	-nan	-nan
-nan	-nan	-nan	-nan
>NNNNNNNNNNNN	19-NNNNNNNNNNNN	-nan	0.000000	0	T:0.0(0.00%),B:0.0(0.00%),P:1e0	Tpos:0.0,Tstd:0.0,Bpos:0.0,Bstd:0.0,StrandBias:0.0,Multiplicity:1.00
-nan	-nan	-nan	-nan
-nan	-nan	-nan	-nan
-nan	-nan	-nan	-nan
-nan	-nan	-nan	-nan
-nan	-nan	-nan	-nan
-nan	-nan	-nan	-nan
-nan	-nan	-nan	-nan
-nan	-nan	-nan	-nan
-nan	-nan	-nan	-nan
-nan	-nan	-nan	-nan
-nan	-nan	-nan	-nan
-nan	-nan	-nan	-nan
>NNNNNNNNNNNN	20-NNNNNNNNNNNN	-nan	0.000000	0	T:0.0(0.00%),B:0.0(0.00%),P:1e0	Tpos:0.0,Tstd:0.0,Bpos:0.0,Bstd:0.0,StrandBias:0.0,Multiplicity:1.00
-nan	-nan	-nan	-nan
-nan	-nan	-nan	-nan
-nan	-nan	-nan	-nan
-nan	-nan	-nan	-nan
-nan	-nan	-nan	-nan
-nan	-nan	-nan	-nan
-nan	-nan	-nan	-nan
-nan	-nan	-nan	-nan
-nan	-nan	-nan	-nan
-nan	-nan	-nan	-nan
-nan	-nan	-nan	-nan
-nan	-nan	-nan	-nan
>NNNNNNNNNNNN	21-NNNNNNNNNNNN	-nan	0.000000	0	T:0.0(0.00%),B:0.0(0.00%),P:1e0	Tpos:0.0,Tstd:0.0,Bpos:0.0,Bstd:0.0,StrandBias:0.0,Multiplicity:1.00
-nan	-nan	-nan	-nan
-nan	-nan	-nan	-nan
-nan	-nan	-nan	-nan
-nan	-nan	-nan	-nan
-nan	-nan	-nan	-nan
-nan	-nan	-nan	-nan
-nan	-nan	-nan	-nan
-nan	-nan	-nan	-nan
-nan	-nan	-nan	-nan
-nan	-nan	-nan	-nan
-nan	-nan	-nan	-nan
-nan	-nan	-nan	-nan
>NNNNNNNNNNNN	22-NNNNNNNNNNNN	-nan	0.000000	0	T:0.0(0.00%),B:0.0(0.00%),P:1e0	Tpos:0.0,Tstd:0.0,Bpos:0.0,Bstd:0.0,StrandBias:0.0,Multiplicity:1.00
-nan	-nan	-nan	-nan
-nan	-nan	-nan	-nan
-nan	-nan	-nan	-nan
-nan	-nan	-nan	-nan
-nan	-nan	-nan	-nan
-nan	-nan	-nan	-nan
-nan	-nan	-nan	-nan
-nan	-nan	-nan	-nan
-nan	-nan	-nan	-nan
-nan	-nan	-nan	-nan
-nan	-nan	-nan	-nan
-nan	-nan	-nan	-nan
>NNNNNNNNNNNN	23-NNNNNNNNNNNN	-nan	0.000000	0	T:0.0(0.00%),B:0.0(0.00%),P:1e0	Tpos:0.0,Tstd:0.0,Bpos:0.0,Bstd:0.0,StrandBias:0.0,Multiplicity:1.00
-nan	-nan	-nan	-nan
-nan	-nan	-nan	-nan
-nan	-nan	-nan	-nan
-nan	-nan	-nan	-nan
-nan	-nan	-nan	-nan
-nan	-nan	-nan	-nan
-nan	-nan	-nan	-nan
-nan	-nan	-nan	-nan
-nan	-nan	-nan	-nan
-nan	-nan	-nan	-nan
-nan	-nan	-nan	-nan
-nan	-nan	-nan	-nan
>NNNNNNNNNNNN	24-NNNNNNNNNNNN	-nan	0.000000	0	T:0.0(0.00%),B:0.0(0.00%),P:1e0	Tpos:0.0,Tstd:0.0,Bpos:0.0,Bstd:0.0,StrandBias:0.0,Multiplicity:1.00
-nan	-nan	-nan	-nan
-nan	-nan	-nan	-nan
-nan	-nan	-nan	-nan
-nan	-nan	-nan	-nan
-nan	-nan	-nan	-nan
-nan	-nan	-nan	-nan
-nan	-nan	-nan	-nan
-nan	-nan	-nan	-nan
-nan	-nan	-nan	-nan
-nan	-nan	-nan	-nan
-nan	-nan	-nan	-nan
-nan	-nan	-nan	-nan
>NNNNNNNNNNNN	25-NNNNNNNNNNNN	-nan	0.000000	0	T:0.0(0.00%),B:0.0(0.00%),P:1e0	Tpos:0.0,Tstd:0.0,Bpos:0.0,Bstd:0.0,StrandBias:0.0,Multiplicity:1.00
-nan	-nan	-nan	-nan
-nan	-nan	-nan	-nan
-nan	-nan	-nan	-nan
-nan	-nan	-nan	-nan
-nan	-nan	-nan	-nan
-nan	-nan	-nan	-nan
-nan	-nan	-nan	-nan
-nan	-nan	-nan	-nan
-nan	-nan	-nan	-nan
-nan	-nan	-nan	-nan
-nan	-nan	-nan	-nan
-nan	-nan	-nan	-nan
>GTCGAACA	1-GTCGAACA	8.541812	-519.604196	0	T:226.0(34.04%),B:576.1(1.35%),P:1e-225	Tpos:152.3,Tstd:87.6,Bpos:229.0,Bstd:388.7,StrandBias:0.5,Multiplicity:1.10
0.340	0.001	0.658	0.001
0.001	0.001	0.001	0.997
0.001	0.997	0.001	0.001
0.001	0.001	0.997	0.001
0.997	0.001	0.001	0.001
0.997	0.001	0.001	0.001
0.001	0.877	0.001	0.121
0.997	0.001	0.001	0.001
>AAATGCCT	2-AAATGCCT	6.291044	-203.442073	0	T:283.0(42.62%),B:4918.9(11.54%),P:1e-88	Tpos:156.5,Tstd:96.4,Bpos:237.8,Bstd:352.7,StrandBias:-0.3,Multiplicity:1.25
0.700	0.100	0.100	0.100
0.700	0.100	0.100	0.100
0.700	0.100	0.100	0.100
0.100	0.100	0.100	0.700
0.100	0.100	0.700	0.100
0.100	0.700	0.100	0.100
0.100	0.700	0.100	0.100
0.100	0.100	0.100	0.700
>GTGTATGA	3-GTGTATGA	-3.104023	-156.398128	0	T:612.0(92.17%),B:26687.0(62.58%),P:1e-67	Tpos:168.6,Tstd:133.4,Bpos:254.8,Bstd:357.6,StrandBias:0.2,Multiplicity:2.55
0.001	0.001	0.997	0.001
0.001	0.001	0.001	0.997
0.001	0.001	0.997	0.001
0.001	0.001	0.001	0.997
0.695	0.001	0.001	0.303
0.001	0.001	0.001	0.997
0.001	0.001	0.997	0.001
0.997	0.001	0.001	0.001
>GGTTAGTG	4-GGTTAGTG	4.345134	-140.424864	0	T:578.0(87.05%),B:24417.1(57.26%),P:1e-60	Tpos:169.1,Tstd:131.4,Bpos:227.8,Bstd:360.9,StrandBias:-0.1,Multiplicity:2.69
0.100	0.100	0.700	0.100
0.100	0.100	0.700	0.100
0.100	0.100	0.100	0.700
0.100	0.100	0.100	0.700
0.700	0.100	0.100	0.100
0.100	0.100	0.700	0.100
0.100	0.100	0.100	0.700
0.100	0.100	0.700	0.100
>CTTGTTAG	5-CTTGTTAG	-2.770638	-133.276343	0	T:613.0(92.32%),B:28015.5(65.70%),P:1e-57	Tpos:170.7,Tstd:136.8,Bpos:247.4,Bstd:356.8,StrandBias:0.1,Multiplicity:2.53
0.001	0.997	0.001	0.001
0.001	0.001	0.001	0.997
0.028	0.001	0.001	0.970
0.001	0.001	0.997	0.001
0.001	0.001	0.001	0.997
0.001	0.001	0.001	0.997
0.997	0.001	0.001	0.001
0.001	0.001	0.997	0.001
>THAAMSKC	6-THAAMSKC	3.227975	-118.523164	0	T:659.0(99.25%),B:34530.9(80.98%),P:1e-51	Tpos:167.6,Tstd:135.7,Bpos:191.7,Bstd:358.1,StrandBias:-0.1,Multiplicity:2.09
0.120	0.249	0.147	0.484
0.370	0.309	0.095	0.226
0.694	0.003	0.302	0.001
0.743	0.191	0.001	0.065
0.346	0.452	0.073	0.129
0.228	0.447	0.324	0.001
0.129	0.165	0.357	0.350
0.001	0.997	0.001	0.001
>ATGGTGTA	7-ATGGTGTA	-2.878293	-109.495431	0	T:590.0(88.86%),B:27214.4(63.82%),P:1e-47	Tpos:162.8,Tstd:129.2,Bpos:244.7,Bstd:356.7,StrandBias:-0.1,Multiplicity:1.96
0.997	0.001	0.001	0.001
0.001	0.001	0.001	0.997
0.001	0.001	0.871	0.127
0.001	0.001	0.997	0.001
0.001	0.001	0.001	0.997
0.001	0.001	0.997	0.001
0.001	0.001	0.001	0.997
0.997	0.001	0.001	0.001
>CTCTCYCT	8-CTCTCYCT	-1.119469	-105.979164	0	T:652.0(98.19%),B:34102.5(79.97%),P:1e-46	Tpos:151.9,Tstd:125.3,Bpos:178.6,Bstd:301.9,StrandBias:-0.1,Multiplicity:1.97
0.102	0.896	0.001	0.001
0.001	0.020	0.001	0.978
0.001	0.997	0.001	0.001
0.001	0.406	0.001	0.592
0.037	0.654	0.103	0.206
0.154	0.437	0.001	0.408
0.001	0.997	0.001	0.001
0.156	0.086	0.001	0.757
>SSCCWTGS	9-SSCCWTGS	-1.094419	-98.725664	0	T:661.0(99.55%),B:36009.4(84.44%),P:1e-42	Tpos:162.9,Tstd:124.3,Bpos:177.3,Bstd:341.6,StrandBias:0.0,Multiplicity:2.10
0.250	0.331	0.418	0.001
0.001	0.414	0.380	0.206
0.001	0.543	0.115	0.341
0.001	0.997	0.001	0.001
0.405	0.001	0.107	0.487
0.001	0.001	0.001	0.997
0.001	0.001	0.997	0.001
0.246	0.352	0.401	0.001
>TCAAATTA	10-TCAAATTA	-5.020840	-75.449384	0	T:652.0(98.19%),B:35909.5(84.21%),P:1e-32	Tpos:189.3,Tstd:159.2,Bpos:328.8,Bstd:398.6,StrandBias:0.1,Multiplicity:2.52
0.001	0.001	0.001	0.997
0.001	0.790	0.086	0.123
0.997	0.001	0.001	0.001
0.848	0.150	0.001	0.001
0.997	0.001	0.001	0.001
0.001	0.001	0.001	0.997
0.129	0.026	0.001	0.844
0.997	0.001	0.001	0.001
>NAGAGAGV	11-NAGAGAGV	2.076172	-51.148350	0	T:664.0(100.00%),B:39456.9(92.53%),P:1e-22	Tpos:163.1,Tstd:128.1,Bpos:224.5,Bstd:364.2,StrandBias:0.3,Multiplicity:1.96
0.228	0.212	0.350	0.211
0.726	0.184	0.047	0.043
0.194	0.111	0.472	0.223
0.515	0.213	0.206	0.066
0.127	0.084	0.577	0.212
0.505	0.170	0.126	0.199
0.276	0.078	0.525	0.121
0.337	0.349	0.207	0.107
>GACTCATA	12-GACTCATA	2.399224	-40.782605	0	T:664.0(100.00%),B:40082.6(94.00%),P:1e-17	Tpos:173.3,Tstd:144.3,Bpos:244.9,Bstd:366.0,StrandBias:0.0,Multiplicity:8.32
0.100	0.100	0.700	0.100
0.700	0.100	0.100	0.100
0.100	0.700	0.100	0.100
0.100	0.100	0.100	0.700
0.100	0.700	0.100	0.100
0.700	0.100	0.100	0.100
0.100	0.100	0.100	0.700
0.700	0.100	0.100	0.100
>GTGBWCMG	13-GTGBWCMG	1.553704	-24.424220	0	T:664.0(100.00%),B:41090.4(96.36%),P:1e-10	Tpos:162.8,Tstd:119.8,Bpos:200.9,Bstd:380.5,StrandBias:0.0,Multiplicity:2.07
0.108	0.132	0.627	0.133
0.055	0.285	0.151	0.509
0.075	0.105	0.579	0.241
0.150	0.215	0.298	0.337
0.299	0.156	0.178	0.367
0.303	0.654	0.042	0.001
0.340	0.469	0.001	0.190
0.219	0.082	0.473	0.227
>GCCCACCA	14-GCCCACCA	0.000000	-3.175102	0	T:664.0(100.00%),B:42437.3(99.52%),P:1e-1
0.100	0.100	0.700	0.100
0.100	0.700	0.100	0.100
0.100	0.700	0.100	0.100
0.100	0.700	0.100	0.100
0.700	0.100	0.100	0.100
0.100	0.700	0.100	0.100
0.100	0.700	0.100	0.100
0.700	0.100	0.100	0.100
>CAGGATTA	15-CAGGATTA	-7.253377	-0.602876	0	T:664.0(100.00%),B:42603.9(99.91%),P:1e0	Tpos:173.7,Tstd:142.9,Bpos:220.6,Bstd:377.0,StrandBias:0.1,Multiplicity:1.93
0.145	0.850	0.004	0.001
0.869	0.005	0.125	0.001
0.088	0.070	0.841	0.001
0.001	0.001	0.874	0.124
0.849	0.149	0.001	0.001
0.001	0.001	0.204	0.794
0.001	0.001	0.134	0.864
0.862	0.083	0.001	0.054
>CTCTCTCC	16-CTCTCTCC	0.000000	-0.556481	0	T:664.0(100.00%),B:42606.2(99.91%),P:1e0
0.100	0.700	0.100	0.100
0.100	0.100	0.100	0.700
0.100	0.700	0.100	0.100
0.100	0.100	0.100	0.700
0.100	0.700	0.100	0.100
0.100	0.100	0.100	0.700
0.100	0.700	0.100	0.100
0.100	0.700	0.100	0.100
>CTTCTAAA	17-CTTCTAAA	0.000000	-0.401856	0	T:664.0(100.00%),B:42616.8(99.94%),P:1e0
0.100	0.700	0.100	0.100
0.100	0.100	0.100	0.700
0.100	0.100	0.100	0.700
0.100	0.700	0.100	0.100
0.100	0.100	0.100	0.700
0.700	0.100	0.100	0.100
0.700	0.100	0.100	0.100
0.700	0.100	0.100	0.100
>ACACTACT	18-ACACTACT	0.000000	-0.154531	0	T:664.0(100.00%),B:42632.7(99.98%),P:1e0
0.700	0.100	0.100	0.100
0.100	0.700	0.100	0.100
0.700	0.100	0.100	0.100
0.100	0.700	0.100	0.100
0.100	0.100	0.100	0.700
0.700	0.100	0.100	0.100
0.100	0.700	0.100	0.100
0.100	0.100	0.100	0.700
>GAAAGAGA	19-GAAAGAGA	0.000000	-0.139077	0	T:664.0(100.00%),B:42633.6(99.98%),P:1e0
0.100	0.100	0.700	0.100
0.700	0.100	0.100	0.100
0.700	0.100	0.100	0.100
0.700	0.100	0.100	0.100
0.100	0.100	0.700	0.100
0.700	0.100	0.100	0.100
0.100	0.100	0.700	0.100
0.700	0.100	0.100	0.100
>AGTGTTTC	20-AGTGTTTC	0.000000	-0.092714	0	T:664.0(100.00%),B:42636.2(99.98%),P:1e0
0.700	0.100	0.100	0.100
0.100	0.100	0.700	0.100
0.100	0.100	0.100	0.700
0.100	0.100	0.700	0.100
0.100	0.100	0.100	0.700
0.100	0.100	0.100	0.700
0.100	0.100	0.100	0.700
0.100	0.700	0.100	0.100
>CACGTAAG	21-CACGTAAG	0.000000	-0.077261	0	T:664.0(100.00%),B:42637.9(99.99%),P:1e0
0.100	0.700	0.100	0.100
0.700	0.100	0.100	0.100
0.100	0.700	0.100	0.100
0.100	0.100	0.700	0.100
0.100	0.100	0.100	0.700
0.700	0.100	0.100	0.100
0.700	0.100	0.100	0.100
0.100	0.100	0.700	0.100
>AGCTTTGA	22-AGCTTTGA	0.000000	-0.015452	0	T:664.0(100.00%),B:42641.6(100.00%),P:1e0
0.700	0.100	0.100	0.100
0.100	0.100	0.700	0.100
0.100	0.700	0.100	0.100
0.100	0.100	0.100	0.700
0.100	0.100	0.100	0.700
0.100	0.100	0.100	0.700
0.100	0.100	0.700	0.100
0.700	0.100	0.100	0.100
>NNNNNNNN	23-NNNNNNNN	-nan	0.000000	0	T:0.0(0.00%),B:0.0(0.00%),P:1e0	Tpos:0.0,Tstd:0.0,Bpos:0.0,Bstd:0.0,StrandBias:0.0,Multiplicity:1.00
-nan	-nan	-nan	-nan
-nan	-nan	-nan	-nan
-nan	-nan	-nan	-nan
-nan	-nan	-nan	-nan
-nan	-nan	-nan	-nan
-nan	-nan	-nan	-nan
-nan	-nan	-nan	-nan
-nan	-nan	-nan	-nan
>CTGGTGGT	24-CTGGTGGT	-18.457839	0.000000	0	T:664.0(100.00%),B:42642.1(100.00%),P:1e0	Tpos:168.5,Tstd:128.1,Bpos:201.2,Bstd:323.4,StrandBias:0.0,Multiplicity:1.87
0.001	0.790	0.001	0.208
0.001	0.104	0.001	0.894
0.001	0.104	0.894	0.001
0.001	0.001	0.997	0.001
0.001	0.156	0.001	0.842
0.156	0.001	0.842	0.001
0.001	0.001	0.997	0.001
0.001	0.104	0.001	0.894
>TAAACCGC	25-TAAACCGC	-7.330327	0.000000	0	T:664.0(100.00%),B:42642.6(100.00%),P:1e0	Tpos:166.9,Tstd:138.4,Bpos:265.3,Bstd:375.2,StrandBias:0.0,Multiplicity:1.46
0.100	0.100	0.100	0.700
0.700	0.100	0.100	0.100
0.700	0.100	0.100	0.100
0.700	0.100	0.100	0.100
0.100	0.700	0.100	0.100
0.100	0.700	0.100	0.100
0.100	0.100	0.700	0.100
0.100	0.700	0.100	0.100
