>TTCGTCGAAC	1-TTCGTCGAAC	7.529247	-556.500480	0	T:207.0(31.17%),B:315.9(0.74%),P:1e-241	Tpos:140.9,Tstd:77.1,Bpos:190.2,Bstd:269.9,StrandBias:0.5,Multiplicity:1.06
0.025	0.001	0.001	0.973
0.021	0.007	0.010	0.962
0.001	0.960	0.001	0.038
0.302	0.020	0.663	0.015
0.001	0.001	0.001	0.997
0.001	0.992	0.006	0.001
0.024	0.001	0.974	0.001
0.997	0.001	0.001	0.001
0.939	0.001	0.059	0.001
0.001	0.997	0.001	0.001
>CTCTSAGRCA	2-CTCTSAGRCA	8.457759	-231.979751	0	T:115.0(17.32%),B:374.8(0.88%),P:1e-100	Tpos:140.3,Tstd:75.2,Bpos:207.1,Bstd:316.2,StrandBias:0.4,Multiplicity:1.10
0.001	0.963	0.001	0.035
0.324	0.001	0.151	0.524
0.107	0.488	0.133	0.272
0.075	0.064	0.001	0.860
0.001	0.491	0.430	0.078
0.918	0.080	0.001	0.001
0.100	0.134	0.765	0.001
0.428	0.001	0.570	0.001
0.058	0.940	0.001	0.001
0.997	0.001	0.001	0.001
>KGSTTWGTGT	3-KGSTTWGTGT	3.736260	-154.275087	0	T:572.0(86.14%),B:23191.5(54.39%),P:1e-67	Tpos:166.2,Tstd:132.9,Bpos:250.1,Bstd:345.5,StrandBias:0.0,Multiplicity:2.34
0.066	0.066	0.444	0.425
0.081	0.081	0.798	0.040
0.001	0.426	0.467	0.106
0.033	0.040	0.074	0.853
0.033	0.033	0.106	0.828
0.490	0.066	0.033	0.411
0.081	0.033	0.772	0.114
0.147	0.033	0.073	0.747
0.040	0.033	0.773	0.154
0.040	0.033	0.066	0.861
>AAGCTTTGAG	4-AAGCTTTGAG	-9.968581	-136.204638	0	T:640.0(96.39%),B:30822.2(72.28%),P:1e-59	Tpos:165.6,Tstd:131.2,Bpos:218.2,Bstd:359.2,StrandBias:0.1,Multiplicity:2.16
0.997	0.001	0.001	0.001
0.997	0.001	0.001	0.001
0.001	0.001	0.997	0.001
0.001	0.951	0.047	0.001
0.001	0.001	0.001	0.997
0.001	0.001	0.001	0.997
0.047	0.001	0.001	0.951
0.001	0.001	0.965	0.033
0.997	0.001	0.001	0.001
0.001	0.001	0.997	0.001
>WTGTCATGTG	5-WTGTCATGTG	-3.918981	-126.721978	0	T:600.0(90.36%),B:27127.4(63.62%),P:1e-55	Tpos:165.1,Tstd:137.2,Bpos:237.2,Bstd:356.2,StrandBias:0.0,Multiplicity:2.01
0.419	0.001	0.180	0.400
0.001	0.002	0.360	0.637
0.001	0.001	0.997	0.001
0.001	0.001	0.179	0.819
0.001	0.598	0.001	0.400
0.997	0.001	0.001	0.001
0.180	0.180	0.001	0.639
0.001	0.001	0.997	0.001
0.001	0.001	0.001	0.997
0.001	0.001	0.997	0.001
>AGCTTTGAGA	6-AGCTTTGAGA	3.464634	-121.492585	0	T:635.0(95.63%),B:31032.7(72.77%),P:1e-52	Tpos:165.7,Tstd:121.0,Bpos:259.3,Bstd:360.9,StrandBias:0.1,Multiplicity:1.59
0.628	0.134	0.100	0.138
0.163	0.069	0.542	0.226
0.194	0.570	0.086	0.150
0.154	0.046	0.101	0.699
0.167	0.097	0.181	0.555
0.124	0.105	0.171	0.600
0.180	0.147	0.524	0.149
0.587	0.148	0.104	0.161
0.208	0.099	0.569	0.124
0.729	0.095	0.104	0.072
>AAGACTCATA	7-AAGACTCATA	-9.797122	-111.087791	0	T:628.0(94.58%),B:30838.4(72.32%),P:1e-48	Tpos:172.1,Tstd:136.3,Bpos:240.9,Bstd:348.5,StrandBias:-0.1,Multiplicity:2.14
0.997	0.001	0.001	0.001
0.997	0.001	0.001	0.001
0.001	0.001	0.997	0.001
0.944	0.001	0.054	0.001
0.001	0.997	0.001	0.001
0.001	0.001	0.001	0.997
0.001	0.997	0.001	0.001
0.997	0.001	0.001	0.001
0.001	0.001	0.001	0.997
0.997	0.001	0.001	0.001
>WGTTDGTGTA	8-WGTTDGTGTA	4.470483	-109.809531	0	T:540.0(81.33%),B:23080.7(54.13%),P:1e-47	Tpos:176.9,Tstd:140.4,Bpos:347.2,Bstd:397.9,StrandBias:0.0,Multiplicity:1.94
0.323	0.068	0.169	0.440
0.058	0.219	0.441	0.283
0.258	0.013	0.010	0.719
0.050	0.035	0.174	0.741
0.366	0.082	0.284	0.267
0.135	0.025	0.719	0.121
0.137	0.015	0.063	0.785
0.213	0.056	0.526	0.205
0.119	0.041	0.061	0.779
0.532	0.065	0.099	0.304
>CGAATATGAC	9-CGAATATGAC	4.458463	-109.430323	0	T:565.0(85.09%),B:25082.7(58.82%),P:1e-47	Tpos:177.0,Tstd:139.9,Bpos:240.5,Bstd:376.0,StrandBias:-0.1,Multiplicity:2.35
0.100	0.700	0.100	0.100
0.100	0.100	0.700	0.100
0.700	0.100	0.100	0.100
0.700	0.100	0.100	0.100
0.100	0.100	0.100	0.700
0.700	0.100	0.100	0.100
0.100	0.100	0.100	0.700
0.100	0.100	0.700	0.100
0.700	0.100	0.100	0.100
0.100	0.700	0.100	0.100
>TCTAACTAGG	10-TCTAACTAGG	-3.488474	-108.170445	0	T:533.0(80.27%),B:22646.9(53.11%),P:1e-46	Tpos:168.7,Tstd:137.5,Bpos:262.3,Bstd:365.8,StrandBias:-0.1,Multiplicity:2.11
0.002	0.001	0.238	0.759
0.001	0.791	0.207	0.001
0.001	0.001	0.001	0.997
0.761	0.237	0.001	0.001
0.997	0.001	0.001	0.001
0.238	0.521	0.001	0.240
0.313	0.002	0.001	0.684
0.997	0.001	0.001	0.001
0.001	0.001	0.997	0.001
0.001	0.001	0.997	0.001
>CTCTCTCTCT	11-CTCTCTCTCT	-4.447341	-106.001295	0	T:637.0(95.93%),B:32156.6(75.41%),P:1e-46	Tpos:151.3,Tstd:114.8,Bpos:169.0,Bstd:300.8,StrandBias:0.1,Multiplicity:2.17
0.001	0.929	0.005	0.065
0.001	0.097	0.001	0.901
0.013	0.923	0.047	0.017
0.001	0.107	0.001	0.891
0.001	0.949	0.010	0.040
0.001	0.108	0.001	0.890
0.001	0.997	0.001	0.001
0.001	0.176	0.001	0.822
0.001	0.943	0.010	0.046
0.001	0.171	0.001	0.827
>AWTTWWTTTW	12-AWTTWWTTTW	2.508028	-65.094666	0	T:627.0(94.43%),B:33644.4(78.90%),P:1e-28	Tpos:197.9,Tstd:170.3,Bpos:395.5,Bstd:430.3,StrandBias:-0.0,Multiplicity:2.17
0.612	0.055	0.049	0.284
0.404	0.049	0.001	0.546
0.209	0.099	0.100	0.592
0.185	0.054	0.179	0.582
0.537	0.001	0.074	0.388
0.479	0.074	0.001	0.446
0.138	0.025	0.025	0.812
0.160	0.049	0.001	0.790
0.312	0.160	0.025	0.503
0.482	0.119	0.025	0.373
>TCTCTCTCTC	13-TCTCTCTCTC	0.000000	-8.459181	0	T:664.0(100.00%),B:42098.9(98.72%),P:1e-3
0.100	0.100	0.100	0.700
0.100	0.700	0.100	0.100
0.100	0.100	0.100	0.700
0.100	0.700	0.100	0.100
0.100	0.100	0.100	0.700
0.100	0.700	0.100	0.100
0.100	0.100	0.100	0.700
0.100	0.700	0.100	0.100
0.100	0.100	0.100	0.700
0.100	0.700	0.100	0.100
>AACCGAACCG	14-AACCGAACCG	0.000000	-4.231669	0	T:664.0(100.00%),B:42369.2(99.36%),P:1e-1
0.700	0.100	0.100	0.100
0.700	0.100	0.100	0.100
0.100	0.700	0.100	0.100
0.100	0.700	0.100	0.100
0.100	0.100	0.700	0.100
0.700	0.100	0.100	0.100
0.700	0.100	0.100	0.100
0.100	0.700	0.100	0.100
0.100	0.700	0.100	0.100
0.100	0.100	0.700	0.100
>CTCATACGGA	15-CTCATACGGA	0.000000	-2.352766	0	T:664.0(100.00%),B:42490.2(99.64%),P:1e-1
0.100	0.700	0.100	0.100
0.100	0.100	0.100	0.700
0.100	0.700	0.100	0.100
0.700	0.100	0.100	0.100
0.100	0.100	0.100	0.700
0.700	0.100	0.100	0.100
0.100	0.700	0.100	0.100
0.100	0.100	0.700	0.100
0.100	0.100	0.700	0.100
0.700	0.100	0.100	0.100
>GACTCATATG	16-GACTCATATG	0.566642	-2.104713	0	T:664.0(100.00%),B:42506.4(99.68%),P:1e0	Tpos:167.1,Tstd:131.1,Bpos:193.1,Bstd:352.8,StrandBias:0.0,Multiplicity:4.70
0.100	0.100	0.700	0.100
0.700	0.100	0.100	0.100
0.100	0.700	0.100	0.100
0.100	0.100	0.100	0.700
0.100	0.700	0.100	0.100
0.700	0.100	0.100	0.100
0.100	0.100	0.100	0.700
0.700	0.100	0.100	0.100
0.100	0.100	0.100	0.700
0.100	0.100	0.700	0.100
>TCTTAAAGGC	17-TCTTAAAGGC	0.000000	-2.073713	0	T:664.0(100.00%),B:42508.1(99.68%),P:1e0
0.100	0.100	0.100	0.700
0.100	0.700	0.100	0.100
0.100	0.100	0.100	0.700
0.100	0.100	0.100	0.700
0.700	0.100	0.100	0.100
0.700	0.100	0.100	0.100
0.700	0.100	0.100	0.100
0.100	0.100	0.700	0.100
0.100	0.100	0.700	0.100
0.100	0.700	0.100	0.100
>ATCTTAAAGG	18-ATCTTAAAGG	0.000000	-1.469501	0	T:664.0(100.00%),B:42547.9(99.78%),P:1e0
0.700	0.100	0.100	0.100
0.100	0.100	0.100	0.700
0.100	0.700	0.100	0.100
0.100	0.100	0.100	0.700
0.100	0.100	0.100	0.700
0.700	0.100	0.100	0.100
0.700	0.100	0.100	0.100
0.700	0.100	0.100	0.100
0.100	0.100	0.700	0.100
0.100	0.100	0.700	0.100
>ACTAACCAAG	19-ACTAACCAAG	0.000000	-1.252739	0	T:664.0(100.00%),B:42561.2(99.81%),P:1e0
0.700	0.100	0.100	0.100
0.100	0.700	0.100	0.100
0.100	0.100	0.100	0.700
0.700	0.100	0.100	0.100
0.700	0.100	0.100	0.100
0.100	0.700	0.100	0.100
0.100	0.700	0.100	0.100
0.700	0.100	0.100	0.100
0.700	0.100	0.100	0.100
0.100	0.100	0.700	0.100
>ATGCACGGAA	20-ATGCACGGAA	0.000000	-1.175341	0	T:664.0(100.00%),B:42566.1(99.82%),P:1e0
0.700	0.100	0.100	0.100
0.100	0.100	0.100	0.700
0.100	0.100	0.700	0.100
0.100	0.700	0.100	0.100
0.700	0.100	0.100	0.100
0.100	0.700	0.100	0.100
0.100	0.100	0.700	0.100
0.100	0.100	0.700	0.100
0.700	0.100	0.100	0.100
0.700	0.100	0.100	0.100
>NNNNNNNNNN	21-NNNNNNNNNN	-nan	0.000000	0	T:0.0(0.00%),B:0.0(0.00%),P:1e0	Tpos:0.0,Tstd:0.0,Bpos:0.0,Bstd:0.0,StrandBias:0.0,Multiplicity:1.00
-nan	-nan	-nan	-nan
-nan	-nan	-nan	-nan
-nan	-nan	-nan	-nan
-nan	-nan	-nan	-nan
-nan	-nan	-nan	-nan
-nan	-nan	-nan	-nan
-nan	-nan	-nan	-nan
-nan	-nan	-nan	-nan
-nan	-nan	-nan	-nan
-nan	-nan	-nan	-nan
>NNNNNNNNNN	22-NNNNNNNNNN	-nan	0.000000	0	T:0.0(0.00%),B:0.0(0.00%),P:1e0	Tpos:0.0,Tstd:0.0,Bpos:0.0,Bstd:0.0,StrandBias:0.0,Multiplicity:1.00
-nan	-nan	-nan	-nan
-nan	-nan	-nan	-nan
-nan	-nan	-nan	-nan
-nan	-nan	-nan	-nan
-nan	-nan	-nan	-nan
-nan	-nan	-nan	-nan
-nan	-nan	-nan	-nan
-nan	-nan	-nan	-nan
-nan	-nan	-nan	-nan
-nan	-nan	-nan	-nan
>NNNNNNNNNN	23-NNNNNNNNNN	-nan	0.000000	0	T:0.0(0.00%),B:0.0(0.00%),P:1e0	Tpos:0.0,Tstd:0.0,Bpos:0.0,Bstd:0.0,StrandBias:0.0,Multiplicity:1.00
-nan	-nan	-nan	-nan
-nan	-nan	-nan	-nan
-nan	-nan	-nan	-nan
-nan	-nan	-nan	-nan
-nan	-nan	-nan	-nan
-nan	-nan	-nan	-nan
-nan	-nan	-nan	-nan
-nan	-nan	-nan	-nan
-nan	-nan	-nan	-nan
-nan	-nan	-nan	-nan
>GATAATATGG	24-GATAATATGG	-27.595607	0.000000	0	T:664.0(100.00%),B:42642.6(100.00%),P:1e0	Tpos:179.3,Tstd:149.0,Bpos:192.2,Bstd:325.7,StrandBias:0.1,Multiplicity:2.34
0.001	0.001	0.997	0.001
0.997	0.001	0.001	0.001
0.001	0.001	0.001	0.997
0.997	0.001	0.001	0.001
0.997	0.001	0.001	0.001
0.001	0.001	0.001	0.997
0.997	0.001	0.001	0.001
0.001	0.001	0.001	0.997
0.001	0.001	0.997	0.001
0.001	0.001	0.997	0.001
>GAGGGAGAGA	25-GAGGGAGAGA	-7.216998	0.000000	0	T:664.0(100.00%),B:42642.6(100.00%),P:1e0	Tpos:153.0,Tstd:115.3,Bpos:195.0,Bstd:399.9,StrandBias:0.0,Multiplicity:1.40
0.100	0.100	0.700	0.100
0.700	0.100	0.100	0.100
0.100	0.100	0.700	0.100
0.100	0.100	0.700	0.100
0.100	0.100	0.700	0.100
0.700	0.100	0.100	0.100
0.100	0.100	0.700	0.100
0.700	0.100	0.100	0.100
0.100	0.100	0.700	0.100
0.700	0.100	0.100	0.100
