>CGGCGCTCGC	1-CGGCGCTCGC	8.358486	-2.971873	0	T:47.0(4.28%),B:2302.7(3.32%),P:1e-1	Tpos:214.5,Tstd:202.1,Bpos:4178.7,Bstd:13175.4,StrandBias:-0.4,Multiplicity:1.06
0.095	0.720	0.109	0.076
0.081	0.139	0.686	0.094
0.069	0.141	0.713	0.077
0.093	0.701	0.127	0.079
0.080	0.108	0.709	0.103
0.070	0.733	0.109	0.088
0.086	0.152	0.144	0.618
0.067	0.711	0.134	0.088
0.083	0.136	0.690	0.091
0.075	0.720	0.127	0.078
>NCGCGCCGGN	2-NCGCGCCGGN	5.761013	-2.331341	0	T:63.0(5.74%),B:3352.0(4.84%),P:1e-1	Tpos:221.7,Tstd:205.5,Bpos:3131.2,Bstd:11706.0,StrandBias:0.2,Multiplicity:1.15
0.207	0.280	0.309	0.205
0.141	0.504	0.223	0.132
0.124	0.161	0.579	0.136
0.129	0.609	0.146	0.116
0.128	0.203	0.521	0.148
0.129	0.521	0.220	0.130
0.130	0.582	0.167	0.121
0.127	0.172	0.569	0.132
0.137	0.229	0.497	0.137
0.219	0.260	0.308	0.212
>GCSGSSGSSG	3-GCSGSSGSSG	6.662208	-1.277332	0	T:20.0(1.82%),B:1084.2(1.57%),P:1e0	Tpos:145.0,Tstd:22.0,Bpos:4717.7,Bstd:14572.3,StrandBias:10.0,Multiplicity:1.00
0.034	0.313	0.600	0.053
0.039	0.562	0.357	0.042
0.136	0.290	0.401	0.172
0.064	0.265	0.584	0.087
0.054	0.441	0.434	0.071
0.147	0.396	0.341	0.115
0.100	0.218	0.597	0.085
0.053	0.470	0.440	0.037
0.141	0.409	0.320	0.130
0.129	0.263	0.479	0.128
>SGCGGCGCCS	4-SGCGGCGCCS	9.279596	-0.948794	0	T:23.0(2.10%),B:1346.2(1.94%),P:1e0	Tpos:206.4,Tstd:218.4,Bpos:2460.4,Bstd:9232.1,StrandBias:0.2,Multiplicity:1.00
0.128	0.395	0.374	0.103
0.034	0.182	0.730	0.054
0.083	0.781	0.106	0.030
0.116	0.141	0.671	0.072
0.036	0.209	0.726	0.029
0.082	0.692	0.161	0.065
0.034	0.118	0.733	0.115
0.033	0.758	0.181	0.028
0.068	0.643	0.224	0.065
0.084	0.398	0.416	0.103
>CCCCCGGCSS	5-CCCCCGGCSS	9.416753	-0.704860	0	T:30.0(2.73%),B:1867.8(2.70%),P:1e0	Tpos:340.8,Tstd:304.6,Bpos:5872.3,Bstd:14738.9,StrandBias:-0.4,Multiplicity:1.00
0.001	0.732	0.266	0.001
0.001	0.561	0.362	0.076
0.001	0.715	0.180	0.104
0.001	0.663	0.304	0.032
0.001	0.608	0.390	0.001
0.001	0.246	0.752	0.001
0.001	0.123	0.875	0.001
0.001	0.885	0.113	0.001
0.001	0.494	0.504	0.001
0.001	0.475	0.523	0.001
>CGVGCCGCGC	6-CGVGCCGCGC	7.682819	-0.603273	0	T:51.0(4.65%),B:3250.1(4.69%),P:1e0	Tpos:201.7,Tstd:209.2,Bpos:3906.0,Bstd:12639.6,StrandBias:-0.7,Multiplicity:1.00
0.080	0.590	0.261	0.069
0.065	0.284	0.594	0.057
0.285	0.353	0.289	0.074
0.043	0.192	0.704	0.061
0.049	0.684	0.235	0.032
0.126	0.572	0.187	0.115
0.031	0.220	0.682	0.067
0.093	0.647	0.230	0.030
0.083	0.219	0.609	0.089
0.065	0.633	0.255	0.047
>CGCCCSCGCS	7-CGCCCSCGCS	10.138836	-0.593013	0	T:10.0(0.91%),B:636.3(0.92%),P:1e0	Tpos:237.8,Tstd:305.3,Bpos:3229.2,Bstd:10638.3,StrandBias:2.3,Multiplicity:1.00
0.040	0.826	0.133	0.001
0.019	0.164	0.729	0.088
0.027	0.861	0.106	0.006
0.038	0.728	0.103	0.131
0.056	0.843	0.069	0.032
0.010	0.354	0.464	0.172
0.073	0.829	0.062	0.036
0.034	0.298	0.592	0.076
0.014	0.721	0.231	0.034
0.080	0.462	0.370	0.088
>GCCGCCGCCG	8-GCCGCCGCCG	10.283514	-0.556254	0	T:63.0(5.74%),B:4046.2(5.84%),P:1e0	Tpos:286.0,Tstd:239.8,Bpos:2582.9,Bstd:10141.4,StrandBias:0.6,Multiplicity:1.43
0.001	0.119	0.879	0.001
0.001	0.911	0.087	0.001
0.001	0.761	0.237	0.001
0.001	0.001	0.997	0.001
0.001	0.997	0.001	0.001
0.001	0.729	0.269	0.001
0.001	0.190	0.808	0.001
0.001	0.993	0.005	0.001
0.001	0.910	0.088	0.001
0.001	0.001	0.997	0.001
>CSGCGSCGSC	9-CSGCGSCGSC	10.123869	-0.550932	0	T:6.0(0.55%),B:387.8(0.56%),P:1e0	Tpos:399.6,Tstd:404.8,Bpos:2742.9,Bstd:10187.0,StrandBias:0.6,Multiplicity:1.00
0.053	0.798	0.075	0.074
0.027	0.491	0.439	0.043
0.001	0.394	0.588	0.017
0.053	0.817	0.092	0.038
0.006	0.028	0.916	0.050
0.001	0.483	0.515	0.001
0.067	0.801	0.087	0.045
0.067	0.152	0.757	0.024
0.016	0.507	0.449	0.028
0.001	0.871	0.127	0.001
>CCCGGSGCCG	10-CCCGGSGCCG	9.576124	-0.494650	0	T:9.0(0.82%),B:600.6(0.87%),P:1e0	Tpos:299.0,Tstd:240.2,Bpos:6640.7,Bstd:15520.7,StrandBias:-1.3,Multiplicity:1.17
0.012	0.634	0.305	0.049
0.022	0.782	0.143	0.053
0.046	0.734	0.212	0.008
0.031	0.232	0.693	0.044
0.008	0.357	0.626	0.009
0.209	0.364	0.368	0.059
0.027	0.231	0.693	0.049
0.004	0.738	0.238	0.020
0.088	0.633	0.212	0.067
0.039	0.218	0.731	0.012
>GCGGCSGSGG	11-GCGGCSGSGG	9.205672	-0.461021	0	T:27.0(2.46%),B:1793.8(2.59%),P:1e0	Tpos:191.4,Tstd:195.2,Bpos:4516.7,Bstd:12618.9,StrandBias:0.2,Multiplicity:1.00
0.006	0.227	0.755	0.012
0.053	0.545	0.364	0.038
0.144	0.180	0.604	0.072
0.029	0.090	0.840	0.041
0.013	0.753	0.233	0.001
0.100	0.398	0.294	0.208
0.022	0.149	0.814	0.015
0.057	0.395	0.527	0.021
0.153	0.179	0.647	0.021
0.035	0.147	0.740	0.078
>GAGCGCCCGG	12-GAGCGCCCGG	10.296193	-0.389931	0	T:2.0(0.18%),B:147.2(0.21%),P:1e0	Tpos:153.5,Tstd:82.5,Bpos:5224.1,Bstd:16707.2,StrandBias:10.0,Multiplicity:1.00
0.100	0.100	0.700	0.100
0.700	0.100	0.100	0.100
0.100	0.100	0.700	0.100
0.100	0.700	0.100	0.100
0.100	0.100	0.700	0.100
0.100	0.700	0.100	0.100
0.100	0.700	0.100	0.100
0.100	0.700	0.100	0.100
0.100	0.100	0.700	0.100
0.100	0.100	0.700	0.100
>SCGGGCGCGS	13-SCGGGCGCGS	6.761058	-0.341780	0	T:8.0(0.73%),B:588.0(0.85%),P:1e0	Tpos:204.2,Tstd:99.1,Bpos:4058.0,Bstd:13793.2,StrandBias:10.0,Multiplicity:1.25
0.161	0.314	0.356	0.170
0.119	0.474	0.304	0.102
0.151	0.262	0.472	0.115
0.092	0.152	0.666	0.090
0.114	0.262	0.533	0.091
0.150	0.471	0.265	0.114
0.105	0.150	0.642	0.103
0.129	0.502	0.264	0.105
0.121	0.254	0.509	0.116
0.175	0.279	0.377	0.169
>GCGCCCCGGG	14-GCGCCCCGGG	8.125428	-0.294616	0	T:73.0(6.65%),B:4939.9(7.13%),P:1e0	Tpos:290.8,Tstd:265.7,Bpos:5667.5,Bstd:15470.0,StrandBias:-0.8,Multiplicity:1.17
0.034	0.167	0.746	0.053
0.108	0.654	0.171	0.067
0.062	0.122	0.702	0.114
0.060	0.680	0.174	0.086
0.062	0.675	0.171	0.092
0.033	0.692	0.199	0.076
0.077	0.667	0.182	0.074
0.051	0.164	0.721	0.064
0.089	0.146	0.727	0.038
0.073	0.155	0.734	0.038
>CGGCGGCGSS	15-CGGCGGCGSS	7.424476	-0.260979	0	T:84.0(7.66%),B:5704.5(8.24%),P:1e0	Tpos:267.9,Tstd:255.4,Bpos:3500.1,Bstd:11351.1,StrandBias:-0.4,Multiplicity:1.16
0.053	0.545	0.374	0.028
0.001	0.326	0.492	0.181
0.001	0.288	0.710	0.001
0.130	0.629	0.240	0.001
0.144	0.230	0.521	0.105
0.001	0.328	0.670	0.001
0.117	0.586	0.222	0.075
0.001	0.188	0.606	0.205
0.036	0.504	0.459	0.001
0.019	0.510	0.470	0.001
>CCCCGCGCGC	16-CCCCGCGCGC	8.031662	-0.260494	0	T:69.0(6.29%),B:4722.3(6.82%),P:1e0	Tpos:206.5,Tstd:237.0,Bpos:3389.0,Bstd:12055.1,StrandBias:-0.3,Multiplicity:1.11
0.047	0.725	0.137	0.091
0.054	0.633	0.206	0.107
0.057	0.701	0.166	0.076
0.068	0.673	0.151	0.108
0.036	0.216	0.657	0.091
0.078	0.742	0.137	0.043
0.046	0.206	0.659	0.089
0.084	0.787	0.104	0.025
0.062	0.197	0.635	0.106
0.037	0.789	0.145	0.029
>CCCGCGGCCC	17-CCCGCGGCCC	10.684667	-0.207408	0	T:29.0(2.64%),B:2123.1(3.07%),P:1e0	Tpos:230.9,Tstd:170.8,Bpos:4454.2,Bstd:13069.4,StrandBias:1.0,Multiplicity:1.08
0.001	0.727	0.271	0.001
0.001	0.937	0.061	0.001
0.001	0.887	0.111	0.001
0.001	0.001	0.997	0.001
0.001	0.913	0.085	0.001
0.183	0.120	0.584	0.113
0.001	0.136	0.862	0.001
0.001	0.899	0.099	0.001
0.001	0.841	0.157	0.001
0.001	0.799	0.199	0.001
>SGCGCGGCGG	18-SGCGCGGCGG	7.310351	-0.177857	0	T:13.0(1.19%),B:1040.4(1.50%),P:1e0	Tpos:247.4,Tstd:254.2,Bpos:4557.5,Bstd:13341.8,StrandBias:0.6,Multiplicity:1.00
0.144	0.388	0.352	0.116
0.097	0.222	0.567	0.114
0.130	0.496	0.285	0.089
0.116	0.200	0.596	0.088
0.120	0.548	0.255	0.077
0.140	0.253	0.481	0.125
0.114	0.104	0.669	0.113
0.139	0.529	0.247	0.085
0.134	0.206	0.530	0.130
0.167	0.232	0.489	0.111
>SCGCCGCCGS	19-SCGCCGCCGS	6.754445	-0.120302	0	T:24.0(2.19%),B:1894.0(2.73%),P:1e0	Tpos:112.2,Tstd:45.7,Bpos:2212.6,Bstd:9768.8,StrandBias:1.6,Multiplicity:1.33
0.147	0.386	0.306	0.160
0.126	0.509	0.242	0.123
0.103	0.283	0.476	0.138
0.087	0.659	0.170	0.084
0.139	0.486	0.232	0.142
0.102	0.302	0.478	0.119
0.082	0.679	0.167	0.072
0.123	0.484	0.268	0.125
0.116	0.283	0.479	0.122
0.189	0.363	0.290	0.158
>SCSCSSCSSC	20-SCSCSSCSSC	7.173063	-0.081889	0	T:3.0(0.27%),B:358.8(0.52%),P:1e0	Tpos:113.0,Tstd:0.0,Bpos:5651.2,Bstd:13992.1,StrandBias:-10.0,Multiplicity:1.00
0.110	0.448	0.306	0.135
0.073	0.529	0.294	0.104
0.028	0.493	0.389	0.090
0.049	0.810	0.065	0.076
0.115	0.425	0.307	0.153
0.060	0.400	0.452	0.088
0.109	0.696	0.131	0.064
0.109	0.316	0.453	0.123
0.073	0.384	0.451	0.092
0.111	0.481	0.283	0.125
>NCGSCCCGGN	21-NCGSCCCGGN	6.704124	-0.048152	0	T:26.0(2.37%),B:2210.4(3.19%),P:1e0	Tpos:233.6,Tstd:264.3,Bpos:4611.2,Bstd:14181.0,StrandBias:-0.6,Multiplicity:1.28
0.189	0.308	0.308	0.196
0.125	0.476	0.323	0.076
0.102	0.204	0.582	0.112
0.075	0.347	0.471	0.107
0.056	0.704	0.158	0.082
0.057	0.677	0.171	0.095
0.099	0.507	0.293	0.101
0.093	0.235	0.575	0.097
0.064	0.320	0.571	0.045
0.244	0.282	0.308	0.166
>GSCGGCGSCG	22-GSCGGCGSCG	7.372228	-0.021131	0	T:20.0(1.82%),B:1896.6(2.74%),P:1e0	Tpos:353.5,Tstd:251.5,Bpos:2341.3,Bstd:9948.8,StrandBias:0.0,Multiplicity:1.00
0.118	0.240	0.440	0.202
0.030	0.383	0.495	0.092
0.135	0.538	0.262	0.065
0.044	0.248	0.552	0.156
0.003	0.295	0.601	0.101
0.098	0.527	0.340	0.035
0.099	0.155	0.495	0.251
0.026	0.383	0.495	0.097
0.056	0.536	0.290	0.118
0.003	0.246	0.564	0.187
>SCCGCCSCCS	23-SCCGCCSCCS	7.469082	-0.015790	0	T:128.0(11.67%),B:9587.6(13.84%),P:1e0	Tpos:188.2,Tstd:144.5,Bpos:5060.8,Bstd:14009.2,StrandBias:-0.3,Multiplicity:1.06
0.021	0.490	0.454	0.035
0.061	0.716	0.138	0.085
0.102	0.639	0.126	0.133
0.051	0.150	0.715	0.084
0.046	0.787	0.105	0.062
0.004	0.505	0.341	0.150
0.032	0.398	0.499	0.071
0.032	0.761	0.133	0.074
0.064	0.603	0.183	0.150
0.014	0.432	0.511	0.043
>GGGGGGGGGG	24-GGGGGGGGGG	9.933408	-0.001863	0	T:4.0(0.36%),B:775.8(1.12%),P:1e0	Tpos:288.2,Tstd:302.9,Bpos:11902.9,Bstd:17233.6,StrandBias:10.0,Multiplicity:1.00
0.045	0.351	0.603	0.001
0.030	0.267	0.702	0.001
0.067	0.324	0.608	0.001
0.001	0.277	0.705	0.017
0.063	0.296	0.640	0.001
0.117	0.251	0.631	0.001
0.067	0.243	0.689	0.001
0.072	0.101	0.787	0.040
0.001	0.361	0.601	0.037
0.001	0.175	0.823	0.001
>CGCGCCCCCG	25-CGCGCCCCCG	7.186489	-0.000018	0	T:44.0(4.01%),B:4797.5(6.93%),P:1e0	Tpos:218.5,Tstd:235.2,Bpos:4383.8,Bstd:12933.3,StrandBias:0.7,Multiplicity:1.00
0.109	0.576	0.206	0.109
0.076	0.279	0.537	0.108
0.097	0.670	0.151	0.082
0.097	0.244	0.519	0.140
0.076	0.663	0.158	0.103
0.090	0.661	0.131	0.118
0.072	0.570	0.233	0.125
0.061	0.691	0.148	0.100
0.103	0.569	0.216	0.112
0.093	0.250	0.544	0.113
>GCGCTGCGCCCG	1-GCGCTGCGCCCG	9.773646	-6.639149	0	T:21.0(1.91%),B:618.6(0.89%),P:1e-2	Tpos:184.8,Tstd:142.7,Bpos:3838.6,Bstd:11868.1,StrandBias:0.0,Multiplicity:1.00
0.096	0.110	0.680	0.114
0.098	0.686	0.099	0.117
0.078	0.086	0.711	0.125
0.099	0.657	0.123	0.121
0.126	0.154	0.179	0.541
0.104	0.153	0.641	0.102
0.104	0.734	0.084	0.078
0.071	0.108	0.720	0.101
0.098	0.687	0.113	0.102
0.110	0.580	0.176	0.134
0.110	0.672	0.134	0.084
0.100	0.119	0.691	0.090
>SKYCGCCGCGGN	2-SKYCGCCGCGGN	9.323312	-4.599436	0	T:2.0(0.18%),B:8.2(0.01%),P:1e-1	Tpos:218.5,Tstd:199.5,Bpos:7415.8,Bstd:16948.5,StrandBias:10.0,Multiplicity:1.00
0.204	0.369	0.254	0.172
0.006	0.166	0.483	0.344
0.101	0.323	0.103	0.473
0.025	0.606	0.203	0.166
0.017	0.193	0.592	0.198
0.001	0.684	0.260	0.055
0.014	0.615	0.331	0.040
0.001	0.143	0.845	0.011
0.001	0.651	0.320	0.028
0.095	0.310	0.517	0.078
0.069	0.292	0.580	0.059
0.262	0.239	0.318	0.181
>CCCGAGCGCGGC	3-CCCGAGCGCGGC	10.282412	-3.481124	0	T:6.0(0.55%),B:144.8(0.21%),P:1e-1	Tpos:230.7,Tstd:278.7,Bpos:2554.0,Bstd:9448.9,StrandBias:2.3,Multiplicity:1.00
0.051	0.648	0.143	0.158
0.024	0.680	0.174	0.122
0.019	0.700	0.227	0.054
0.064	0.202	0.683	0.051
0.422	0.223	0.212	0.143
0.186	0.086	0.618	0.110
0.199	0.574	0.157	0.070
0.029	0.156	0.712	0.103
0.094	0.685	0.157	0.064
0.055	0.320	0.580	0.045
0.013	0.226	0.638	0.123
0.211	0.609	0.117	0.063
>NCGCGCCGVCGN	4-NCGCGCCGVCGN	9.297354	-3.078079	0	T:1.0(0.09%),B:2.1(0.00%),P:1e-1	Tpos:245.0,Tstd:0.0,Bpos:0.0,Bstd:0.0,StrandBias:-10.0,Multiplicity:1.00
0.167	0.280	0.304	0.249
0.101	0.554	0.220	0.125
0.039	0.214	0.630	0.117
0.095	0.731	0.129	0.045
0.063	0.139	0.671	0.127
0.078	0.584	0.224	0.114
0.069	0.726	0.157	0.048
0.071	0.081	0.732	0.116
0.334	0.218	0.311	0.136
0.122	0.659	0.151	0.068
0.056	0.182	0.590	0.172
0.223	0.275	0.310	0.192
>SCGCGGGGCAGV	5-SCGCGGGGCAGV	9.518204	-2.928083	0	T:5.0(0.46%),B:125.3(0.18%),P:1e-1	Tpos:215.8,Tstd:231.2,Bpos:6389.4,Bstd:18587.2,StrandBias:-0.6,Multiplicity:1.00
0.150	0.274	0.378	0.198
0.078	0.638	0.175	0.109
0.073	0.137	0.688	0.102
0.091	0.725	0.125	0.059
0.070	0.155	0.710	0.065
0.088	0.190	0.655	0.067
0.130	0.223	0.573	0.074
0.111	0.136	0.644	0.109
0.131	0.619	0.151	0.099
0.435	0.181	0.264	0.120
0.116	0.168	0.599	0.117
0.191	0.336	0.287	0.186
>CMGCMGCMGCCG	6-CMGCMGCMGCCG	9.527611	-2.921728	0	T:7.0(0.64%),B:209.7(0.30%),P:1e-1	Tpos:250.6,Tstd:267.1,Bpos:6325.1,Bstd:16334.4,StrandBias:0.6,Multiplicity:1.00
0.081	0.587	0.245	0.087
0.417	0.287	0.178	0.119
0.099	0.201	0.658	0.042
0.116	0.625	0.207	0.052
0.411	0.287	0.235	0.067
0.099	0.202	0.647	0.052
0.107	0.612	0.242	0.039
0.393	0.294	0.235	0.077
0.086	0.158	0.695	0.061
0.069	0.676	0.187	0.068
0.102	0.674	0.186	0.038
0.114	0.212	0.575	0.099
>CGCCCGCAGCCC	7-CGCCCGCAGCCC	12.643597	-2.221907	0	T:4.0(0.36%),B:112.9(0.16%),P:1e0	Tpos:128.8,Tstd:75.7,Bpos:5912.8,Bstd:17407.5,StrandBias:-1.6,Multiplicity:1.00
0.070	0.779	0.107	0.044
0.076	0.080	0.749	0.095
0.066	0.854	0.073	0.007
0.046	0.841	0.060	0.053
0.054	0.757	0.103	0.086
0.037	0.057	0.900	0.006
0.026	0.887	0.077	0.010
0.691	0.100	0.090	0.119
0.010	0.029	0.914	0.047
0.026	0.928	0.027	0.019
0.019	0.894	0.062	0.025
0.042	0.808	0.087	0.063
>NCTCCAGGCGCS	8-NCTCCAGGCGCS	8.292157	-2.117236	0	T:22.0(2.01%),B:1051.8(1.52%),P:1e0	Tpos:260.8,Tstd:241.6,Bpos:3970.9,Bstd:12096.3,StrandBias:0.3,Multiplicity:1.00
0.214	0.226	0.341	0.218
0.109	0.670	0.135	0.086
0.113	0.159	0.190	0.538
0.104	0.653	0.128	0.115
0.126	0.605	0.166	0.103
0.480	0.214	0.181	0.125
0.104	0.142	0.656	0.098
0.121	0.135	0.639	0.105
0.107	0.683	0.108	0.102
0.100	0.089	0.729	0.082
0.098	0.705	0.128	0.069
0.165	0.300	0.351	0.184
>SCCGCSCKCGCG	9-SCCGCSCKCGCG	8.747080	-1.942680	0	T:4.0(0.36%),B:125.5(0.18%),P:1e0	Tpos:327.2,Tstd:218.7,Bpos:1612.1,Bstd:7079.5,StrandBias:0.0,Multiplicity:1.00
0.093	0.385	0.369	0.153
0.073	0.499	0.192	0.236
0.140	0.522	0.306	0.032
0.089	0.172	0.624	0.115
0.044	0.632	0.083	0.241
0.073	0.489	0.352	0.086
0.061	0.562	0.294	0.083
0.082	0.238	0.286	0.394
0.132	0.641	0.138	0.089
0.186	0.173	0.496	0.145
0.099	0.727	0.096	0.078
0.081	0.274	0.522	0.123
>SCAGCGGCRGCV	10-SCAGCGGCRGCV	9.330908	-1.888888	0	T:12.0(1.09%),B:535.7(0.77%),P:1e0	Tpos:338.0,Tstd:196.3,Bpos:3958.8,Bstd:11896.4,StrandBias:-2.6,Multiplicity:1.00
0.176	0.270	0.371	0.182
0.147	0.559	0.147	0.147
0.453	0.218	0.194	0.135
0.129	0.176	0.636	0.059
0.041	0.847	0.071	0.041
0.047	0.106	0.806	0.041
0.141	0.118	0.659	0.082
0.124	0.676	0.082	0.118
0.377	0.206	0.306	0.112
0.188	0.118	0.594	0.100
0.106	0.741	0.059	0.094
0.283	0.223	0.353	0.141
>CGGGGCTCCGGG	11-CGGGGCTCCGGG	10.365861	-1.883456	0	T:8.0(0.73%),B:325.3(0.47%),P:1e0	Tpos:307.3,Tstd:87.5,Bpos:3039.4,Bstd:9036.0,StrandBias:1.3,Multiplicity:1.00
0.082	0.669	0.155	0.094
0.038	0.146	0.702	0.114
0.093	0.153	0.677	0.077
0.104	0.170	0.672	0.054
0.099	0.124	0.679	0.098
0.081	0.634	0.168	0.117
0.090	0.154	0.220	0.536
0.052	0.649	0.181	0.118
0.060	0.698	0.150	0.092
0.060	0.155	0.704	0.081
0.112	0.144	0.704	0.040
0.133	0.100	0.676	0.091
>DCGGCGGCSGSD	12-DCGGCGGCSGSD	8.420137	-1.622067	0	T:1.0(0.09%),B:13.2(0.02%),P:1e0	Tpos:535.0,Tstd:0.0,Bpos:2278.2,Bstd:8958.6,StrandBias:-10.0,Multiplicity:1.00
0.322	0.148	0.195	0.335
0.040	0.708	0.189	0.063
0.060	0.293	0.490	0.157
0.049	0.227	0.597	0.127
0.010	0.676	0.191	0.123
0.125	0.258	0.442	0.175
0.065	0.258	0.555	0.122
0.039	0.742	0.141	0.078
0.060	0.325	0.413	0.202
0.092	0.334	0.515	0.059
0.078	0.358	0.471	0.093
0.281	0.166	0.224	0.329
>NCGCCCGCDCCG	13-NCGCCCGCDCCG	7.000001	-1.589211	0	T:26.0(2.37%),B:1370.9(1.98%),P:1e0	Tpos:368.4,Tstd:334.3,Bpos:2407.2,Bstd:9427.3,StrandBias:0.9,Multiplicity:1.10
0.231	0.270	0.288	0.211
0.188	0.537	0.244	0.031
0.037	0.207	0.495	0.260
0.027	0.464	0.234	0.274
0.014	0.493	0.330	0.163
0.038	0.556	0.396	0.010
0.200	0.025	0.758	0.017
0.214	0.464	0.142	0.181
0.287	0.020	0.364	0.328
0.044	0.561	0.364	0.031
0.027	0.483	0.320	0.169
0.183	0.236	0.393	0.189
>NCCCGGAGCCGS	14-NCCCGGAGCCGS	9.161138	-1.560785	0	T:7.0(0.64%),B:302.9(0.44%),P:1e0	Tpos:111.0,Tstd:68.5,Bpos:3849.7,Bstd:12028.5,StrandBias:1.3,Multiplicity:1.00
0.201	0.312	0.278	0.209
0.099	0.597	0.194	0.110
0.057	0.654	0.192	0.097
0.095	0.658	0.181	0.066
0.086	0.168	0.658	0.088
0.080	0.195	0.638	0.087
0.467	0.246	0.179	0.108
0.105	0.166	0.620	0.109
0.079	0.701	0.129	0.091
0.101	0.652	0.173	0.074
0.064	0.179	0.672	0.085
0.177	0.404	0.269	0.150
>VGGCGCGCCGGS	15-VGGCGCGCCGGS	8.494569	-1.392668	0	T:23.0(2.10%),B:1236.7(1.79%),P:1e0	Tpos:221.4,Tstd:188.9,Bpos:3704.7,Bstd:12729.9,StrandBias:0.8,Multiplicity:1.09
0.211	0.279	0.331	0.179
0.101	0.153	0.658	0.088
0.089	0.175	0.663	0.073
0.126	0.607	0.180	0.087
0.091	0.157	0.646	0.106
0.116	0.611	0.184	0.089
0.087	0.189	0.605	0.119
0.081	0.641	0.202	0.076
0.122	0.601	0.171	0.106
0.107	0.162	0.623	0.108
0.095	0.165	0.663	0.077
0.191	0.295	0.354	0.159
>NCCGCCCCCGCN	16-NCCGCCCCCGCN	9.759514	-1.326849	0	T:6.0(0.55%),B:271.3(0.39%),P:1e0	Tpos:321.8,Tstd:192.5,Bpos:3466.4,Bstd:12874.1,StrandBias:-1.6,Multiplicity:1.00
0.173	0.308	0.321	0.199
0.107	0.650	0.146	0.097
0.077	0.664	0.167	0.092
0.081	0.171	0.647	0.101
0.105	0.639	0.144	0.112
0.108	0.608	0.157	0.127
0.082	0.633	0.169	0.116
0.082	0.628	0.180	0.110
0.093	0.662	0.144	0.101
0.098	0.157	0.648	0.097
0.117	0.623	0.162	0.098
0.217	0.279	0.283	0.221
>NNNSVSCGGCGV	17-NNNSVSCGGCGV	7.570782	-1.274874	0	T:7.0(0.64%),B:332.5(0.48%),P:1e0	Tpos:339.1,Tstd:348.4,Bpos:3128.1,Bstd:10068.4,StrandBias:0.4,Multiplicity:1.00
0.204	0.201	0.341	0.254
0.209	0.313	0.310	0.168
0.168	0.310	0.232	0.291
0.182	0.310	0.341	0.168
0.242	0.282	0.327	0.150
0.168	0.360	0.295	0.177
0.001	0.997	0.001	0.001
0.001	0.340	0.658	0.001
0.001	0.341	0.500	0.159
0.001	0.997	0.001	0.001
0.001	0.001	0.997	0.001
0.309	0.233	0.313	0.145
>SSCGCGCGDMGV	18-SSCGCGCGDMGV	7.250149	-1.238367	0	T:144.0(13.13%),B:8679.8(12.53%),P:1e0	Tpos:234.5,Tstd:247.6,Bpos:3435.3,Bstd:11649.5,StrandBias:-0.1,Multiplicity:1.43
0.096	0.391	0.304	0.209
0.052	0.521	0.426	0.001
0.009	0.669	0.235	0.087
0.001	0.026	0.860	0.113
0.008	0.990	0.001	0.001
0.001	0.001	0.997	0.001
0.226	0.566	0.191	0.017
0.001	0.365	0.530	0.104
0.217	0.174	0.348	0.261
0.313	0.452	0.061	0.174
0.192	0.261	0.417	0.130
0.226	0.365	0.261	0.148
>NGCSGCSGCSGW	19-NGCSGCSGCSGW	8.646241	-1.147443	0	T:8.0(0.73%),B:405.2(0.58%),P:1e0	Tpos:334.0,Tstd:0.0,Bpos:569.9,Bstd:693.2,StrandBias:10.0,Multiplicity:1.00
0.193	0.335	0.273	0.198
0.029	0.075	0.739	0.157
0.116	0.638	0.164	0.082
0.091	0.403	0.280	0.226
0.123	0.075	0.706	0.096
0.096	0.747	0.116	0.041
0.097	0.390	0.342	0.171
0.014	0.226	0.644	0.116
0.041	0.693	0.157	0.109
0.132	0.383	0.287	0.198
0.082	0.150	0.659	0.109
0.410	0.111	0.199	0.280
>SKSBSCSSGCGV	20-SKSBSCSSGCGV	7.765697	-0.952767	0	T:1.0(0.09%),B:30.9(0.04%),P:1e0	Tpos:107.0,Tstd:0.0,Bpos:128.8,Bstd:201.1,StrandBias:-10.0,Multiplicity:1.00
0.135	0.354	0.316	0.195
0.141	0.209	0.386	0.264
0.001	0.399	0.363	0.237
0.117	0.346	0.331	0.206
0.190	0.333	0.347	0.131
0.001	0.997	0.001	0.001
0.001	0.373	0.477	0.149
0.133	0.393	0.473	0.001
0.204	0.213	0.412	0.172
0.167	0.724	0.001	0.108
0.001	0.001	0.997	0.001
0.227	0.293	0.321	0.159
>NCCGCCGCCGCS	21-NCCGCCGCCGCS	8.640476	-0.930741	0	T:41.0(3.74%),B:2461.0(3.55%),P:1e0	Tpos:296.4,Tstd:283.8,Bpos:3433.4,Bstd:10656.9,StrandBias:0.8,Multiplicity:1.00
0.207	0.308	0.283	0.202
0.136	0.626	0.099	0.139
0.089	0.608	0.183	0.120
0.072	0.160	0.645	0.123
0.124	0.635	0.146	0.095
0.084	0.601	0.198	0.117
0.091	0.159	0.683	0.067
0.145	0.610	0.145	0.100
0.076	0.648	0.184	0.092
0.081	0.177	0.638	0.104
0.101	0.729	0.109	0.061
0.174	0.296	0.365	0.165
>NCSGCSGCSGCN	22-NCSGCSGCSGCN	7.187583	-0.781051	0	T:65.0(5.93%),B:4029.3(5.82%),P:1e0	Tpos:281.2,Tstd:243.7,Bpos:2440.6,Bstd:9729.9,StrandBias:-0.5,Multiplicity:1.29
0.144	0.279	0.284	0.293
0.025	0.667	0.237	0.071
0.051	0.353	0.442	0.153
0.057	0.223	0.604	0.116
0.080	0.662	0.213	0.045
0.107	0.313	0.430	0.151
0.076	0.284	0.619	0.021
0.114	0.582	0.157	0.147
0.097	0.321	0.429	0.154
0.083	0.302	0.497	0.118
0.072	0.608	0.286	0.034
0.229	0.196	0.336	0.239
>CBGCSGCBGCBS	23-CBGCSGCBGCBS	8.131003	-0.558500	0	T:9.0(0.82%),B:581.7(0.84%),P:1e0	Tpos:176.0,Tstd:93.5,Bpos:2869.7,Bstd:9773.0,StrandBias:1.0,Multiplicity:1.50
0.127	0.506	0.206	0.161
0.018	0.323	0.276	0.382
0.027	0.241	0.604	0.128
0.084	0.742	0.166	0.008
0.028	0.343	0.402	0.227
0.041	0.185	0.739	0.035
0.044	0.622	0.249	0.085
0.018	0.267	0.372	0.343
0.146	0.285	0.485	0.084
0.037	0.660	0.232	0.071
0.006	0.305	0.394	0.296
0.162	0.332	0.359	0.146
>NGCTGCTGCCGC	24-NGCTGCTGCCGC	9.203707	-0.518130	0	T:8.0(0.73%),B:527.6(0.76%),P:1e0	Tpos:248.3,Tstd:199.1,Bpos:3041.6,Bstd:9606.5,StrandBias:-1.0,Multiplicity:1.00
0.201	0.310	0.248	0.240
0.099	0.081	0.706	0.114
0.119	0.642	0.122	0.117
0.144	0.222	0.189	0.444
0.092	0.077	0.695	0.136
0.097	0.680	0.123	0.100
0.123	0.187	0.215	0.475
0.098	0.149	0.639	0.114
0.101	0.602	0.180	0.117
0.072	0.706	0.147	0.075
0.069	0.091	0.765	0.075
0.192	0.407	0.233	0.168
>GYCGCTGSYGCS	25-GYCGCTGSYGCS	8.565686	-0.243380	0	T:8.0(0.73%),B:634.4(0.92%),P:1e0	Tpos:300.0,Tstd:0.0,Bpos:4243.4,Bstd:11684.0,StrandBias:10.0,Multiplicity:1.00
0.127	0.227	0.431	0.215
0.104	0.433	0.175	0.288
0.045	0.535	0.095	0.325
0.051	0.136	0.686	0.127
0.088	0.543	0.129	0.240
0.234	0.189	0.114	0.463
0.089	0.145	0.713	0.053
0.082	0.506	0.358	0.054
0.084	0.454	0.122	0.339
0.057	0.102	0.728	0.113
0.089	0.725	0.150	0.036
0.131	0.399	0.279	0.192
>CGCSSCSS	1-CGCSSCSS	4.442699	-1.287700	0	T:45.0(4.10%),B:2578.1(3.72%),P:1e0	Tpos:232.7,Tstd:294.5,Bpos:2966.8,Bstd:11624.6,StrandBias:-0.1,Multiplicity:1.03
0.180	0.422	0.222	0.176
0.001	0.245	0.500	0.254
0.144	0.522	0.333	0.001
0.149	0.337	0.395	0.119
0.109	0.348	0.384	0.158
0.184	0.460	0.242	0.114
0.001	0.357	0.485	0.157
0.197	0.348	0.334	0.121
>CGCSGCGS	2-CGCSGCGS	7.275996	-0.943840	0	T:96.0(8.75%),B:5872.9(8.48%),P:1e0	Tpos:236.0,Tstd:201.5,Bpos:3591.7,Bstd:12258.9,StrandBias:0.0,Multiplicity:1.12
0.001	0.770	0.228	0.001
0.001	0.184	0.729	0.086
0.001	0.879	0.119	0.001
0.167	0.298	0.437	0.099
0.001	0.288	0.710	0.001
0.001	0.849	0.149	0.001
0.001	0.243	0.755	0.001
0.034	0.411	0.554	0.001
>CGSCCGCG	3-CGSCCGCG	6.447127	-0.809602	0	T:65.0(5.93%),B:4013.9(5.79%),P:1e0	Tpos:222.1,Tstd:236.5,Bpos:2998.7,Bstd:10405.2,StrandBias:-0.2,Multiplicity:1.07
0.031	0.531	0.368	0.070
0.044	0.202	0.566	0.188
0.016	0.404	0.449	0.130
0.055	0.596	0.195	0.154
0.067	0.671	0.159	0.103
0.001	0.300	0.644	0.055
0.012	0.592	0.395	0.001
0.136	0.225	0.520	0.119
>SGCGCCGS	4-SGCGCCGS	7.176387	-0.750456	0	T:44.0(4.01%),B:2727.5(3.94%),P:1e0	Tpos:213.9,Tstd:204.8,Bpos:3806.6,Bstd:11524.2,StrandBias:1.0,Multiplicity:1.00
0.098	0.399	0.447	0.056
0.070	0.209	0.585	0.136
0.052	0.799	0.130	0.019
0.053	0.154	0.667	0.126
0.073	0.547	0.302	0.078
0.053	0.705	0.181	0.061
0.029	0.141	0.769	0.061
0.114	0.483	0.353	0.050
>GCGCGSSG	5-GCGCGSSG	7.072138	-0.695684	0	T:148.0(13.49%),B:9318.9(13.45%),P:1e0	Tpos:267.0,Tstd:252.6,Bpos:3987.7,Bstd:12934.7,StrandBias:-0.0,Multiplicity:1.25
0.041	0.326	0.590	0.043
0.163	0.749	0.001	0.087
0.001	0.151	0.790	0.058
0.075	0.911	0.001	0.013
0.107	0.042	0.734	0.117
0.014	0.427	0.544	0.015
0.168	0.372	0.436	0.024
0.040	0.063	0.843	0.054
>CGCSGCGG	6-CGCSGCGG	7.760690	-0.618931	0	T:36.0(3.28%),B:2287.9(3.30%),P:1e0	Tpos:231.0,Tstd:237.2,Bpos:2605.7,Bstd:9831.0,StrandBias:0.0,Multiplicity:1.14
0.062	0.890	0.047	0.001
0.001	0.095	0.795	0.109
0.001	0.738	0.260	0.001
0.092	0.431	0.354	0.123
0.049	0.367	0.583	0.001
0.052	0.723	0.224	0.001
0.089	0.315	0.560	0.036
0.001	0.324	0.674	0.001
>GCCGCGGG	7-GCCGCGGG	9.765863	-0.456042	0	T:68.0(6.20%),B:4446.7(6.42%),P:1e0	Tpos:238.7,Tstd:218.2,Bpos:3391.7,Bstd:11101.1,StrandBias:-0.3,Multiplicity:1.31
0.001	0.001	0.997	0.001
0.001	0.997	0.001	0.001
0.001	0.997	0.001	0.001
0.001	0.001	0.997	0.001
0.001	0.997	0.001	0.001
0.001	0.274	0.724	0.001
0.001	0.374	0.624	0.001
0.001	0.001	0.997	0.001
>CGCCGGGG	8-CGCCGGGG	8.784013	-0.385944	0	T:35.0(3.19%),B:2364.2(3.41%),P:1e0	Tpos:179.2,Tstd:220.5,Bpos:4591.5,Bstd:13890.3,StrandBias:0.9,Multiplicity:1.05
0.056	0.803	0.059	0.082
0.056	0.056	0.773	0.115
0.060	0.746	0.133	0.061
0.074	0.743	0.131	0.052
0.065	0.174	0.727	0.034
0.112	0.101	0.752	0.035
0.107	0.072	0.761	0.060
0.115	0.131	0.696	0.058
>CGGCGGCC	9-CGGCGGCC	7.224905	-0.365795	0	T:128.0(11.67%),B:8404.1(12.13%),P:1e0	Tpos:263.2,Tstd:242.6,Bpos:3870.7,Bstd:11812.2,StrandBias:-0.7,Multiplicity:1.30
0.057	0.805	0.093	0.045
0.048	0.156	0.713	0.083
0.048	0.136	0.788	0.028
0.064	0.821	0.090	0.025
0.077	0.128	0.732	0.063
0.070	0.155	0.727	0.048
0.058	0.739	0.141	0.062
0.048	0.673	0.192	0.087
>SCGGCGCS	10-SCGGCGCS	5.974207	-0.348293	0	T:136.0(12.40%),B:8943.3(12.91%),P:1e0	Tpos:159.9,Tstd:155.3,Bpos:4753.3,Bstd:13360.7,StrandBias:0.2,Multiplicity:1.25
0.048	0.392	0.350	0.210
0.001	0.658	0.309	0.032
0.032	0.335	0.563	0.070
0.013	0.311	0.587	0.089
0.119	0.544	0.336	0.001
0.066	0.143	0.690	0.101
0.093	0.691	0.178	0.038
0.047	0.385	0.456	0.112
>GCGSCGCG	11-GCGSCGCG	8.127423	-0.069317	0	T:55.0(5.01%),B:4180.1(6.03%),P:1e0	Tpos:457.0,Tstd:331.2,Bpos:3505.2,Bstd:10965.0,StrandBias:-0.3,Multiplicity:1.12
0.004	0.298	0.601	0.097
0.032	0.896	0.071	0.001
0.001	0.100	0.883	0.016
0.043	0.513	0.443	0.001
0.080	0.582	0.294	0.044
0.001	0.174	0.781	0.044
0.088	0.772	0.139	0.001
0.050	0.185	0.699	0.066
>SCGCSGCG	12-SCGCSGCG	6.014712	-0.057460	0	T:126.0(11.49%),B:9040.6(13.05%),P:1e0	Tpos:310.7,Tstd:128.3,Bpos:11744.3,Bstd:22657.0,StrandBias:1.0,Multiplicity:1.00
0.049	0.412	0.433	0.107
0.054	0.548	0.381	0.017
0.001	0.180	0.712	0.107
0.001	0.573	0.335	0.091
0.066	0.448	0.390	0.095
0.001	0.225	0.724	0.050
0.167	0.587	0.245	0.001
0.152	0.185	0.560	0.103
>CCGCSGCC	13-CCGCSGCC	7.964659	-0.023468	0	T:67.0(6.11%),B:5284.3(7.63%),P:1e0	Tpos:244.7,Tstd:251.8,Bpos:3595.7,Bstd:12465.0,StrandBias:0.7,Multiplicity:1.41
0.001	0.533	0.352	0.114
0.001	0.712	0.286	0.001
0.001	0.001	0.997	0.001
0.001	0.764	0.234	0.001
0.001	0.562	0.436	0.001
0.001	0.001	0.997	0.001
0.001	0.578	0.420	0.001
0.163	0.469	0.253	0.115
>CSSSGVSS	14-CSSSGVSS	4.434512	-0.016433	0	T:101.0(9.21%),B:7732.4(11.16%),P:1e0	Tpos:90.0,Tstd:10.5,Bpos:11270.4,Bstd:26244.8,StrandBias:0.0,Multiplicity:1.00
0.164	0.418	0.230	0.188
0.165	0.357	0.476	0.001
0.201	0.358	0.440	0.001
0.160	0.464	0.330	0.046
0.176	0.306	0.517	0.001
0.259	0.376	0.364	0.001
0.216	0.397	0.330	0.058
0.001	0.384	0.521	0.094
>CGCSGCGS	15-CGCSGCGS	5.238667	-0.014609	0	T:169.0(15.41%),B:12374.3(17.87%),P:1e0	Tpos:246.1,Tstd:234.8,Bpos:5963.9,Bstd:15376.0,StrandBias:-0.2,Multiplicity:1.09
0.142	0.476	0.199	0.183
0.001	0.256	0.515	0.228
0.001	0.771	0.227	0.001
0.076	0.400	0.461	0.063
0.001	0.390	0.594	0.015
0.156	0.548	0.223	0.073
0.001	0.341	0.571	0.087
0.134	0.401	0.309	0.156
>CCCGGCCG	16-CCCGGCCG	7.327284	-0.014008	0	T:126.0(11.49%),B:9486.2(13.70%),P:1e0	Tpos:218.0,Tstd:217.2,Bpos:6487.8,Bstd:15609.6,StrandBias:0.1,Multiplicity:1.40
0.201	0.797	0.001	0.001
0.001	0.647	0.351	0.001
0.001	0.660	0.338	0.001
0.051	0.379	0.569	0.001
0.001	0.257	0.741	0.001
0.001	0.719	0.279	0.001
0.001	0.715	0.283	0.001
0.001	0.203	0.795	0.001
>CGGCGCGG	17-CGGCGCGG	6.197418	-0.009123	0	T:30.0(2.73%),B:2793.7(4.03%),P:1e0	Tpos:305.6,Tstd:279.6,Bpos:3705.2,Bstd:11389.8,StrandBias:-2.0,Multiplicity:1.00
0.176	0.469	0.265	0.090
0.106	0.149	0.614	0.131
0.110	0.267	0.514	0.109
0.104	0.551	0.230	0.115
0.085	0.259	0.549	0.107
0.106	0.568	0.254	0.072
0.090	0.104	0.714	0.092
0.219	0.226	0.413	0.142
>SGSSCGSS	18-SGSSCGSS	6.621200	-0.003081	0	T:111.0(10.12%),B:8849.8(12.78%),P:1e0	Tpos:206.9,Tstd:194.6,Bpos:6620.6,Bstd:15172.2,StrandBias:0.5,Multiplicity:1.08
0.090	0.357	0.482	0.071
0.037	0.246	0.599	0.118
0.169	0.334	0.470	0.028
0.019	0.496	0.440	0.045
0.001	0.975	0.023	0.001
0.001	0.001	0.997	0.001
0.206	0.470	0.323	0.001
0.037	0.494	0.420	0.049
>SCCGSCCS	19-SCCGSCCS	6.983184	-0.002895	0	T:53.0(4.83%),B:4714.2(6.81%),P:1e0	Tpos:188.6,Tstd:122.6,Bpos:5793.4,Bstd:13957.6,StrandBias:0.6,Multiplicity:1.00
0.035	0.350	0.463	0.152
0.001	0.657	0.341	0.001
0.001	0.902	0.096	0.001
0.001	0.249	0.749	0.001
0.001	0.423	0.487	0.089
0.128	0.556	0.298	0.018
0.001	0.609	0.343	0.047
0.001	0.439	0.559	0.001
>SGSSSCGS	20-SGSSSCGS	4.799744	-0.002045	0	T:232.0(21.15%),B:17189.3(24.82%),P:1e0	Tpos:216.2,Tstd:216.0,Bpos:7006.1,Bstd:15585.3,StrandBias:-0.5,Multiplicity:1.11
0.152	0.420	0.312	0.116
0.001	0.254	0.627	0.118
0.056	0.497	0.408	0.039
0.009	0.436	0.409	0.146
0.028	0.412	0.403	0.158
0.121	0.484	0.329	0.066
0.059	0.232	0.542	0.167
0.096	0.399	0.456	0.049
>CGGGVGCG	21-CGGGVGCG	7.331621	-0.000746	0	T:54.0(4.92%),B:5025.1(7.25%),P:1e0	Tpos:240.8,Tstd:241.7,Bpos:4575.5,Bstd:13258.1,StrandBias:0.2,Multiplicity:1.16
0.034	0.813	0.152	0.001
0.001	0.375	0.623	0.001
0.065	0.188	0.746	0.001
0.001	0.398	0.600	0.001
0.303	0.251	0.397	0.049
0.042	0.221	0.736	0.001
0.189	0.655	0.155	0.001
0.001	0.199	0.704	0.096
>SSGCCSSG	22-SSGCCSSG	6.290678	-0.000168	0	T:86.0(7.84%),B:7663.7(11.06%),P:1e0	Tpos:143.2,Tstd:120.0,Bpos:4712.0,Bstd:12603.2,StrandBias:1.6,Multiplicity:1.00
0.080	0.439	0.370	0.112
0.048	0.355	0.499	0.097
0.018	0.325	0.524	0.133
0.044	0.791	0.076	0.089
0.043	0.621	0.277	0.059
0.001	0.461	0.533	0.005
0.026	0.510	0.458	0.006
0.079	0.166	0.621	0.134
>CCGSCSSS	23-CCGSCSSS	6.264437	-0.000000	0	T:254.0(23.15%),B:21488.1(31.02%),P:1e0	Tpos:208.4,Tstd:205.1,Bpos:6761.5,Bstd:15446.4,StrandBias:-0.0,Multiplicity:1.51
0.001	0.595	0.403	0.001
0.052	0.731	0.216	0.001
0.001	0.196	0.802	0.001
0.001	0.542	0.456	0.001
0.131	0.555	0.149	0.165
0.001	0.496	0.502	0.001
0.021	0.523	0.455	0.001
0.101	0.494	0.404	0.001
>SSSGGGGR	24-SSSGGGGR	6.389394	-0.000000	0	T:34.0(3.10%),B:5053.7(7.30%),P:1e0	Tpos:147.3,Tstd:98.5,Bpos:9909.7,Bstd:17295.2,StrandBias:10.0,Multiplicity:1.00
0.118	0.352	0.382	0.148
0.001	0.499	0.499	0.001
0.001	0.439	0.559	0.001
0.001	0.352	0.646	0.001
0.001	0.292	0.706	0.001
0.001	0.322	0.676	0.001
0.001	0.412	0.586	0.001
0.352	0.001	0.472	0.175
>SGSGGGGS	25-SGSGGGGS	7.105874	0.000000	0	T:209.0(19.05%),B:19855.9(28.67%),P:1e0	Tpos:208.7,Tstd:201.4,Bpos:8974.6,Bstd:16815.7,StrandBias:0.3,Multiplicity:1.23
0.083	0.405	0.511	0.001
0.001	0.358	0.640	0.001
0.001	0.566	0.432	0.001
0.001	0.169	0.829	0.001
0.001	0.246	0.752	0.001
0.001	0.070	0.928	0.001
0.001	0.001	0.997	0.001
0.149	0.436	0.393	0.022
