>CGGCGCTCGC	1-CGGCGCTCGC	8.358486	-2.971873	0	T:47.0(4.28%),B:2302.7(3.32%),P:1e-1	Tpos:214.5,Tstd:202.1,Bpos:4178.7,Bstd:13175.4,StrandBias:-0.4,Multiplicity:1.06
0.095	0.720	0.109	0.076
0.081	0.139	0.686	0.094
0.069	0.141	0.713	0.077
0.093	0.701	0.127	0.079
0.080	0.108	0.709	0.103
0.070	0.733	0.109	0.088
0.086	0.152	0.144	0.618
0.067	0.711	0.134	0.088
0.083	0.136	0.690	0.091
0.075	0.720	0.127	0.078
>NCGCGCCGGN	2-NCGCGCCGGN	5.761013	-2.331341	0	T:63.0(5.74%),B:3352.0(4.84%),P:1e-1	Tpos:221.7,Tstd:205.5,Bpos:3131.2,Bstd:11706.0,StrandBias:0.2,Multiplicity:1.15
0.207	0.280	0.309	0.205
0.141	0.504	0.223	0.132
0.124	0.161	0.579	0.136
0.129	0.609	0.146	0.116
0.128	0.203	0.521	0.148
0.129	0.521	0.220	0.130
0.130	0.582	0.167	0.121
0.127	0.172	0.569	0.132
0.137	0.229	0.497	0.137
0.219	0.260	0.308	0.212
>GCSGSSGSSG	3-GCSGSSGSSG	6.662208	-1.277332	0	T:20.0(1.82%),B:1084.2(1.57%),P:1e0	Tpos:145.0,Tstd:22.0,Bpos:4717.7,Bstd:14572.3,StrandBias:10.0,Multiplicity:1.00
0.034	0.313	0.600	0.053
0.039	0.562	0.357	0.042
0.136	0.290	0.401	0.172
0.064	0.265	0.584	0.087
0.054	0.441	0.434	0.071
0.147	0.396	0.341	0.115
0.100	0.218	0.597	0.085
0.053	0.470	0.440	0.037
0.141	0.409	0.320	0.130
0.129	0.263	0.479	0.128
>SGCGGCGCCS	4-SGCGGCGCCS	9.279596	-0.948794	0	T:23.0(2.10%),B:1346.2(1.94%),P:1e0	Tpos:206.4,Tstd:218.4,Bpos:2460.4,Bstd:9232.1,StrandBias:0.2,Multiplicity:1.00
0.128	0.395	0.374	0.103
0.034	0.182	0.730	0.054
0.083	0.781	0.106	0.030
0.116	0.141	0.671	0.072
0.036	0.209	0.726	0.029
0.082	0.692	0.161	0.065
0.034	0.118	0.733	0.115
0.033	0.758	0.181	0.028
0.068	0.643	0.224	0.065
0.084	0.398	0.416	0.103
>CCCCCGGCSS	5-CCCCCGGCSS	9.416753	-0.704860	0	T:30.0(2.73%),B:1867.8(2.70%),P:1e0	Tpos:340.8,Tstd:304.6,Bpos:5872.3,Bstd:14738.9,StrandBias:-0.4,Multiplicity:1.00
0.001	0.732	0.266	0.001
0.001	0.561	0.362	0.076
0.001	0.715	0.180	0.104
0.001	0.663	0.304	0.032
0.001	0.608	0.390	0.001
0.001	0.246	0.752	0.001
0.001	0.123	0.875	0.001
0.001	0.885	0.113	0.001
0.001	0.494	0.504	0.001
0.001	0.475	0.523	0.001
>CGVGCCGCGC	6-CGVGCCGCGC	7.682819	-0.603273	0	T:51.0(4.65%),B:3250.1(4.69%),P:1e0	Tpos:201.7,Tstd:209.2,Bpos:3906.0,Bstd:12639.6,StrandBias:-0.7,Multiplicity:1.00
0.080	0.590	0.261	0.069
0.065	0.284	0.594	0.057
0.285	0.353	0.289	0.074
0.043	0.192	0.704	0.061
0.049	0.684	0.235	0.032
0.126	0.572	0.187	0.115
0.031	0.220	0.682	0.067
0.093	0.647	0.230	0.030
0.083	0.219	0.609	0.089
0.065	0.633	0.255	0.047
>CGCCCSCGCS	7-CGCCCSCGCS	10.138836	-0.593013	0	T:10.0(0.91%),B:636.3(0.92%),P:1e0	Tpos:237.8,Tstd:305.3,Bpos:3229.2,Bstd:10638.3,StrandBias:2.3,Multiplicity:1.00
0.040	0.826	0.133	0.001
0.019	0.164	0.729	0.088
0.027	0.861	0.106	0.006
0.038	0.728	0.103	0.131
0.056	0.843	0.069	0.032
0.010	0.354	0.464	0.172
0.073	0.829	0.062	0.036
0.034	0.298	0.592	0.076
0.014	0.721	0.231	0.034
0.080	0.462	0.370	0.088
>GCCGCCGCCG	8-GCCGCCGCCG	10.283514	-0.556254	0	T:63.0(5.74%),B:4046.2(5.84%),P:1e0	Tpos:286.0,Tstd:239.8,Bpos:2582.9,Bstd:10141.4,StrandBias:0.6,Multiplicity:1.43
0.001	0.119	0.879	0.001
0.001	0.911	0.087	0.001
0.001	0.761	0.237	0.001
0.001	0.001	0.997	0.001
0.001	0.997	0.001	0.001
0.001	0.729	0.269	0.001
0.001	0.190	0.808	0.001
0.001	0.993	0.005	0.001
0.001	0.910	0.088	0.001
0.001	0.001	0.997	0.001
>CSGCGSCGSC	9-CSGCGSCGSC	10.123869	-0.550932	0	T:6.0(0.55%),B:387.8(0.56%),P:1e0	Tpos:399.6,Tstd:404.8,Bpos:2742.9,Bstd:10187.0,StrandBias:0.6,Multiplicity:1.00
0.053	0.798	0.075	0.074
0.027	0.491	0.439	0.043
0.001	0.394	0.588	0.017
0.053	0.817	0.092	0.038
0.006	0.028	0.916	0.050
0.001	0.483	0.515	0.001
0.067	0.801	0.087	0.045
0.067	0.152	0.757	0.024
0.016	0.507	0.449	0.028
0.001	0.871	0.127	0.001
>CCCGGSGCCG	10-CCCGGSGCCG	9.576124	-0.494650	0	T:9.0(0.82%),B:600.6(0.87%),P:1e0	Tpos:299.0,Tstd:240.2,Bpos:6640.7,Bstd:15520.7,StrandBias:-1.3,Multiplicity:1.17
0.012	0.634	0.305	0.049
0.022	0.782	0.143	0.053
0.046	0.734	0.212	0.008
0.031	0.232	0.693	0.044
0.008	0.357	0.626	0.009
0.209	0.364	0.368	0.059
0.027	0.231	0.693	0.049
0.004	0.738	0.238	0.020
0.088	0.633	0.212	0.067
0.039	0.218	0.731	0.012
>GCGGCSGSGG	11-GCGGCSGSGG	9.205672	-0.461021	0	T:27.0(2.46%),B:1793.8(2.59%),P:1e0	Tpos:191.4,Tstd:195.2,Bpos:4516.7,Bstd:12618.9,StrandBias:0.2,Multiplicity:1.00
0.006	0.227	0.755	0.012
0.053	0.545	0.364	0.038
0.144	0.180	0.604	0.072
0.029	0.090	0.840	0.041
0.013	0.753	0.233	0.001
0.100	0.398	0.294	0.208
0.022	0.149	0.814	0.015
0.057	0.395	0.527	0.021
0.153	0.179	0.647	0.021
0.035	0.147	0.740	0.078
>GAGCGCCCGG	12-GAGCGCCCGG	10.296193	-0.389931	0	T:2.0(0.18%),B:147.2(0.21%),P:1e0	Tpos:153.5,Tstd:82.5,Bpos:5224.1,Bstd:16707.2,StrandBias:10.0,Multiplicity:1.00
0.100	0.100	0.700	0.100
0.700	0.100	0.100	0.100
0.100	0.100	0.700	0.100
0.100	0.700	0.100	0.100
0.100	0.100	0.700	0.100
0.100	0.700	0.100	0.100
0.100	0.700	0.100	0.100
0.100	0.700	0.100	0.100
0.100	0.100	0.700	0.100
0.100	0.100	0.700	0.100
>SCGGGCGCGS	13-SCGGGCGCGS	6.761058	-0.341780	0	T:8.0(0.73%),B:588.0(0.85%),P:1e0	Tpos:204.2,Tstd:99.1,Bpos:4058.0,Bstd:13793.2,StrandBias:10.0,Multiplicity:1.25
0.161	0.314	0.356	0.170
0.119	0.474	0.304	0.102
0.151	0.262	0.472	0.115
0.092	0.152	0.666	0.090
0.114	0.262	0.533	0.091
0.150	0.471	0.265	0.114
0.105	0.150	0.642	0.103
0.129	0.502	0.264	0.105
0.121	0.254	0.509	0.116
0.175	0.279	0.377	0.169
>GCGCCCCGGG	14-GCGCCCCGGG	8.125428	-0.294616	0	T:73.0(6.65%),B:4939.9(7.13%),P:1e0	Tpos:290.8,Tstd:265.7,Bpos:5667.5,Bstd:15470.0,StrandBias:-0.8,Multiplicity:1.17
0.034	0.167	0.746	0.053
0.108	0.654	0.171	0.067
0.062	0.122	0.702	0.114
0.060	0.680	0.174	0.086
0.062	0.675	0.171	0.092
0.033	0.692	0.199	0.076
0.077	0.667	0.182	0.074
0.051	0.164	0.721	0.064
0.089	0.146	0.727	0.038
0.073	0.155	0.734	0.038
>CGGCGGCGSS	15-CGGCGGCGSS	7.424476	-0.260979	0	T:84.0(7.66%),B:5704.5(8.24%),P:1e0	Tpos:267.9,Tstd:255.4,Bpos:3500.1,Bstd:11351.1,StrandBias:-0.4,Multiplicity:1.16
0.053	0.545	0.374	0.028
0.001	0.326	0.492	0.181
0.001	0.288	0.710	0.001
0.130	0.629	0.240	0.001
0.144	0.230	0.521	0.105
0.001	0.328	0.670	0.001
0.117	0.586	0.222	0.075
0.001	0.188	0.606	0.205
0.036	0.504	0.459	0.001
0.019	0.510	0.470	0.001
>CCCCGCGCGC	16-CCCCGCGCGC	8.031662	-0.260494	0	T:69.0(6.29%),B:4722.3(6.82%),P:1e0	Tpos:206.5,Tstd:237.0,Bpos:3389.0,Bstd:12055.1,StrandBias:-0.3,Multiplicity:1.11
0.047	0.725	0.137	0.091
0.054	0.633	0.206	0.107
0.057	0.701	0.166	0.076
0.068	0.673	0.151	0.108
0.036	0.216	0.657	0.091
0.078	0.742	0.137	0.043
0.046	0.206	0.659	0.089
0.084	0.787	0.104	0.025
0.062	0.197	0.635	0.106
0.037	0.789	0.145	0.029
>CCCGCGGCCC	17-CCCGCGGCCC	10.684667	-0.207408	0	T:29.0(2.64%),B:2123.1(3.07%),P:1e0	Tpos:230.9,Tstd:170.8,Bpos:4454.2,Bstd:13069.4,StrandBias:1.0,Multiplicity:1.08
0.001	0.727	0.271	0.001
0.001	0.937	0.061	0.001
0.001	0.887	0.111	0.001
0.001	0.001	0.997	0.001
0.001	0.913	0.085	0.001
0.183	0.120	0.584	0.113
0.001	0.136	0.862	0.001
0.001	0.899	0.099	0.001
0.001	0.841	0.157	0.001
0.001	0.799	0.199	0.001
>SGCGCGGCGG	18-SGCGCGGCGG	7.310351	-0.177857	0	T:13.0(1.19%),B:1040.4(1.50%),P:1e0	Tpos:247.4,Tstd:254.2,Bpos:4557.5,Bstd:13341.8,StrandBias:0.6,Multiplicity:1.00
0.144	0.388	0.352	0.116
0.097	0.222	0.567	0.114
0.130	0.496	0.285	0.089
0.116	0.200	0.596	0.088
0.120	0.548	0.255	0.077
0.140	0.253	0.481	0.125
0.114	0.104	0.669	0.113
0.139	0.529	0.247	0.085
0.134	0.206	0.530	0.130
0.167	0.232	0.489	0.111
>SCGCCGCCGS	19-SCGCCGCCGS	6.754445	-0.120302	0	T:24.0(2.19%),B:1894.0(2.73%),P:1e0	Tpos:112.2,Tstd:45.7,Bpos:2212.6,Bstd:9768.8,StrandBias:1.6,Multiplicity:1.33
0.147	0.386	0.306	0.160
0.126	0.509	0.242	0.123
0.103	0.283	0.476	0.138
0.087	0.659	0.170	0.084
0.139	0.486	0.232	0.142
0.102	0.302	0.478	0.119
0.082	0.679	0.167	0.072
0.123	0.484	0.268	0.125
0.116	0.283	0.479	0.122
0.189	0.363	0.290	0.158
>SCSCSSCSSC	20-SCSCSSCSSC	7.173063	-0.081889	0	T:3.0(0.27%),B:358.8(0.52%),P:1e0	Tpos:113.0,Tstd:0.0,Bpos:5651.2,Bstd:13992.1,StrandBias:-10.0,Multiplicity:1.00
0.110	0.448	0.306	0.135
0.073	0.529	0.294	0.104
0.028	0.493	0.389	0.090
0.049	0.810	0.065	0.076
0.115	0.425	0.307	0.153
0.060	0.400	0.452	0.088
0.109	0.696	0.131	0.064
0.109	0.316	0.453	0.123
0.073	0.384	0.451	0.092
0.111	0.481	0.283	0.125
>NCGSCCCGGN	21-NCGSCCCGGN	6.704124	-0.048152	0	T:26.0(2.37%),B:2210.4(3.19%),P:1e0	Tpos:233.6,Tstd:264.3,Bpos:4611.2,Bstd:14181.0,StrandBias:-0.6,Multiplicity:1.28
0.189	0.308	0.308	0.196
0.125	0.476	0.323	0.076
0.102	0.204	0.582	0.112
0.075	0.347	0.471	0.107
0.056	0.704	0.158	0.082
0.057	0.677	0.171	0.095
0.099	0.507	0.293	0.101
0.093	0.235	0.575	0.097
0.064	0.320	0.571	0.045
0.244	0.282	0.308	0.166
>GSCGGCGSCG	22-GSCGGCGSCG	7.372228	-0.021131	0	T:20.0(1.82%),B:1896.6(2.74%),P:1e0	Tpos:353.5,Tstd:251.5,Bpos:2341.3,Bstd:9948.8,StrandBias:0.0,Multiplicity:1.00
0.118	0.240	0.440	0.202
0.030	0.383	0.495	0.092
0.135	0.538	0.262	0.065
0.044	0.248	0.552	0.156
0.003	0.295	0.601	0.101
0.098	0.527	0.340	0.035
0.099	0.155	0.495	0.251
0.026	0.383	0.495	0.097
0.056	0.536	0.290	0.118
0.003	0.246	0.564	0.187
>SCCGCCSCCS	23-SCCGCCSCCS	7.469082	-0.015790	0	T:128.0(11.67%),B:9587.6(13.84%),P:1e0	Tpos:188.2,Tstd:144.5,Bpos:5060.8,Bstd:14009.2,StrandBias:-0.3,Multiplicity:1.06
0.021	0.490	0.454	0.035
0.061	0.716	0.138	0.085
0.102	0.639	0.126	0.133
0.051	0.150	0.715	0.084
0.046	0.787	0.105	0.062
0.004	0.505	0.341	0.150
0.032	0.398	0.499	0.071
0.032	0.761	0.133	0.074
0.064	0.603	0.183	0.150
0.014	0.432	0.511	0.043
>GGGGGGGGGG	24-GGGGGGGGGG	9.933408	-0.001863	0	T:4.0(0.36%),B:775.8(1.12%),P:1e0	Tpos:288.2,Tstd:302.9,Bpos:11902.9,Bstd:17233.6,StrandBias:10.0,Multiplicity:1.00
0.045	0.351	0.603	0.001
0.030	0.267	0.702	0.001
0.067	0.324	0.608	0.001
0.001	0.277	0.705	0.017
0.063	0.296	0.640	0.001
0.117	0.251	0.631	0.001
0.067	0.243	0.689	0.001
0.072	0.101	0.787	0.040
0.001	0.361	0.601	0.037
0.001	0.175	0.823	0.001
>CGCGCCCCCG	25-CGCGCCCCCG	7.186489	-0.000018	0	T:44.0(4.01%),B:4797.5(6.93%),P:1e0	Tpos:218.5,Tstd:235.2,Bpos:4383.8,Bstd:12933.3,StrandBias:0.7,Multiplicity:1.00
0.109	0.576	0.206	0.109
0.076	0.279	0.537	0.108
0.097	0.670	0.151	0.082
0.097	0.244	0.519	0.140
0.076	0.663	0.158	0.103
0.090	0.661	0.131	0.118
0.072	0.570	0.233	0.125
0.061	0.691	0.148	0.100
0.103	0.569	0.216	0.112
0.093	0.250	0.544	0.113
