>CGCSSCSS	1-CGCSSCSS	4.442699	-1.287700	0	T:45.0(4.10%),B:2578.1(3.72%),P:1e0	Tpos:232.7,Tstd:294.5,Bpos:2966.8,Bstd:11624.6,StrandBias:-0.1,Multiplicity:1.03
0.180	0.422	0.222	0.176
0.001	0.245	0.500	0.254
0.144	0.522	0.333	0.001
0.149	0.337	0.395	0.119
0.109	0.348	0.384	0.158
0.184	0.460	0.242	0.114
0.001	0.357	0.485	0.157
0.197	0.348	0.334	0.121
>CGCSGCGS	2-CGCSGCGS	7.275996	-0.943840	0	T:96.0(8.75%),B:5872.9(8.48%),P:1e0	Tpos:236.0,Tstd:201.5,Bpos:3591.7,Bstd:12258.9,StrandBias:0.0,Multiplicity:1.12
0.001	0.770	0.228	0.001
0.001	0.184	0.729	0.086
0.001	0.879	0.119	0.001
0.167	0.298	0.437	0.099
0.001	0.288	0.710	0.001
0.001	0.849	0.149	0.001
0.001	0.243	0.755	0.001
0.034	0.411	0.554	0.001
>CGSCCGCG	3-CGSCCGCG	6.447127	-0.809602	0	T:65.0(5.93%),B:4013.9(5.79%),P:1e0	Tpos:222.1,Tstd:236.5,Bpos:2998.7,Bstd:10405.2,StrandBias:-0.2,Multiplicity:1.07
0.031	0.531	0.368	0.070
0.044	0.202	0.566	0.188
0.016	0.404	0.449	0.130
0.055	0.596	0.195	0.154
0.067	0.671	0.159	0.103
0.001	0.300	0.644	0.055
0.012	0.592	0.395	0.001
0.136	0.225	0.520	0.119
>SGCGCCGS	4-SGCGCCGS	7.176387	-0.750456	0	T:44.0(4.01%),B:2727.5(3.94%),P:1e0	Tpos:213.9,Tstd:204.8,Bpos:3806.6,Bstd:11524.2,StrandBias:1.0,Multiplicity:1.00
0.098	0.399	0.447	0.056
0.070	0.209	0.585	0.136
0.052	0.799	0.130	0.019
0.053	0.154	0.667	0.126
0.073	0.547	0.302	0.078
0.053	0.705	0.181	0.061
0.029	0.141	0.769	0.061
0.114	0.483	0.353	0.050
>GCGCGSSG	5-GCGCGSSG	7.072138	-0.695684	0	T:148.0(13.49%),B:9318.9(13.45%),P:1e0	Tpos:267.0,Tstd:252.6,Bpos:3987.7,Bstd:12934.7,StrandBias:-0.0,Multiplicity:1.25
0.041	0.326	0.590	0.043
0.163	0.749	0.001	0.087
0.001	0.151	0.790	0.058
0.075	0.911	0.001	0.013
0.107	0.042	0.734	0.117
0.014	0.427	0.544	0.015
0.168	0.372	0.436	0.024
0.040	0.063	0.843	0.054
>CGCSGCGG	6-CGCSGCGG	7.760690	-0.618931	0	T:36.0(3.28%),B:2287.9(3.30%),P:1e0	Tpos:231.0,Tstd:237.2,Bpos:2605.7,Bstd:9831.0,StrandBias:0.0,Multiplicity:1.14
0.062	0.890	0.047	0.001
0.001	0.095	0.795	0.109
0.001	0.738	0.260	0.001
0.092	0.431	0.354	0.123
0.049	0.367	0.583	0.001
0.052	0.723	0.224	0.001
0.089	0.315	0.560	0.036
0.001	0.324	0.674	0.001
>GCCGCGGG	7-GCCGCGGG	9.765863	-0.456042	0	T:68.0(6.20%),B:4446.7(6.42%),P:1e0	Tpos:238.7,Tstd:218.2,Bpos:3391.7,Bstd:11101.1,StrandBias:-0.3,Multiplicity:1.31
0.001	0.001	0.997	0.001
0.001	0.997	0.001	0.001
0.001	0.997	0.001	0.001
0.001	0.001	0.997	0.001
0.001	0.997	0.001	0.001
0.001	0.274	0.724	0.001
0.001	0.374	0.624	0.001
0.001	0.001	0.997	0.001
>CGCCGGGG	8-CGCCGGGG	8.784013	-0.385944	0	T:35.0(3.19%),B:2364.2(3.41%),P:1e0	Tpos:179.2,Tstd:220.5,Bpos:4591.5,Bstd:13890.3,StrandBias:0.9,Multiplicity:1.05
0.056	0.803	0.059	0.082
0.056	0.056	0.773	0.115
0.060	0.746	0.133	0.061
0.074	0.743	0.131	0.052
0.065	0.174	0.727	0.034
0.112	0.101	0.752	0.035
0.107	0.072	0.761	0.060
0.115	0.131	0.696	0.058
>CGGCGGCC	9-CGGCGGCC	7.224905	-0.365795	0	T:128.0(11.67%),B:8404.1(12.13%),P:1e0	Tpos:263.2,Tstd:242.6,Bpos:3870.7,Bstd:11812.2,StrandBias:-0.7,Multiplicity:1.30
0.057	0.805	0.093	0.045
0.048	0.156	0.713	0.083
0.048	0.136	0.788	0.028
0.064	0.821	0.090	0.025
0.077	0.128	0.732	0.063
0.070	0.155	0.727	0.048
0.058	0.739	0.141	0.062
0.048	0.673	0.192	0.087
>SCGGCGCS	10-SCGGCGCS	5.974207	-0.348293	0	T:136.0(12.40%),B:8943.3(12.91%),P:1e0	Tpos:159.9,Tstd:155.3,Bpos:4753.3,Bstd:13360.7,StrandBias:0.2,Multiplicity:1.25
0.048	0.392	0.350	0.210
0.001	0.658	0.309	0.032
0.032	0.335	0.563	0.070
0.013	0.311	0.587	0.089
0.119	0.544	0.336	0.001
0.066	0.143	0.690	0.101
0.093	0.691	0.178	0.038
0.047	0.385	0.456	0.112
>GCGSCGCG	11-GCGSCGCG	8.127423	-0.069317	0	T:55.0(5.01%),B:4180.1(6.03%),P:1e0	Tpos:457.0,Tstd:331.2,Bpos:3505.2,Bstd:10965.0,StrandBias:-0.3,Multiplicity:1.12
0.004	0.298	0.601	0.097
0.032	0.896	0.071	0.001
0.001	0.100	0.883	0.016
0.043	0.513	0.443	0.001
0.080	0.582	0.294	0.044
0.001	0.174	0.781	0.044
0.088	0.772	0.139	0.001
0.050	0.185	0.699	0.066
>SCGCSGCG	12-SCGCSGCG	6.014712	-0.057460	0	T:126.0(11.49%),B:9040.6(13.05%),P:1e0	Tpos:310.7,Tstd:128.3,Bpos:11744.3,Bstd:22657.0,StrandBias:1.0,Multiplicity:1.00
0.049	0.412	0.433	0.107
0.054	0.548	0.381	0.017
0.001	0.180	0.712	0.107
0.001	0.573	0.335	0.091
0.066	0.448	0.390	0.095
0.001	0.225	0.724	0.050
0.167	0.587	0.245	0.001
0.152	0.185	0.560	0.103
>CCGCSGCC	13-CCGCSGCC	7.964659	-0.023468	0	T:67.0(6.11%),B:5284.3(7.63%),P:1e0	Tpos:244.7,Tstd:251.8,Bpos:3595.7,Bstd:12465.0,StrandBias:0.7,Multiplicity:1.41
0.001	0.533	0.352	0.114
0.001	0.712	0.286	0.001
0.001	0.001	0.997	0.001
0.001	0.764	0.234	0.001
0.001	0.562	0.436	0.001
0.001	0.001	0.997	0.001
0.001	0.578	0.420	0.001
0.163	0.469	0.253	0.115
>CSSSGVSS	14-CSSSGVSS	4.434512	-0.016433	0	T:101.0(9.21%),B:7732.4(11.16%),P:1e0	Tpos:90.0,Tstd:10.5,Bpos:11270.4,Bstd:26244.8,StrandBias:0.0,Multiplicity:1.00
0.164	0.418	0.230	0.188
0.165	0.357	0.476	0.001
0.201	0.358	0.440	0.001
0.160	0.464	0.330	0.046
0.176	0.306	0.517	0.001
0.259	0.376	0.364	0.001
0.216	0.397	0.330	0.058
0.001	0.384	0.521	0.094
>CGCSGCGS	15-CGCSGCGS	5.238667	-0.014609	0	T:169.0(15.41%),B:12374.3(17.87%),P:1e0	Tpos:246.1,Tstd:234.8,Bpos:5963.9,Bstd:15376.0,StrandBias:-0.2,Multiplicity:1.09
0.142	0.476	0.199	0.183
0.001	0.256	0.515	0.228
0.001	0.771	0.227	0.001
0.076	0.400	0.461	0.063
0.001	0.390	0.594	0.015
0.156	0.548	0.223	0.073
0.001	0.341	0.571	0.087
0.134	0.401	0.309	0.156
>CCCGGCCG	16-CCCGGCCG	7.327284	-0.014008	0	T:126.0(11.49%),B:9486.2(13.70%),P:1e0	Tpos:218.0,Tstd:217.2,Bpos:6487.8,Bstd:15609.6,StrandBias:0.1,Multiplicity:1.40
0.201	0.797	0.001	0.001
0.001	0.647	0.351	0.001
0.001	0.660	0.338	0.001
0.051	0.379	0.569	0.001
0.001	0.257	0.741	0.001
0.001	0.719	0.279	0.001
0.001	0.715	0.283	0.001
0.001	0.203	0.795	0.001
>CGGCGCGG	17-CGGCGCGG	6.197418	-0.009123	0	T:30.0(2.73%),B:2793.7(4.03%),P:1e0	Tpos:305.6,Tstd:279.6,Bpos:3705.2,Bstd:11389.8,StrandBias:-2.0,Multiplicity:1.00
0.176	0.469	0.265	0.090
0.106	0.149	0.614	0.131
0.110	0.267	0.514	0.109
0.104	0.551	0.230	0.115
0.085	0.259	0.549	0.107
0.106	0.568	0.254	0.072
0.090	0.104	0.714	0.092
0.219	0.226	0.413	0.142
>SGSSCGSS	18-SGSSCGSS	6.621200	-0.003081	0	T:111.0(10.12%),B:8849.8(12.78%),P:1e0	Tpos:206.9,Tstd:194.6,Bpos:6620.6,Bstd:15172.2,StrandBias:0.5,Multiplicity:1.08
0.090	0.357	0.482	0.071
0.037	0.246	0.599	0.118
0.169	0.334	0.470	0.028
0.019	0.496	0.440	0.045
0.001	0.975	0.023	0.001
0.001	0.001	0.997	0.001
0.206	0.470	0.323	0.001
0.037	0.494	0.420	0.049
>SCCGSCCS	19-SCCGSCCS	6.983184	-0.002895	0	T:53.0(4.83%),B:4714.2(6.81%),P:1e0	Tpos:188.6,Tstd:122.6,Bpos:5793.4,Bstd:13957.6,StrandBias:0.6,Multiplicity:1.00
0.035	0.350	0.463	0.152
0.001	0.657	0.341	0.001
0.001	0.902	0.096	0.001
0.001	0.249	0.749	0.001
0.001	0.423	0.487	0.089
0.128	0.556	0.298	0.018
0.001	0.609	0.343	0.047
0.001	0.439	0.559	0.001
>SGSSSCGS	20-SGSSSCGS	4.799744	-0.002045	0	T:232.0(21.15%),B:17189.3(24.82%),P:1e0	Tpos:216.2,Tstd:216.0,Bpos:7006.1,Bstd:15585.3,StrandBias:-0.5,Multiplicity:1.11
0.152	0.420	0.312	0.116
0.001	0.254	0.627	0.118
0.056	0.497	0.408	0.039
0.009	0.436	0.409	0.146
0.028	0.412	0.403	0.158
0.121	0.484	0.329	0.066
0.059	0.232	0.542	0.167
0.096	0.399	0.456	0.049
>CGGGVGCG	21-CGGGVGCG	7.331621	-0.000746	0	T:54.0(4.92%),B:5025.1(7.25%),P:1e0	Tpos:240.8,Tstd:241.7,Bpos:4575.5,Bstd:13258.1,StrandBias:0.2,Multiplicity:1.16
0.034	0.813	0.152	0.001
0.001	0.375	0.623	0.001
0.065	0.188	0.746	0.001
0.001	0.398	0.600	0.001
0.303	0.251	0.397	0.049
0.042	0.221	0.736	0.001
0.189	0.655	0.155	0.001
0.001	0.199	0.704	0.096
>SSGCCSSG	22-SSGCCSSG	6.290678	-0.000168	0	T:86.0(7.84%),B:7663.7(11.06%),P:1e0	Tpos:143.2,Tstd:120.0,Bpos:4712.0,Bstd:12603.2,StrandBias:1.6,Multiplicity:1.00
0.080	0.439	0.370	0.112
0.048	0.355	0.499	0.097
0.018	0.325	0.524	0.133
0.044	0.791	0.076	0.089
0.043	0.621	0.277	0.059
0.001	0.461	0.533	0.005
0.026	0.510	0.458	0.006
0.079	0.166	0.621	0.134
>CCGSCSSS	23-CCGSCSSS	6.264437	-0.000000	0	T:254.0(23.15%),B:21488.1(31.02%),P:1e0	Tpos:208.4,Tstd:205.1,Bpos:6761.5,Bstd:15446.4,StrandBias:-0.0,Multiplicity:1.51
0.001	0.595	0.403	0.001
0.052	0.731	0.216	0.001
0.001	0.196	0.802	0.001
0.001	0.542	0.456	0.001
0.131	0.555	0.149	0.165
0.001	0.496	0.502	0.001
0.021	0.523	0.455	0.001
0.101	0.494	0.404	0.001
>SSSGGGGR	24-SSSGGGGR	6.389394	-0.000000	0	T:34.0(3.10%),B:5053.7(7.30%),P:1e0	Tpos:147.3,Tstd:98.5,Bpos:9909.7,Bstd:17295.2,StrandBias:10.0,Multiplicity:1.00
0.118	0.352	0.382	0.148
0.001	0.499	0.499	0.001
0.001	0.439	0.559	0.001
0.001	0.352	0.646	0.001
0.001	0.292	0.706	0.001
0.001	0.322	0.676	0.001
0.001	0.412	0.586	0.001
0.352	0.001	0.472	0.175
>SGSGGGGS	25-SGSGGGGS	7.105874	0.000000	0	T:209.0(19.05%),B:19855.9(28.67%),P:1e0	Tpos:208.7,Tstd:201.4,Bpos:8974.6,Bstd:16815.7,StrandBias:0.3,Multiplicity:1.23
0.083	0.405	0.511	0.001
0.001	0.358	0.640	0.001
0.001	0.566	0.432	0.001
0.001	0.169	0.829	0.001
0.001	0.246	0.752	0.001
0.001	0.070	0.928	0.001
0.001	0.001	0.997	0.001
0.149	0.436	0.393	0.022
