>GCGCTGCGCCCG	1-GCGCTGCGCCCG	9.773646	-6.639149	0	T:21.0(1.91%),B:618.6(0.89%),P:1e-2	Tpos:184.8,Tstd:142.7,Bpos:3838.6,Bstd:11868.1,StrandBias:0.0,Multiplicity:1.00
0.096	0.110	0.680	0.114
0.098	0.686	0.099	0.117
0.078	0.086	0.711	0.125
0.099	0.657	0.123	0.121
0.126	0.154	0.179	0.541
0.104	0.153	0.641	0.102
0.104	0.734	0.084	0.078
0.071	0.108	0.720	0.101
0.098	0.687	0.113	0.102
0.110	0.580	0.176	0.134
0.110	0.672	0.134	0.084
0.100	0.119	0.691	0.090
>SKYCGCCGCGGN	2-SKYCGCCGCGGN	9.323312	-4.599436	0	T:2.0(0.18%),B:8.2(0.01%),P:1e-1	Tpos:218.5,Tstd:199.5,Bpos:7415.8,Bstd:16948.5,StrandBias:10.0,Multiplicity:1.00
0.204	0.369	0.254	0.172
0.006	0.166	0.483	0.344
0.101	0.323	0.103	0.473
0.025	0.606	0.203	0.166
0.017	0.193	0.592	0.198
0.001	0.684	0.260	0.055
0.014	0.615	0.331	0.040
0.001	0.143	0.845	0.011
0.001	0.651	0.320	0.028
0.095	0.310	0.517	0.078
0.069	0.292	0.580	0.059
0.262	0.239	0.318	0.181
>CCCGAGCGCGGC	3-CCCGAGCGCGGC	10.282412	-3.481124	0	T:6.0(0.55%),B:144.8(0.21%),P:1e-1	Tpos:230.7,Tstd:278.7,Bpos:2554.0,Bstd:9448.9,StrandBias:2.3,Multiplicity:1.00
0.051	0.648	0.143	0.158
0.024	0.680	0.174	0.122
0.019	0.700	0.227	0.054
0.064	0.202	0.683	0.051
0.422	0.223	0.212	0.143
0.186	0.086	0.618	0.110
0.199	0.574	0.157	0.070
0.029	0.156	0.712	0.103
0.094	0.685	0.157	0.064
0.055	0.320	0.580	0.045
0.013	0.226	0.638	0.123
0.211	0.609	0.117	0.063
>NCGCGCCGVCGN	4-NCGCGCCGVCGN	9.297354	-3.078079	0	T:1.0(0.09%),B:2.1(0.00%),P:1e-1	Tpos:245.0,Tstd:0.0,Bpos:0.0,Bstd:0.0,StrandBias:-10.0,Multiplicity:1.00
0.167	0.280	0.304	0.249
0.101	0.554	0.220	0.125
0.039	0.214	0.630	0.117
0.095	0.731	0.129	0.045
0.063	0.139	0.671	0.127
0.078	0.584	0.224	0.114
0.069	0.726	0.157	0.048
0.071	0.081	0.732	0.116
0.334	0.218	0.311	0.136
0.122	0.659	0.151	0.068
0.056	0.182	0.590	0.172
0.223	0.275	0.310	0.192
>SCGCGGGGCAGV	5-SCGCGGGGCAGV	9.518204	-2.928083	0	T:5.0(0.46%),B:125.3(0.18%),P:1e-1	Tpos:215.8,Tstd:231.2,Bpos:6389.4,Bstd:18587.2,StrandBias:-0.6,Multiplicity:1.00
0.150	0.274	0.378	0.198
0.078	0.638	0.175	0.109
0.073	0.137	0.688	0.102
0.091	0.725	0.125	0.059
0.070	0.155	0.710	0.065
0.088	0.190	0.655	0.067
0.130	0.223	0.573	0.074
0.111	0.136	0.644	0.109
0.131	0.619	0.151	0.099
0.435	0.181	0.264	0.120
0.116	0.168	0.599	0.117
0.191	0.336	0.287	0.186
>CMGCMGCMGCCG	6-CMGCMGCMGCCG	9.527611	-2.921728	0	T:7.0(0.64%),B:209.7(0.30%),P:1e-1	Tpos:250.6,Tstd:267.1,Bpos:6325.1,Bstd:16334.4,StrandBias:0.6,Multiplicity:1.00
0.081	0.587	0.245	0.087
0.417	0.287	0.178	0.119
0.099	0.201	0.658	0.042
0.116	0.625	0.207	0.052
0.411	0.287	0.235	0.067
0.099	0.202	0.647	0.052
0.107	0.612	0.242	0.039
0.393	0.294	0.235	0.077
0.086	0.158	0.695	0.061
0.069	0.676	0.187	0.068
0.102	0.674	0.186	0.038
0.114	0.212	0.575	0.099
>CGCCCGCAGCCC	7-CGCCCGCAGCCC	12.643597	-2.221907	0	T:4.0(0.36%),B:112.9(0.16%),P:1e0	Tpos:128.8,Tstd:75.7,Bpos:5912.8,Bstd:17407.5,StrandBias:-1.6,Multiplicity:1.00
0.070	0.779	0.107	0.044
0.076	0.080	0.749	0.095
0.066	0.854	0.073	0.007
0.046	0.841	0.060	0.053
0.054	0.757	0.103	0.086
0.037	0.057	0.900	0.006
0.026	0.887	0.077	0.010
0.691	0.100	0.090	0.119
0.010	0.029	0.914	0.047
0.026	0.928	0.027	0.019
0.019	0.894	0.062	0.025
0.042	0.808	0.087	0.063
>NCTCCAGGCGCS	8-NCTCCAGGCGCS	8.292157	-2.117236	0	T:22.0(2.01%),B:1051.8(1.52%),P:1e0	Tpos:260.8,Tstd:241.6,Bpos:3970.9,Bstd:12096.3,StrandBias:0.3,Multiplicity:1.00
0.214	0.226	0.341	0.218
0.109	0.670	0.135	0.086
0.113	0.159	0.190	0.538
0.104	0.653	0.128	0.115
0.126	0.605	0.166	0.103
0.480	0.214	0.181	0.125
0.104	0.142	0.656	0.098
0.121	0.135	0.639	0.105
0.107	0.683	0.108	0.102
0.100	0.089	0.729	0.082
0.098	0.705	0.128	0.069
0.165	0.300	0.351	0.184
>SCCGCSCKCGCG	9-SCCGCSCKCGCG	8.747080	-1.942680	0	T:4.0(0.36%),B:125.5(0.18%),P:1e0	Tpos:327.2,Tstd:218.7,Bpos:1612.1,Bstd:7079.5,StrandBias:0.0,Multiplicity:1.00
0.093	0.385	0.369	0.153
0.073	0.499	0.192	0.236
0.140	0.522	0.306	0.032
0.089	0.172	0.624	0.115
0.044	0.632	0.083	0.241
0.073	0.489	0.352	0.086
0.061	0.562	0.294	0.083
0.082	0.238	0.286	0.394
0.132	0.641	0.138	0.089
0.186	0.173	0.496	0.145
0.099	0.727	0.096	0.078
0.081	0.274	0.522	0.123
>SCAGCGGCRGCV	10-SCAGCGGCRGCV	9.330908	-1.888888	0	T:12.0(1.09%),B:535.7(0.77%),P:1e0	Tpos:338.0,Tstd:196.3,Bpos:3958.8,Bstd:11896.4,StrandBias:-2.6,Multiplicity:1.00
0.176	0.270	0.371	0.182
0.147	0.559	0.147	0.147
0.453	0.218	0.194	0.135
0.129	0.176	0.636	0.059
0.041	0.847	0.071	0.041
0.047	0.106	0.806	0.041
0.141	0.118	0.659	0.082
0.124	0.676	0.082	0.118
0.377	0.206	0.306	0.112
0.188	0.118	0.594	0.100
0.106	0.741	0.059	0.094
0.283	0.223	0.353	0.141
>CGGGGCTCCGGG	11-CGGGGCTCCGGG	10.365861	-1.883456	0	T:8.0(0.73%),B:325.3(0.47%),P:1e0	Tpos:307.3,Tstd:87.5,Bpos:3039.4,Bstd:9036.0,StrandBias:1.3,Multiplicity:1.00
0.082	0.669	0.155	0.094
0.038	0.146	0.702	0.114
0.093	0.153	0.677	0.077
0.104	0.170	0.672	0.054
0.099	0.124	0.679	0.098
0.081	0.634	0.168	0.117
0.090	0.154	0.220	0.536
0.052	0.649	0.181	0.118
0.060	0.698	0.150	0.092
0.060	0.155	0.704	0.081
0.112	0.144	0.704	0.040
0.133	0.100	0.676	0.091
>DCGGCGGCSGSD	12-DCGGCGGCSGSD	8.420137	-1.622067	0	T:1.0(0.09%),B:13.2(0.02%),P:1e0	Tpos:535.0,Tstd:0.0,Bpos:2278.2,Bstd:8958.6,StrandBias:-10.0,Multiplicity:1.00
0.322	0.148	0.195	0.335
0.040	0.708	0.189	0.063
0.060	0.293	0.490	0.157
0.049	0.227	0.597	0.127
0.010	0.676	0.191	0.123
0.125	0.258	0.442	0.175
0.065	0.258	0.555	0.122
0.039	0.742	0.141	0.078
0.060	0.325	0.413	0.202
0.092	0.334	0.515	0.059
0.078	0.358	0.471	0.093
0.281	0.166	0.224	0.329
>NCGCCCGCDCCG	13-NCGCCCGCDCCG	7.000001	-1.589211	0	T:26.0(2.37%),B:1370.9(1.98%),P:1e0	Tpos:368.4,Tstd:334.3,Bpos:2407.2,Bstd:9427.3,StrandBias:0.9,Multiplicity:1.10
0.231	0.270	0.288	0.211
0.188	0.537	0.244	0.031
0.037	0.207	0.495	0.260
0.027	0.464	0.234	0.274
0.014	0.493	0.330	0.163
0.038	0.556	0.396	0.010
0.200	0.025	0.758	0.017
0.214	0.464	0.142	0.181
0.287	0.020	0.364	0.328
0.044	0.561	0.364	0.031
0.027	0.483	0.320	0.169
0.183	0.236	0.393	0.189
>NCCCGGAGCCGS	14-NCCCGGAGCCGS	9.161138	-1.560785	0	T:7.0(0.64%),B:302.9(0.44%),P:1e0	Tpos:111.0,Tstd:68.5,Bpos:3849.7,Bstd:12028.5,StrandBias:1.3,Multiplicity:1.00
0.201	0.312	0.278	0.209
0.099	0.597	0.194	0.110
0.057	0.654	0.192	0.097
0.095	0.658	0.181	0.066
0.086	0.168	0.658	0.088
0.080	0.195	0.638	0.087
0.467	0.246	0.179	0.108
0.105	0.166	0.620	0.109
0.079	0.701	0.129	0.091
0.101	0.652	0.173	0.074
0.064	0.179	0.672	0.085
0.177	0.404	0.269	0.150
>VGGCGCGCCGGS	15-VGGCGCGCCGGS	8.494569	-1.392668	0	T:23.0(2.10%),B:1236.7(1.79%),P:1e0	Tpos:221.4,Tstd:188.9,Bpos:3704.7,Bstd:12729.9,StrandBias:0.8,Multiplicity:1.09
0.211	0.279	0.331	0.179
0.101	0.153	0.658	0.088
0.089	0.175	0.663	0.073
0.126	0.607	0.180	0.087
0.091	0.157	0.646	0.106
0.116	0.611	0.184	0.089
0.087	0.189	0.605	0.119
0.081	0.641	0.202	0.076
0.122	0.601	0.171	0.106
0.107	0.162	0.623	0.108
0.095	0.165	0.663	0.077
0.191	0.295	0.354	0.159
>NCCGCCCCCGCN	16-NCCGCCCCCGCN	9.759514	-1.326849	0	T:6.0(0.55%),B:271.3(0.39%),P:1e0	Tpos:321.8,Tstd:192.5,Bpos:3466.4,Bstd:12874.1,StrandBias:-1.6,Multiplicity:1.00
0.173	0.308	0.321	0.199
0.107	0.650	0.146	0.097
0.077	0.664	0.167	0.092
0.081	0.171	0.647	0.101
0.105	0.639	0.144	0.112
0.108	0.608	0.157	0.127
0.082	0.633	0.169	0.116
0.082	0.628	0.180	0.110
0.093	0.662	0.144	0.101
0.098	0.157	0.648	0.097
0.117	0.623	0.162	0.098
0.217	0.279	0.283	0.221
>NNNSVSCGGCGV	17-NNNSVSCGGCGV	7.570782	-1.274874	0	T:7.0(0.64%),B:332.5(0.48%),P:1e0	Tpos:339.1,Tstd:348.4,Bpos:3128.1,Bstd:10068.4,StrandBias:0.4,Multiplicity:1.00
0.204	0.201	0.341	0.254
0.209	0.313	0.310	0.168
0.168	0.310	0.232	0.291
0.182	0.310	0.341	0.168
0.242	0.282	0.327	0.150
0.168	0.360	0.295	0.177
0.001	0.997	0.001	0.001
0.001	0.340	0.658	0.001
0.001	0.341	0.500	0.159
0.001	0.997	0.001	0.001
0.001	0.001	0.997	0.001
0.309	0.233	0.313	0.145
>SSCGCGCGDMGV	18-SSCGCGCGDMGV	7.250149	-1.238367	0	T:144.0(13.13%),B:8679.8(12.53%),P:1e0	Tpos:234.5,Tstd:247.6,Bpos:3435.3,Bstd:11649.5,StrandBias:-0.1,Multiplicity:1.43
0.096	0.391	0.304	0.209
0.052	0.521	0.426	0.001
0.009	0.669	0.235	0.087
0.001	0.026	0.860	0.113
0.008	0.990	0.001	0.001
0.001	0.001	0.997	0.001
0.226	0.566	0.191	0.017
0.001	0.365	0.530	0.104
0.217	0.174	0.348	0.261
0.313	0.452	0.061	0.174
0.192	0.261	0.417	0.130
0.226	0.365	0.261	0.148
>NGCSGCSGCSGW	19-NGCSGCSGCSGW	8.646241	-1.147443	0	T:8.0(0.73%),B:405.2(0.58%),P:1e0	Tpos:334.0,Tstd:0.0,Bpos:569.9,Bstd:693.2,StrandBias:10.0,Multiplicity:1.00
0.193	0.335	0.273	0.198
0.029	0.075	0.739	0.157
0.116	0.638	0.164	0.082
0.091	0.403	0.280	0.226
0.123	0.075	0.706	0.096
0.096	0.747	0.116	0.041
0.097	0.390	0.342	0.171
0.014	0.226	0.644	0.116
0.041	0.693	0.157	0.109
0.132	0.383	0.287	0.198
0.082	0.150	0.659	0.109
0.410	0.111	0.199	0.280
>SKSBSCSSGCGV	20-SKSBSCSSGCGV	7.765697	-0.952767	0	T:1.0(0.09%),B:30.9(0.04%),P:1e0	Tpos:107.0,Tstd:0.0,Bpos:128.8,Bstd:201.1,StrandBias:-10.0,Multiplicity:1.00
0.135	0.354	0.316	0.195
0.141	0.209	0.386	0.264
0.001	0.399	0.363	0.237
0.117	0.346	0.331	0.206
0.190	0.333	0.347	0.131
0.001	0.997	0.001	0.001
0.001	0.373	0.477	0.149
0.133	0.393	0.473	0.001
0.204	0.213	0.412	0.172
0.167	0.724	0.001	0.108
0.001	0.001	0.997	0.001
0.227	0.293	0.321	0.159
>NCCGCCGCCGCS	21-NCCGCCGCCGCS	8.640476	-0.930741	0	T:41.0(3.74%),B:2461.0(3.55%),P:1e0	Tpos:296.4,Tstd:283.8,Bpos:3433.4,Bstd:10656.9,StrandBias:0.8,Multiplicity:1.00
0.207	0.308	0.283	0.202
0.136	0.626	0.099	0.139
0.089	0.608	0.183	0.120
0.072	0.160	0.645	0.123
0.124	0.635	0.146	0.095
0.084	0.601	0.198	0.117
0.091	0.159	0.683	0.067
0.145	0.610	0.145	0.100
0.076	0.648	0.184	0.092
0.081	0.177	0.638	0.104
0.101	0.729	0.109	0.061
0.174	0.296	0.365	0.165
>NCSGCSGCSGCN	22-NCSGCSGCSGCN	7.187583	-0.781051	0	T:65.0(5.93%),B:4029.3(5.82%),P:1e0	Tpos:281.2,Tstd:243.7,Bpos:2440.6,Bstd:9729.9,StrandBias:-0.5,Multiplicity:1.29
0.144	0.279	0.284	0.293
0.025	0.667	0.237	0.071
0.051	0.353	0.442	0.153
0.057	0.223	0.604	0.116
0.080	0.662	0.213	0.045
0.107	0.313	0.430	0.151
0.076	0.284	0.619	0.021
0.114	0.582	0.157	0.147
0.097	0.321	0.429	0.154
0.083	0.302	0.497	0.118
0.072	0.608	0.286	0.034
0.229	0.196	0.336	0.239
>CBGCSGCBGCBS	23-CBGCSGCBGCBS	8.131003	-0.558500	0	T:9.0(0.82%),B:581.7(0.84%),P:1e0	Tpos:176.0,Tstd:93.5,Bpos:2869.7,Bstd:9773.0,StrandBias:1.0,Multiplicity:1.50
0.127	0.506	0.206	0.161
0.018	0.323	0.276	0.382
0.027	0.241	0.604	0.128
0.084	0.742	0.166	0.008
0.028	0.343	0.402	0.227
0.041	0.185	0.739	0.035
0.044	0.622	0.249	0.085
0.018	0.267	0.372	0.343
0.146	0.285	0.485	0.084
0.037	0.660	0.232	0.071
0.006	0.305	0.394	0.296
0.162	0.332	0.359	0.146
>NGCTGCTGCCGC	24-NGCTGCTGCCGC	9.203707	-0.518130	0	T:8.0(0.73%),B:527.6(0.76%),P:1e0	Tpos:248.3,Tstd:199.1,Bpos:3041.6,Bstd:9606.5,StrandBias:-1.0,Multiplicity:1.00
0.201	0.310	0.248	0.240
0.099	0.081	0.706	0.114
0.119	0.642	0.122	0.117
0.144	0.222	0.189	0.444
0.092	0.077	0.695	0.136
0.097	0.680	0.123	0.100
0.123	0.187	0.215	0.475
0.098	0.149	0.639	0.114
0.101	0.602	0.180	0.117
0.072	0.706	0.147	0.075
0.069	0.091	0.765	0.075
0.192	0.407	0.233	0.168
>GYCGCTGSYGCS	25-GYCGCTGSYGCS	8.565686	-0.243380	0	T:8.0(0.73%),B:634.4(0.92%),P:1e0	Tpos:300.0,Tstd:0.0,Bpos:4243.4,Bstd:11684.0,StrandBias:10.0,Multiplicity:1.00
0.127	0.227	0.431	0.215
0.104	0.433	0.175	0.288
0.045	0.535	0.095	0.325
0.051	0.136	0.686	0.127
0.088	0.543	0.129	0.240
0.234	0.189	0.114	0.463
0.089	0.145	0.713	0.053
0.082	0.506	0.358	0.054
0.084	0.454	0.122	0.339
0.057	0.102	0.728	0.113
0.089	0.725	0.150	0.036
0.131	0.399	0.279	0.192
