>CTCTCTCTCTCT	3-AGAGAGAGAGAG	4.342571	-5970.798073	0	T:19048.0(89.79%),B:26130.7(49.23%),P:1e-2593
0.143	0.490	0.069	0.298
0.094	0.158	0.001	0.747
0.054	0.683	0.033	0.230
0.060	0.034	0.001	0.905
0.008	0.800	0.045	0.147
0.075	0.017	0.001	0.907
0.005	0.803	0.010	0.182
0.046	0.037	0.001	0.916
0.012	0.689	0.005	0.294
0.055	0.113	0.001	0.831
0.093	0.600	0.054	0.253
0.110	0.176	0.042	0.672
