>NNNNNNTTATCW	13-NNNNNNTTATCW	6.007897	-0.000000	0	T:3348.0(15.54%),B:21761.4(26.36%),P:1e0
0.292	0.239	0.249	0.220
0.266	0.246	0.214	0.274
0.244	0.242	0.237	0.278
0.195	0.322	0.210	0.272
0.240	0.307	0.185	0.268
0.170	0.307	0.319	0.205
0.197	0.191	0.173	0.439
0.216	0.032	0.093	0.659
0.883	0.026	0.054	0.037
0.048	0.080	0.011	0.861
0.012	0.941	0.046	0.001
0.367	0.097	0.158	0.379
