>NWGATTAGAWAD	3-NWGATTAGAWAD	10.436092	-0.001958	0	T:16.0(0.07%),B:121.0(0.15%),P:1e0
0.221	0.254	0.326	0.198
0.490	0.001	0.001	0.508
0.001	0.001	0.929	0.069
0.903	0.001	0.031	0.065
0.001	0.019	0.001	0.979
0.001	0.001	0.014	0.984
0.938	0.001	0.005	0.056
0.001	0.089	0.909	0.001
0.423	0.250	0.255	0.072
0.282	0.200	0.159	0.358
0.423	0.185	0.183	0.210
0.213	0.162	0.337	0.288
