>DGAYAGATAASW	20-DGAYAGATAASW	7.281554	-0.000000	0	T:1073.0(4.98%),B:12345.2(14.95%),P:1e0
0.360	0.074	0.221	0.344
0.066	0.261	0.470	0.202
0.481	0.300	0.146	0.073
0.131	0.407	0.201	0.261
0.624	0.005	0.179	0.192
0.035	0.025	0.931	0.009
0.677	0.036	0.010	0.277
0.156	0.104	0.116	0.624
0.766	0.020	0.088	0.126
0.539	0.001	0.341	0.119
0.128	0.351	0.451	0.070
0.411	0.211	0.117	0.261
