>TGATATGATATC	5-GATATCATATCA	13.176321	-0.000244	0	T:2.0(0.01%),B:45.1(0.05%),P:1e0
0.079	0.034	0.099	0.788
0.095	0.064	0.748	0.093
0.781	0.054	0.086	0.079
0.080	0.066	0.103	0.751
0.769	0.079	0.075	0.077
0.086	0.070	0.090	0.754
0.073	0.143	0.689	0.095
0.704	0.128	0.085	0.083
0.082	0.074	0.088	0.756
0.738	0.085	0.074	0.103
0.069	0.097	0.080	0.754
0.068	0.769	0.088	0.075
