>TATCTGTGYCTG	6-TATCTGTGYCTG	9.847890	-0.000003	0	T:15.0(0.07%),B:163.0(0.20%),P:1e0
0.111	0.137	0.066	0.686
0.504	0.204	0.156	0.136
0.115	0.064	0.107	0.714
0.031	0.668	0.151	0.150
0.366	0.001	0.015	0.618
0.076	0.244	0.480	0.200
0.219	0.001	0.195	0.585
0.149	0.191	0.487	0.172
0.118	0.351	0.174	0.357
0.200	0.627	0.014	0.159
0.405	0.001	0.001	0.593
0.126	0.144	0.620	0.110
