>GACAGCGGGAGC	8-GACAGCGGGAGC,BestGuess:Adf1/dmmpmm(Bergman)/fly(0.831)	10.724133	-2.187038	0	T:3.0(0.27%),B:73.6(0.10%),P:1e0
0.087	0.121	0.723	0.069
0.554	0.149	0.203	0.094
0.119	0.656	0.159	0.066
0.633	0.117	0.139	0.111
0.069	0.130	0.734	0.067
0.146	0.608	0.145	0.101
0.131	0.119	0.631	0.119
0.096	0.081	0.746	0.077
0.096	0.149	0.698	0.057
0.624	0.122	0.160	0.094
0.091	0.119	0.726	0.064
0.106	0.669	0.138	0.087
