>SCGGCGGGGACB	9-SCGGCGGGGACB,BestGuess:LEP(AP2EREBP)/col-LEP-DAP-Seq(GSE60143)/Homer(0.766)	8.762950	-2.108425	0	T:8.0(0.73%),B:311.3(0.44%),P:1e0
0.200	0.241	0.383	0.176
0.088	0.701	0.113	0.098
0.081	0.169	0.668	0.082
0.112	0.158	0.607	0.123
0.102	0.656	0.130	0.112
0.072	0.174	0.665	0.089
0.107	0.175	0.605	0.113
0.122	0.145	0.633	0.100
0.129	0.125	0.631	0.115
0.613	0.147	0.128	0.112
0.110	0.617	0.131	0.142
0.184	0.245	0.347	0.224
