>GGGACCGGGCGG	7-GGGACCGGGCGG,BestGuess:SKN7/SKN7_H2O2Lo/[](Harbison)/Yeast(0.685)	13.131224	-2.201743	0	T:2.0(0.18%),B:35.2(0.05%),P:1e0
0.057	0.064	0.846	0.033
0.063	0.061	0.826	0.050
0.066	0.065	0.827	0.042
0.592	0.156	0.161	0.091
0.090	0.694	0.163	0.053
0.088	0.709	0.085	0.118
0.088	0.098	0.738	0.076
0.069	0.104	0.763	0.064
0.055	0.090	0.805	0.050
0.091	0.697	0.128	0.084
0.097	0.090	0.739	0.074
0.065	0.096	0.765	0.074
