>NNNSTTATCT	1-NNNSTTATCT	6.099508	-1851.450104	0	T:15650.0(72.62%),B:43462.5(50.01%),P:1e-804	Tpos:100.7,Tstd:62.7,Bpos:15354.4,Bstd:20252.8,StrandBias:-0.0,Multiplicity:1.75
0.187	0.257	0.281	0.275
0.200	0.266	0.260	0.274
0.170	0.273	0.313	0.244
0.158	0.382	0.262	0.198
0.042	0.161	0.001	0.796
0.046	0.087	0.025	0.842
0.947	0.030	0.008	0.015
0.036	0.018	0.015	0.931
0.001	0.992	0.006	0.001
0.369	0.039	0.062	0.530
>TATCANRKNN	2-TATCANRKNN	1.270762	-1059.843332	0	T:16930.0(78.56%),B:54276.1(62.45%),P:1e-460	Tpos:101.3,Tstd:73.5,Bpos:15547.8,Bstd:20299.1,StrandBias:-0.0,Multiplicity:1.14
0.001	0.001	0.001	0.997
0.997	0.001	0.001	0.001
0.001	0.001	0.001	0.997
0.001	0.997	0.001	0.001
0.575	0.001	0.001	0.423
0.249	0.249	0.219	0.283
0.418	0.266	0.300	0.016
0.001	0.250	0.347	0.402
0.232	0.293	0.274	0.201
0.319	0.183	0.203	0.295
>TATCANKNDN	3-TATCANKNDN	5.840286	-121.523062	0	T:13147.0(61.00%),B:47997.5(55.23%),P:1e-52	Tpos:100.8,Tstd:71.8,Bpos:15910.0,Bstd:20540.9,StrandBias:-0.0,Multiplicity:1.18
0.022	0.015	0.008	0.955
0.895	0.037	0.028	0.040
0.017	0.011	0.011	0.961
0.022	0.895	0.015	0.068
0.582	0.041	0.001	0.376
0.244	0.237	0.282	0.237
0.180	0.210	0.241	0.369
0.301	0.257	0.228	0.214
0.244	0.180	0.241	0.335
0.227	0.309	0.258	0.206
>TATCTNHNHN	4-TATCTNHNHN	6.642253	-68.120280	0	T:11992.0(55.64%),B:44601.5(51.32%),P:1e-29	Tpos:99.1,Tstd:71.8,Bpos:15616.5,Bstd:20375.6,StrandBias:-0.1,Multiplicity:1.27
0.001	0.001	0.001	0.997
0.997	0.001	0.001	0.001
0.001	0.001	0.001	0.997
0.001	0.997	0.001	0.001
0.211	0.001	0.001	0.787
0.174	0.245	0.305	0.276
0.274	0.254	0.132	0.340
0.266	0.244	0.193	0.297
0.307	0.265	0.152	0.276
0.263	0.231	0.179	0.327
>TCTGWTTWWD	5-TCTGWTTWWD	7.305064	-0.000000	0	T:166.0(0.77%),B:9766.9(11.24%),P:1e0	Tpos:76.8,Tstd:55.8,Bpos:15809.8,Bstd:20224.9,StrandBias:-0.2,Multiplicity:1.00
0.080	0.004	0.012	0.904
0.067	0.864	0.013	0.056
0.354	0.001	0.001	0.644
0.146	0.115	0.466	0.274
0.475	0.138	0.036	0.350
0.266	0.070	0.088	0.576
0.317	0.062	0.125	0.496
0.409	0.104	0.074	0.413
0.383	0.085	0.118	0.414
0.282	0.179	0.203	0.336
>TTTTTTTTTT	6-TTTTTTTTTT	6.662556	-0.000000	0	T:4098.0(19.02%),B:43411.6(49.95%),P:1e0	Tpos:102.0,Tstd:86.2,Bpos:15796.6,Bstd:19863.9,StrandBias:-0.2,Multiplicity:1.00
0.051	0.213	0.001	0.735
0.059	0.198	0.002	0.741
0.065	0.235	0.001	0.699
0.074	0.235	0.019	0.672
0.071	0.239	0.020	0.670
0.070	0.245	0.019	0.666
0.077	0.201	0.058	0.664
0.134	0.207	0.061	0.598
0.186	0.154	0.038	0.622
0.168	0.180	0.039	0.613
>AGATTWDNWD	7-AGATTWDNWD	6.374253	-0.000000	0	T:5344.0(24.80%),B:43615.7(50.19%),P:1e0	Tpos:99.0,Tstd:74.1,Bpos:15399.8,Bstd:20201.9,StrandBias:0.0,Multiplicity:1.08
0.793	0.001	0.005	0.201
0.005	0.025	0.966	0.004
0.976	0.005	0.003	0.016
0.006	0.015	0.025	0.954
0.020	0.117	0.338	0.525
0.409	0.152	0.163	0.276
0.296	0.052	0.263	0.389
0.277	0.190	0.255	0.279
0.392	0.149	0.214	0.245
0.367	0.093	0.231	0.309
>TTTKAAAWWT	8-TTTKAAAWWT	3.330807	-0.000000	0	T:6674.0(30.97%),B:48003.4(55.24%),P:1e0	Tpos:97.0,Tstd:80.1,Bpos:15217.5,Bstd:20240.7,StrandBias:-0.0,Multiplicity:1.09
0.063	0.001	0.001	0.935
0.001	0.001	0.001	0.997
0.001	0.001	0.001	0.997
0.206	0.142	0.255	0.397
0.751	0.247	0.001	0.001
0.997	0.001	0.001	0.001
0.985	0.001	0.001	0.013
0.488	0.001	0.001	0.510
0.570	0.001	0.001	0.428
0.347	0.001	0.001	0.651
>TTTTTTTTTT	9-TTTTTTTTTT	6.297199	-0.000000	0	T:6412.0(29.75%),B:49457.9(56.91%),P:1e0	Tpos:100.4,Tstd:84.5,Bpos:15599.6,Bstd:19942.0,StrandBias:0.0,Multiplicity:1.09
0.102	0.241	0.013	0.644
0.079	0.239	0.075	0.607
0.134	0.214	0.020	0.632
0.078	0.212	0.029	0.681
0.071	0.216	0.001	0.712
0.033	0.193	0.023	0.751
0.003	0.235	0.018	0.744
0.061	0.232	0.018	0.689
0.151	0.227	0.058	0.564
0.176	0.193	0.008	0.623
>TCTKWTWWWN	10-TCTKWTWWWN	6.375475	-0.000000	0	T:2315.0(10.74%),B:36303.6(41.77%),P:1e0	Tpos:97.0,Tstd:80.3,Bpos:15380.1,Bstd:19623.1,StrandBias:0.0,Multiplicity:1.03
0.018	0.001	0.001	0.980
0.022	0.926	0.003	0.049
0.373	0.001	0.001	0.625
0.164	0.136	0.400	0.300
0.444	0.150	0.032	0.374
0.239	0.144	0.112	0.505
0.324	0.110	0.098	0.468
0.396	0.122	0.067	0.414
0.386	0.101	0.128	0.384
0.307	0.187	0.221	0.285
>AGATKWWNWW	11-AGATKWWNWW	7.263359	-0.000000	0	T:373.0(1.73%),B:16791.0(19.32%),P:1e0	Tpos:98.8,Tstd:72.0,Bpos:14555.7,Bstd:20074.0,StrandBias:-0.3,Multiplicity:1.02
0.769	0.001	0.003	0.227
0.001	0.006	0.992	0.001
0.993	0.004	0.002	0.001
0.004	0.002	0.007	0.987
0.003	0.150	0.429	0.418
0.311	0.166	0.185	0.338
0.275	0.169	0.191	0.364
0.316	0.197	0.176	0.311
0.347	0.156	0.187	0.310
0.399	0.144	0.173	0.284
>WGATATCWNN	12-WGATATCWNN	7.248448	-0.000000	0	T:1336.0(6.20%),B:22742.6(26.17%),P:1e0	Tpos:103.3,Tstd:71.6,Bpos:16119.0,Bstd:20759.0,StrandBias:-0.2,Multiplicity:1.02
0.523	0.001	0.001	0.475
0.145	0.134	0.642	0.079
0.911	0.087	0.001	0.001
0.001	0.001	0.001	0.997
0.997	0.001	0.001	0.001
0.001	0.001	0.159	0.839
0.099	0.575	0.164	0.162
0.499	0.001	0.001	0.499
0.249	0.217	0.272	0.262
0.212	0.284	0.254	0.250
>WWWWWTTTTT	13-WWWWWTTTTT	4.734524	-0.000000	0	T:11416.0(52.97%),B:58574.1(67.40%),P:1e0	Tpos:94.8,Tstd:78.2,Bpos:15277.9,Bstd:20272.6,StrandBias:-0.0,Multiplicity:1.07
0.304	0.183	0.128	0.384
0.269	0.191	0.161	0.380
0.275	0.166	0.184	0.376
0.260	0.188	0.187	0.366
0.265	0.198	0.166	0.371
0.239	0.181	0.126	0.453
0.197	0.156	0.092	0.555
0.001	0.001	0.001	0.997
0.044	0.149	0.002	0.805
0.209	0.130	0.051	0.610
>AAAAAAAAAA	14-AAAAAAAAAA	4.451576	-0.000000	0	T:13655.0(63.36%),B:63121.8(72.63%),P:1e0	Tpos:95.3,Tstd:81.5,Bpos:15344.5,Bstd:20154.2,StrandBias:-0.0,Multiplicity:1.18
0.607	0.087	0.091	0.215
0.555	0.066	0.140	0.239
0.577	0.063	0.166	0.194
0.530	0.090	0.168	0.212
0.514	0.103	0.168	0.215
0.541	0.087	0.161	0.211
0.563	0.099	0.170	0.168
0.700	0.075	0.036	0.189
0.597	0.077	0.201	0.125
0.614	0.027	0.158	0.201
>TTTTTTTTTT	15-TTTTTTTTTT	6.631264	-0.000000	0	T:4305.0(19.98%),B:44162.4(50.82%),P:1e0	Tpos:102.9,Tstd:91.6,Bpos:15431.4,Bstd:19081.8,StrandBias:-0.0,Multiplicity:1.12
0.041	0.268	0.001	0.690
0.001	0.174	0.001	0.824
0.001	0.093	0.001	0.905
0.001	0.115	0.001	0.883
0.001	0.142	0.001	0.856
0.001	0.111	0.001	0.887
0.054	0.122	0.001	0.823
0.055	0.001	0.001	0.943
0.061	0.001	0.001	0.937
0.025	0.281	0.019	0.675
>AAAAWAAADW	16-AAAAWAAADW	4.623233	-0.000000	0	T:9297.0(43.14%),B:54578.0(62.80%),P:1e0	Tpos:95.9,Tstd:81.3,Bpos:15330.8,Bstd:20547.1,StrandBias:0.1,Multiplicity:1.01
0.426	0.167	0.160	0.247
0.997	0.001	0.001	0.001
0.471	0.113	0.209	0.208
0.427	0.138	0.190	0.245
0.383	0.163	0.202	0.252
0.411	0.150	0.190	0.249
0.384	0.220	0.198	0.197
0.620	0.001	0.001	0.378
0.376	0.127	0.238	0.258
0.429	0.001	0.197	0.373
>CAGATTWDAW	17-CAGATTWDAW	7.856425	-0.000000	0	T:460.0(2.13%),B:10769.3(12.39%),P:1e0	Tpos:103.0,Tstd:80.9,Bpos:15837.7,Bstd:20446.0,StrandBias:0.1,Multiplicity:1.01
0.309	0.528	0.057	0.106
0.649	0.001	0.001	0.349
0.023	0.063	0.913	0.001
0.951	0.021	0.001	0.027
0.028	0.001	0.032	0.939
0.001	0.266	0.275	0.458
0.554	0.001	0.001	0.444
0.261	0.137	0.367	0.236
0.423	0.191	0.129	0.258
0.348	0.042	0.167	0.443
>AAAAAAAAAA	18-AAAAAAAAAA	5.032823	-0.000000	0	T:11431.0(53.04%),B:59012.2(67.90%),P:1e0	Tpos:98.4,Tstd:83.6,Bpos:15354.3,Bstd:19796.1,StrandBias:-0.0,Multiplicity:1.15
0.755	0.013	0.134	0.098
0.655	0.020	0.171	0.154
0.738	0.013	0.174	0.075
0.725	0.022	0.184	0.069
0.646	0.062	0.173	0.119
0.585	0.079	0.185	0.151
0.518	0.111	0.193	0.178
0.474	0.114	0.170	0.241
0.450	0.113	0.221	0.216
0.493	0.071	0.204	0.232
>TTTTTTTTTT	19-TTTTTTTTTT	5.418308	-0.000000	0	T:9030.0(41.90%),B:54474.4(62.68%),P:1e0	Tpos:98.2,Tstd:83.1,Bpos:15579.6,Bstd:19904.6,StrandBias:-0.0,Multiplicity:1.08
0.094	0.207	0.001	0.698
0.072	0.231	0.035	0.662
0.082	0.198	0.001	0.719
0.055	0.204	0.017	0.724
0.070	0.218	0.019	0.693
0.093	0.206	0.044	0.657
0.133	0.220	0.073	0.574
0.170	0.217	0.085	0.528
0.250	0.226	0.116	0.408
0.228	0.182	0.133	0.456
>WWTKNTTTTW	20-WWTKNTTTTW	5.093023	-0.000000	0	T:6754.0(31.34%),B:48706.5(56.04%),P:1e0	Tpos:91.2,Tstd:66.8,Bpos:15712.1,Bstd:20471.7,StrandBias:0.5,Multiplicity:1.00
0.333	0.145	0.164	0.358
0.269	0.183	0.169	0.380
0.310	0.001	0.202	0.486
0.225	0.114	0.275	0.386
0.264	0.205	0.192	0.339
0.254	0.171	0.130	0.445
0.157	0.118	0.138	0.587
0.021	0.001	0.020	0.958
0.143	0.138	0.060	0.659
0.324	0.132	0.088	0.456
>ATCWNNNNHN	21-ATCWNNNNHN	5.313383	-0.000000	0	T:8535.0(39.60%),B:49258.2(56.68%),P:1e0	Tpos:97.5,Tstd:82.7,Bpos:15439.6,Bstd:20047.6,StrandBias:-0.0,Multiplicity:1.07
0.971	0.011	0.010	0.008
0.027	0.004	0.020	0.949
0.082	0.874	0.025	0.019
0.472	0.008	0.001	0.519
0.236	0.182	0.325	0.257
0.323	0.225	0.178	0.275
0.261	0.203	0.194	0.342
0.305	0.182	0.193	0.320
0.337	0.194	0.172	0.298
0.299	0.200	0.211	0.289
>AAAGATTAWN	22-AAAGATTAWN	9.627028	-0.000000	0	T:199.0(0.92%),B:8503.1(9.78%),P:1e0	Tpos:91.4,Tstd:62.7,Bpos:14877.4,Bstd:20077.0,StrandBias:-0.1,Multiplicity:1.01
0.966	0.001	0.001	0.032
0.567	0.371	0.001	0.061
0.997	0.001	0.001	0.001
0.001	0.001	0.997	0.001
0.997	0.001	0.001	0.001
0.001	0.001	0.001	0.997
0.001	0.160	0.289	0.550
0.572	0.042	0.037	0.349
0.284	0.017	0.269	0.430
0.302	0.287	0.198	0.213
>ATCTNHHHHD	23-ATCTNHHHHD	5.703084	-0.000000	0	T:7438.0(34.51%),B:46256.2(53.22%),P:1e0	Tpos:96.9,Tstd:75.8,Bpos:15376.9,Bstd:20269.1,StrandBias:0.0,Multiplicity:1.11
0.997	0.001	0.001	0.001
0.001	0.001	0.001	0.997
0.001	0.997	0.001	0.001
0.420	0.001	0.001	0.578
0.225	0.227	0.280	0.268
0.299	0.247	0.131	0.324
0.243	0.234	0.166	0.356
0.288	0.212	0.162	0.337
0.257	0.211	0.191	0.342
0.294	0.175	0.204	0.327
>HWRWTTTTTT	24-HWRWTTTTTT	6.164514	-0.000000	0	T:1586.0(7.36%),B:35301.3(40.62%),P:1e0	Tpos:113.8,Tstd:107.8,Bpos:14749.7,Bstd:20086.1,StrandBias:-0.1,Multiplicity:1.00
0.350	0.233	0.132	0.286
0.516	0.005	0.084	0.395
0.294	0.165	0.347	0.194
0.430	0.160	0.118	0.292
0.244	0.001	0.117	0.638
0.087	0.156	0.276	0.481
0.193	0.161	0.071	0.575
0.114	0.039	0.056	0.791
0.164	0.121	0.116	0.599
0.331	0.090	0.052	0.527
>TCTAATCTAT	25-TCTAATCTAT	9.063297	-0.000000	0	T:483.0(2.24%),B:10508.2(12.09%),P:1e0	Tpos:96.4,Tstd:66.0,Bpos:15027.2,Bstd:20285.6,StrandBias:-0.0,Multiplicity:1.00
0.063	0.086	0.068	0.783
0.071	0.754	0.082	0.093
0.109	0.059	0.014	0.818
0.804	0.089	0.071	0.036
0.899	0.021	0.014	0.066
0.017	0.011	0.007	0.965
0.067	0.793	0.018	0.122
0.061	0.016	0.008	0.915
0.507	0.163	0.135	0.195
0.107	0.085	0.043	0.765
>NNYCTTATCTBY	1-NNYCTTATCTBY	5.607649	-2010.716335	0	T:16982.0(78.80%),B:48680.7(56.01%),P:1e-873	Tpos:101.2,Tstd:64.0,Bpos:15535.3,Bstd:20275.9,StrandBias:-0.0,Multiplicity:1.59
0.274	0.238	0.220	0.267
0.202	0.245	0.208	0.345
0.189	0.268	0.195	0.347
0.129	0.443	0.193	0.235
0.090	0.192	0.001	0.717
0.001	0.001	0.001	0.997
0.997	0.001	0.001	0.001
0.001	0.001	0.001	0.997
0.001	0.997	0.001	0.001
0.328	0.001	0.001	0.670
0.184	0.250	0.347	0.219
0.156	0.265	0.212	0.367
>TATCTTATCTND	2-TATCTTATCTND	5.877539	-9.791017	0	T:11093.0(51.47%),B:43454.2(50.00%),P:1e-4	Tpos:100.1,Tstd:65.4,Bpos:15510.8,Bstd:20351.9,StrandBias:-0.0,Multiplicity:1.44
0.001	0.001	0.001	0.997
0.997	0.001	0.001	0.001
0.001	0.001	0.001	0.997
0.001	0.997	0.001	0.001
0.001	0.001	0.001	0.997
0.207	0.200	0.217	0.375
0.553	0.274	0.021	0.152
0.232	0.098	0.166	0.504
0.310	0.518	0.001	0.171
0.209	0.171	0.213	0.406
0.301	0.219	0.279	0.201
0.282	0.142	0.263	0.313
>TATCTGTGBCTG	3-TATCTGTGBCTG	11.519439	-0.059781	0	T:39.0(0.18%),B:204.0(0.23%),P:1e0	Tpos:136.0,Tstd:41.0,Bpos:14951.9,Bstd:19862.8,StrandBias:0.0,Multiplicity:1.00
0.120	0.097	0.120	0.663
0.518	0.220	0.152	0.110
0.108	0.040	0.103	0.749
0.054	0.752	0.123	0.071
0.300	0.006	0.013	0.681
0.023	0.203	0.675	0.099
0.079	0.014	0.124	0.783
0.097	0.126	0.624	0.153
0.097	0.328	0.257	0.318
0.042	0.821	0.013	0.124
0.177	0.014	0.016	0.793
0.073	0.140	0.667	0.120
>NHNNBCTAATCW	4-NHNNBCTAATCW	8.981352	-0.001622	0	T:1.0(0.00%),B:29.0(0.03%),P:1e0	Tpos:163.0,Tstd:0.0,Bpos:15328.1,Bstd:19705.4,StrandBias:-10.0,Multiplicity:1.00
0.243	0.248	0.284	0.225
0.347	0.313	0.088	0.253
0.261	0.245	0.239	0.255
0.239	0.252	0.267	0.242
0.027	0.357	0.321	0.295
0.041	0.835	0.058	0.066
0.053	0.064	0.009	0.874
0.872	0.059	0.067	0.002
0.826	0.060	0.064	0.050
0.056	0.068	0.061	0.815
0.046	0.863	0.070	0.021
0.523	0.028	0.034	0.415
>MTATCADCTATC	5-MTATCADCTATC	11.371143	-0.000238	0	T:56.0(0.26%),B:360.6(0.41%),P:1e0	Tpos:84.0,Tstd:44.0,Bpos:19918.0,Bstd:24476.5,StrandBias:-1.0,Multiplicity:1.00
0.400	0.505	0.010	0.085
0.106	0.020	0.001	0.873
0.629	0.144	0.151	0.076
0.121	0.100	0.080	0.699
0.143	0.832	0.020	0.005
0.966	0.032	0.001	0.001
0.272	0.137	0.249	0.343
0.245	0.446	0.115	0.195
0.121	0.076	0.001	0.802
0.496	0.140	0.209	0.155
0.130	0.092	0.123	0.655
0.043	0.833	0.071	0.053
>TCTATCATCTAT	6-TCTATCATCTAT	15.740218	-0.000098	0	T:62.0(0.29%),B:401.6(0.46%),P:1e0	Tpos:90.8,Tstd:80.5,Bpos:12882.2,Bstd:19439.5,StrandBias:-0.7,Multiplicity:1.00
0.084	0.001	0.001	0.914
0.023	0.953	0.023	0.001
0.166	0.019	0.001	0.814
0.953	0.001	0.023	0.023
0.001	0.046	0.001	0.952
0.018	0.980	0.001	0.001
0.997	0.001	0.001	0.001
0.001	0.070	0.001	0.928
0.001	0.953	0.023	0.023
0.001	0.046	0.001	0.952
0.810	0.095	0.024	0.071
0.023	0.001	0.023	0.953
>AGATAARVARDD	7-AGATAARVARDD	10.627451	-0.000000	0	T:46.0(0.21%),B:410.9(0.47%),P:1e0	Tpos:92.2,Tstd:57.0,Bpos:14215.6,Bstd:20502.0,StrandBias:-0.1,Multiplicity:1.00
0.997	0.001	0.001	0.001
0.001	0.001	0.997	0.001
0.997	0.001	0.001	0.001
0.001	0.001	0.001	0.997
0.997	0.001	0.001	0.001
0.914	0.010	0.075	0.001
0.316	0.140	0.394	0.150
0.333	0.217	0.313	0.137
0.423	0.170	0.254	0.154
0.395	0.171	0.271	0.163
0.359	0.147	0.267	0.227
0.347	0.169	0.282	0.202
>TCTTTTCTGATA	8-TCTTTTCTGATA	12.355432	-0.000000	0	T:13.0(0.06%),B:215.1(0.25%),P:1e0	Tpos:113.0,Tstd:23.0,Bpos:12347.9,Bstd:18777.4,StrandBias:0.0,Multiplicity:1.00
0.100	0.100	0.100	0.700
0.100	0.700	0.100	0.100
0.100	0.100	0.100	0.700
0.100	0.100	0.100	0.700
0.100	0.100	0.100	0.700
0.100	0.100	0.100	0.700
0.100	0.700	0.100	0.100
0.100	0.100	0.100	0.700
0.100	0.100	0.700	0.100
0.700	0.100	0.100	0.100
0.100	0.100	0.100	0.700
0.700	0.100	0.100	0.100
>AAAAAAAAAAAA	9-AAAAAAAAAAAA	6.458343	-0.000000	0	T:5692.0(26.41%),B:47269.5(54.39%),P:1e0	Tpos:95.0,Tstd:83.3,Bpos:15422.2,Bstd:19624.4,StrandBias:0.1,Multiplicity:1.06
0.663	0.034	0.185	0.118
0.656	0.001	0.212	0.131
0.674	0.044	0.219	0.063
0.762	0.001	0.181	0.056
0.678	0.025	0.225	0.072
0.708	0.026	0.177	0.089
0.621	0.051	0.192	0.136
0.590	0.055	0.190	0.165
0.542	0.080	0.192	0.186
0.550	0.082	0.168	0.200
0.540	0.093	0.181	0.186
0.532	0.072	0.199	0.197
>GATADNNNNNNN	10-GATADNNNNNNN	6.772271	-0.000000	0	T:141.0(0.65%),B:10507.7(12.09%),P:1e0	Tpos:97.3,Tstd:73.0,Bpos:14901.0,Bstd:20542.0,StrandBias:0.0,Multiplicity:1.01
0.001	0.001	0.997	0.001
0.997	0.001	0.001	0.001
0.001	0.001	0.001	0.997
0.997	0.001	0.001	0.001
0.262	0.166	0.250	0.322
0.283	0.180	0.250	0.287
0.304	0.195	0.244	0.257
0.280	0.175	0.237	0.309
0.284	0.223	0.226	0.266
0.285	0.184	0.218	0.312
0.312	0.175	0.227	0.286
0.292	0.191	0.236	0.281
>AGATKANDNWDD	11-AGATKANDNWDD	7.286820	-0.000000	0	T:3277.0(15.21%),B:37072.0(42.66%),P:1e0	Tpos:96.7,Tstd:70.6,Bpos:15227.2,Bstd:20260.5,StrandBias:0.0,Multiplicity:1.04
0.997	0.001	0.001	0.001
0.001	0.001	0.997	0.001
0.997	0.001	0.001	0.001
0.001	0.001	0.001	0.997
0.001	0.083	0.400	0.516
0.512	0.001	0.142	0.345
0.279	0.164	0.282	0.275
0.345	0.155	0.216	0.284
0.320	0.171	0.199	0.310
0.343	0.187	0.152	0.318
0.351	0.130	0.204	0.314
0.296	0.165	0.209	0.330
>NNHAVCCACANN	12-NNHAVCCACANN	7.949660	-0.000000	0	T:105.0(0.49%),B:4644.0(5.34%),P:1e0	Tpos:102.6,Tstd:61.8,Bpos:17271.8,Bstd:19486.9,StrandBias:0.0,Multiplicity:1.00
0.268	0.246	0.237	0.249
0.268	0.281	0.199	0.252
0.361	0.315	0.025	0.299
0.638	0.039	0.269	0.054
0.325	0.370	0.282	0.023
0.064	0.805	0.056	0.075
0.062	0.873	0.013	0.052
0.837	0.064	0.028	0.071
0.073	0.778	0.084	0.065
0.851	0.048	0.038	0.063
0.263	0.189	0.297	0.251
0.289	0.260	0.203	0.248
>TTTTTTTTTTTT	13-TTTTTTTTTTTT	5.558905	-0.000000	0	T:8339.0(38.69%),B:52571.3(60.49%),P:1e0	Tpos:92.3,Tstd:83.2,Bpos:15257.3,Bstd:20218.3,StrandBias:-0.1,Multiplicity:1.07
0.266	0.184	0.085	0.465
0.261	0.051	0.133	0.555
0.237	0.170	0.127	0.466
0.239	0.155	0.100	0.506
0.215	0.154	0.100	0.531
0.203	0.149	0.081	0.567
0.169	0.160	0.075	0.596
0.137	0.150	0.070	0.643
0.121	0.165	0.060	0.654
0.103	0.161	0.048	0.688
0.169	0.164	0.039	0.628
0.158	0.114	0.041	0.687
>NNNWDDDNAGAT	14-NNNWDDDNAGAT	6.543462	-0.000000	0	T:7837.0(36.36%),B:46817.0(53.87%),P:1e0	Tpos:97.2,Tstd:78.0,Bpos:15308.0,Bstd:20066.8,StrandBias:0.0,Multiplicity:1.11
0.328	0.207	0.218	0.248
0.331	0.187	0.185	0.297
0.333	0.194	0.195	0.278
0.350	0.125	0.199	0.327
0.389	0.014	0.270	0.326
0.340	0.136	0.252	0.272
0.400	0.052	0.253	0.295
0.297	0.283	0.234	0.185
0.997	0.001	0.001	0.001
0.001	0.001	0.997	0.001
0.997	0.001	0.001	0.001
0.001	0.001	0.001	0.997
>AAAAAAAAAAAA	15-AAAAAAAAAAAA	5.744038	-0.000000	0	T:7712.0(35.78%),B:51400.4(59.14%),P:1e0	Tpos:100.7,Tstd:91.7,Bpos:15487.0,Bstd:19880.8,StrandBias:-0.0,Multiplicity:1.07
0.694	0.015	0.155	0.136
0.611	0.042	0.190	0.157
0.719	0.037	0.171	0.073
0.669	0.046	0.202	0.083
0.666	0.047	0.173	0.114
0.607	0.057	0.194	0.142
0.596	0.075	0.165	0.164
0.542	0.084	0.188	0.186
0.538	0.083	0.168	0.211
0.483	0.106	0.190	0.221
0.502	0.111	0.175	0.212
0.475	0.102	0.193	0.229
>TTTTTTTTTTTT	16-TTTTTTTTTTTT	6.990346	-0.000000	0	T:2118.0(9.83%),B:37475.2(43.12%),P:1e0	Tpos:18.0,Tstd:0.0,Bpos:15035.9,Bstd:18378.8,StrandBias:10.0,Multiplicity:1.00
0.232	0.226	0.080	0.462
0.198	0.140	0.082	0.580
0.208	0.183	0.081	0.528
0.200	0.145	0.059	0.596
0.182	0.180	0.063	0.575
0.175	0.160	0.058	0.607
0.162	0.179	0.071	0.588
0.158	0.164	0.070	0.608
0.161	0.179	0.076	0.584
0.179	0.166	0.074	0.581
0.216	0.174	0.070	0.540
0.249	0.176	0.082	0.493
>BYTAATCWNNNN	17-BYTAATCWNNNN	8.425881	-0.000000	0	T:668.0(3.10%),B:9719.8(11.18%),P:1e0	Tpos:107.3,Tstd:68.9,Bpos:15281.8,Bstd:20078.5,StrandBias:-0.1,Multiplicity:1.01
0.100	0.333	0.263	0.304
0.209	0.372	0.164	0.255
0.001	0.001	0.001	0.997
0.979	0.015	0.005	0.001
0.985	0.001	0.001	0.013
0.001	0.001	0.001	0.997
0.001	0.997	0.001	0.001
0.430	0.001	0.001	0.568
0.213	0.253	0.299	0.235
0.267	0.265	0.167	0.301
0.284	0.274	0.180	0.262
0.266	0.273	0.230	0.231
>NWWWWDDAVAGA	18-NWWWWDDAVAGA	6.351909	-0.000000	0	T:5996.0(27.82%),B:46456.9(53.46%),P:1e0	Tpos:97.1,Tstd:80.4,Bpos:15968.2,Bstd:19968.9,StrandBias:-0.0,Multiplicity:1.12
0.277	0.211	0.231	0.281
0.365	0.188	0.182	0.265
0.379	0.133	0.157	0.330
0.376	0.161	0.179	0.284
0.424	0.001	0.178	0.397
0.399	0.001	0.258	0.342
0.392	0.090	0.247	0.271
0.487	0.001	0.231	0.282
0.323	0.302	0.231	0.145
0.997	0.001	0.001	0.001
0.001	0.001	0.997	0.001
0.997	0.001	0.001	0.001
>TTTTTTTTTTTT	19-TTTTTTTTTTTT	7.306253	-0.000000	0	T:4072.0(18.89%),B:43550.5(50.11%),P:1e0	Tpos:104.2,Tstd:93.0,Bpos:15037.0,Bstd:18974.5,StrandBias:0.0,Multiplicity:1.09
0.078	0.175	0.027	0.720
0.056	0.033	0.001	0.910
0.070	0.068	0.018	0.844
0.049	0.064	0.001	0.886
0.021	0.167	0.001	0.811
0.041	0.054	0.001	0.904
0.022	0.241	0.012	0.725
0.001	0.059	0.001	0.939
0.001	0.265	0.016	0.718
0.001	0.128	0.001	0.870
0.121	0.315	0.022	0.542
0.184	0.142	0.001	0.673
>AAAAAAAAAAAA	20-AAAAAAAAAAAA	6.200152	-0.000000	0	T:4973.0(23.08%),B:45276.2(52.10%),P:1e0	Tpos:27.0,Tstd:0.0,Bpos:20593.6,Bstd:20553.0,StrandBias:-10.0,Multiplicity:1.00
0.669	0.018	0.092	0.221
0.564	0.074	0.156	0.206
0.690	0.049	0.102	0.159
0.597	0.077	0.167	0.159
0.611	0.076	0.134	0.179
0.549	0.096	0.160	0.195
0.545	0.098	0.135	0.222
0.516	0.110	0.146	0.228
0.504	0.107	0.142	0.247
0.483	0.144	0.142	0.231
0.593	0.127	0.001	0.279
0.487	0.063	0.170	0.279
>HHNHNNNWTATC	21-HHNHNNNWTATC	7.002104	-0.000000	0	T:85.0(0.39%),B:771.8(0.89%),P:1e0	Tpos:70.0,Tstd:25.6,Bpos:18097.1,Bstd:19764.3,StrandBias:-10.0,Multiplicity:1.00
0.298	0.245	0.153	0.305
0.289	0.213	0.173	0.326
0.284	0.273	0.161	0.282
0.360	0.246	0.001	0.393
0.301	0.204	0.189	0.305
0.270	0.240	0.181	0.309
0.267	0.311	0.176	0.246
0.357	0.239	0.001	0.404
0.264	0.171	0.001	0.564
0.910	0.088	0.001	0.001
0.001	0.001	0.001	0.997
0.001	0.997	0.001	0.001
>NNNNNNMTATCT	22-NNNNNNMTATCT	8.592052	-0.000000	0	T:6.0(0.03%),B:225.9(0.26%),P:1e0	Tpos:37.0,Tstd:0.0,Bpos:16289.0,Bstd:19146.9,StrandBias:10.0,Multiplicity:1.00
0.280	0.215	0.218	0.287
0.256	0.211	0.218	0.315
0.302	0.211	0.242	0.244
0.279	0.225	0.214	0.282
0.270	0.245	0.211	0.275
0.251	0.255	0.283	0.210
0.550	0.435	0.001	0.014
0.001	0.001	0.001	0.997
0.997	0.001	0.001	0.001
0.001	0.001	0.001	0.997
0.001	0.997	0.001	0.001
0.001	0.001	0.001	0.997
>TCTTTTCTAATC	23-TCTTTTCTAATC	13.169341	-0.000000	0	T:5.0(0.02%),B:151.4(0.17%),P:1e0	Tpos:76.0,Tstd:0.0,Bpos:19147.8,Bstd:20839.2,StrandBias:-10.0,Multiplicity:1.00
0.080	0.071	0.064	0.785
0.059	0.773	0.074	0.094
0.083	0.075	0.041	0.801
0.077	0.092	0.107	0.724
0.061	0.089	0.076	0.774
0.073	0.089	0.092	0.746
0.095	0.681	0.086	0.138
0.118	0.087	0.032	0.763
0.691	0.101	0.094	0.114
0.783	0.078	0.064	0.075
0.084	0.074	0.074	0.768
0.110	0.712	0.079	0.099
>ATCTDTWWWWTW	24-ATCTDTWWWWTW	9.202905	-0.000000	0	T:124.0(0.58%),B:10013.4(11.52%),P:1e0	Tpos:101.5,Tstd:95.4,Bpos:14711.1,Bstd:19389.1,StrandBias:-0.5,Multiplicity:1.02
0.997	0.001	0.001	0.001
0.001	0.001	0.001	0.997
0.001	0.997	0.001	0.001
0.001	0.001	0.001	0.997
0.234	0.126	0.317	0.323
0.314	0.195	0.001	0.489
0.333	0.142	0.088	0.437
0.365	0.183	0.020	0.432
0.310	0.123	0.114	0.452
0.261	0.205	0.139	0.395
0.345	0.095	0.057	0.503
0.299	0.171	0.155	0.375
>NNVNRRTATCTG	25-NNVNRRTATCTG	9.547857	-0.000000	0	T:4.0(0.02%),B:137.1(0.16%),P:1e0	Tpos:66.0,Tstd:0.0,Bpos:16033.2,Bstd:20199.2,StrandBias:-10.0,Multiplicity:1.00
0.318	0.196	0.274	0.213
0.324	0.181	0.273	0.222
0.284	0.260	0.322	0.134
0.252	0.202	0.225	0.321
0.296	0.157	0.383	0.165
0.420	0.001	0.442	0.137
0.001	0.001	0.001	0.997
0.997	0.001	0.001	0.001
0.001	0.001	0.001	0.997
0.001	0.997	0.001	0.001
0.001	0.001	0.001	0.997
0.144	0.238	0.495	0.123
>CTTATCTG	1-CTTATCTG	4.600928	-1885.504342	0	T:15660.0(72.66%),B:43318.9(49.84%),P:1e-818	Tpos:100.8,Tstd:62.8,Bpos:15412.2,Bstd:20240.8,StrandBias:-0.0,Multiplicity:1.74
0.021	0.869	0.053	0.057
0.011	0.013	0.001	0.975
0.010	0.001	0.001	0.988
0.997	0.001	0.001	0.001
0.001	0.001	0.001	0.997
0.001	0.997	0.001	0.001
0.154	0.001	0.007	0.838
0.111	0.195	0.517	0.177
>TATCTBHT	2-TATCTBHT	6.150309	-478.729969	0	T:14348.0(66.58%),B:47880.6(55.09%),P:1e-207	Tpos:98.8,Tstd:71.5,Bpos:15693.4,Bstd:20364.2,StrandBias:-0.0,Multiplicity:1.40
0.001	0.001	0.001	0.997
0.997	0.001	0.001	0.001
0.001	0.001	0.001	0.997
0.001	0.997	0.001	0.001
0.001	0.001	0.001	0.997
0.077	0.260	0.296	0.366
0.240	0.265	0.128	0.367
0.120	0.257	0.211	0.411
>HWAATCTT	3-HWAATCTT	7.399402	-0.000000	0	T:3215.0(14.92%),B:38695.7(44.53%),P:1e0	Tpos:100.2,Tstd:77.8,Bpos:15523.6,Bstd:20221.0,StrandBias:-0.1,Multiplicity:1.05
0.284	0.340	0.156	0.220
0.355	0.001	0.148	0.496
0.549	0.304	0.146	0.001
0.997	0.001	0.001	0.001
0.001	0.001	0.001	0.997
0.001	0.997	0.001	0.001
0.001	0.001	0.001	0.997
0.001	0.001	0.084	0.914
>HTTTYTNW	4-HTTTYTNW	5.019500	-0.000000	0	T:5110.0(23.71%),B:45118.0(51.92%),P:1e0	Tpos:99.0,Tstd:82.5,Bpos:15356.1,Bstd:19904.8,StrandBias:0.0,Multiplicity:1.15
0.297	0.212	0.145	0.346
0.139	0.131	0.053	0.677
0.156	0.129	0.081	0.634
0.125	0.091	0.084	0.700
0.225	0.377	0.081	0.316
0.206	0.079	0.040	0.675
0.221	0.290	0.194	0.295
0.433	0.140	0.125	0.301
>TATCADAW	5-TATCADAW	6.379893	-0.000000	0	T:9039.0(41.94%),B:43466.6(50.01%),P:1e0	Tpos:99.4,Tstd:72.0,Bpos:15441.4,Bstd:20383.0,StrandBias:-0.1,Multiplicity:1.15
0.001	0.001	0.001	0.997
0.997	0.001	0.001	0.001
0.054	0.001	0.037	0.908
0.020	0.915	0.064	0.001
0.997	0.001	0.001	0.001
0.295	0.107	0.301	0.297
0.469	0.192	0.116	0.223
0.278	0.167	0.193	0.362
>TTTTTTTT	6-TTTTTTTT	3.783046	-0.000000	0	T:13608.0(63.14%),B:62085.1(71.44%),P:1e0	Tpos:96.0,Tstd:82.5,Bpos:15266.4,Bstd:20024.2,StrandBias:0.1,Multiplicity:1.10
0.275	0.130	0.088	0.507
0.174	0.152	0.126	0.548
0.194	0.153	0.141	0.512
0.172	0.162	0.105	0.561
0.151	0.175	0.113	0.561
0.194	0.128	0.098	0.580
0.263	0.159	0.102	0.476
0.235	0.133	0.100	0.532
>WNHWAATC	7-WNHWAATC	6.442123	-0.000000	0	T:3120.0(14.48%),B:34675.3(39.90%),P:1e0	Tpos:96.8,Tstd:74.9,Bpos:15607.2,Bstd:20269.3,StrandBias:0.0,Multiplicity:1.02
0.421	0.001	0.211	0.367
0.268	0.204	0.231	0.297
0.309	0.339	0.152	0.199
0.441	0.001	0.001	0.557
0.596	0.001	0.001	0.402
0.997	0.001	0.001	0.001
0.001	0.001	0.001	0.997
0.001	0.997	0.001	0.001
>WWATNAAA	8-WWATNAAA	4.282415	-0.000000	0	T:10326.0(47.91%),B:55459.5(63.81%),P:1e0	Tpos:97.6,Tstd:81.8,Bpos:15223.2,Bstd:20317.3,StrandBias:0.1,Multiplicity:1.13
0.417	0.110	0.033	0.440
0.363	0.167	0.124	0.345
0.535	0.174	0.057	0.234
0.339	0.062	0.074	0.525
0.215	0.237	0.232	0.315
0.708	0.143	0.007	0.142
0.482	0.112	0.209	0.197
0.556	0.053	0.112	0.279
>ATCTNNND	9-ATCTNNND	5.189837	-0.000000	0	T:9012.0(41.82%),B:49958.6(57.48%),P:1e0	Tpos:99.2,Tstd:79.8,Bpos:15716.9,Bstd:19901.1,StrandBias:-0.1,Multiplicity:1.07
0.997	0.001	0.001	0.001
0.064	0.001	0.001	0.934
0.001	0.889	0.001	0.109
0.343	0.001	0.001	0.655
0.289	0.239	0.195	0.277
0.310	0.193	0.223	0.274
0.315	0.216	0.236	0.232
0.332	0.182	0.212	0.274
>ATCAGAGA	10-ATCAGAGA	5.558451	-0.000000	0	T:7817.0(36.27%),B:48336.5(55.62%),P:1e0	Tpos:101.6,Tstd:82.9,Bpos:16061.3,Bstd:20145.7,StrandBias:-0.0,Multiplicity:1.12
0.752	0.088	0.045	0.115
0.137	0.012	0.001	0.850
0.144	0.697	0.045	0.114
0.800	0.020	0.015	0.165
0.231	0.127	0.530	0.112
0.820	0.035	0.043	0.102
0.113	0.075	0.745	0.067
0.805	0.049	0.067	0.079
>AAAAAAAA	11-AAAAAAAA	4.728830	-0.000000	0	T:11401.0(52.90%),B:58266.1(67.04%),P:1e0	Tpos:97.8,Tstd:84.1,Bpos:15530.0,Bstd:19946.3,StrandBias:-0.0,Multiplicity:1.11
0.726	0.019	0.038	0.217
0.475	0.099	0.199	0.228
0.667	0.035	0.166	0.132
0.624	0.108	0.152	0.116
0.626	0.097	0.136	0.141
0.614	0.108	0.113	0.165
0.590	0.114	0.149	0.147
0.572	0.025	0.124	0.279
>ATCATCAG	12-ATCATCAG	6.206967	-0.000000	0	T:870.0(4.04%),B:21579.3(24.83%),P:1e0	Tpos:93.8,Tstd:83.2,Bpos:14979.8,Bstd:19598.5,StrandBias:0.1,Multiplicity:1.01
0.743	0.076	0.074	0.107
0.131	0.074	0.085	0.710
0.195	0.548	0.094	0.163
0.756	0.087	0.024	0.133
0.188	0.081	0.121	0.610
0.162	0.580	0.122	0.136
0.583	0.103	0.063	0.251
0.217	0.148	0.472	0.164
>TCTKWWWN	13-TCTKWWWN	5.485181	-0.000000	0	T:8167.0(37.90%),B:51263.2(58.99%),P:1e0	Tpos:99.9,Tstd:78.6,Bpos:15587.3,Bstd:19895.8,StrandBias:0.0,Multiplicity:1.09
0.001	0.001	0.001	0.997
0.001	0.997	0.001	0.001
0.371	0.001	0.001	0.627
0.136	0.079	0.383	0.402
0.342	0.194	0.052	0.412
0.388	0.158	0.157	0.297
0.474	0.001	0.001	0.524
0.315	0.177	0.279	0.229
>NHHWMATC	14-NHHWMATC	5.697877	-0.000000	0	T:4277.0(19.85%),B:42355.7(48.74%),P:1e0	Tpos:95.9,Tstd:76.6,Bpos:15323.9,Bstd:19924.4,StrandBias:0.1,Multiplicity:1.05
0.258	0.230	0.195	0.318
0.311	0.240	0.151	0.297
0.400	0.262	0.036	0.302
0.426	0.001	0.138	0.434
0.416	0.338	0.010	0.237
0.997	0.001	0.001	0.001
0.001	0.001	0.001	0.997
0.001	0.997	0.001	0.001
>TTTTTTTT	15-TTTTTTTT	5.237829	-0.000000	0	T:7525.0(34.92%),B:50222.2(57.79%),P:1e0	Tpos:99.6,Tstd:84.9,Bpos:15363.2,Bstd:19753.1,StrandBias:-0.0,Multiplicity:1.08
0.209	0.124	0.023	0.644
0.118	0.067	0.054	0.761
0.139	0.071	0.043	0.747
0.111	0.113	0.060	0.716
0.139	0.131	0.114	0.616
0.274	0.164	0.075	0.487
0.277	0.133	0.132	0.458
0.279	0.134	0.156	0.431
>TWTAAAGA	16-TWTAAAGA	6.801196	-0.000000	0	T:4013.0(18.62%),B:41862.5(48.17%),P:1e0	Tpos:97.7,Tstd:80.4,Bpos:15621.7,Bstd:20155.7,StrandBias:-0.0,Multiplicity:1.07
0.001	0.159	0.001	0.839
0.553	0.001	0.001	0.445
0.385	0.001	0.001	0.613
0.844	0.001	0.051	0.104
0.602	0.396	0.001	0.001
0.997	0.001	0.001	0.001
0.001	0.001	0.997	0.001
0.997	0.001	0.001	0.001
>AAAAAAAA	17-AAAAAAAA	5.176071	-0.000000	0	T:7132.0(33.09%),B:49685.3(57.17%),P:1e0	Tpos:90.4,Tstd:70.2,Bpos:15003.8,Bstd:20291.7,StrandBias:0.3,Multiplicity:1.00
0.587	0.052	0.111	0.250
0.527	0.085	0.179	0.209
0.642	0.070	0.127	0.161
0.589	0.109	0.172	0.130
0.705	0.062	0.078	0.155
0.586	0.099	0.112	0.203
0.607	0.089	0.139	0.165
0.624	0.020	0.113	0.243
>AGATTTKN	18-AGATTTKN	1.756069	-0.000000	0	T:6855.0(31.81%),B:45770.8(52.67%),P:1e0	Tpos:96.9,Tstd:71.5,Bpos:15523.5,Bstd:20053.5,StrandBias:-0.0,Multiplicity:1.13
0.997	0.001	0.001	0.001
0.001	0.001	0.997	0.001
0.997	0.001	0.001	0.001
0.001	0.001	0.001	0.997
0.001	0.001	0.001	0.997
0.347	0.001	0.001	0.651
0.214	0.113	0.294	0.380
0.205	0.236	0.289	0.271
>MAAAHATC	19-MAAAHATC	6.493301	-0.000000	0	T:6125.0(28.42%),B:45964.3(52.89%),P:1e0	Tpos:97.8,Tstd:75.5,Bpos:16029.2,Bstd:20177.1,StrandBias:-0.0,Multiplicity:1.06
0.281	0.431	0.249	0.039
0.811	0.054	0.050	0.085
0.467	0.270	0.001	0.262
0.598	0.001	0.001	0.400
0.330	0.357	0.001	0.312
0.997	0.001	0.001	0.001
0.001	0.001	0.001	0.997
0.001	0.997	0.001	0.001
>AAAAAAAA	20-AAAAAAAA	6.047132	-0.000000	0	T:8054.0(37.37%),B:51775.9(59.58%),P:1e0	Tpos:99.2,Tstd:90.0,Bpos:15086.4,Bstd:19133.3,StrandBias:0.0,Multiplicity:1.17
0.774	0.001	0.164	0.061
0.686	0.022	0.166	0.126
0.944	0.001	0.017	0.038
0.786	0.001	0.112	0.101
0.741	0.001	0.025	0.233
0.753	0.001	0.001	0.245
0.492	0.120	0.315	0.073
0.654	0.025	0.037	0.284
>BNDMTATC	21-BNDMTATC	5.766323	-0.000000	0	T:8058.0(37.39%),B:46243.1(53.21%),P:1e0	Tpos:100.9,Tstd:72.1,Bpos:16120.8,Bstd:20549.7,StrandBias:-0.0,Multiplicity:1.18
0.141	0.267	0.287	0.305
0.241	0.266	0.244	0.249
0.235	0.165	0.332	0.268
0.369	0.459	0.028	0.144
0.001	0.001	0.031	0.967
0.997	0.001	0.001	0.001
0.001	0.001	0.001	0.997
0.031	0.967	0.001	0.001
>ATCTDNAN	22-ATCTDNAN	5.784577	-0.000000	0	T:6229.0(28.90%),B:45654.0(52.53%),P:1e0	Tpos:95.7,Tstd:77.0,Bpos:15721.0,Bstd:20012.3,StrandBias:0.0,Multiplicity:1.06
0.997	0.001	0.001	0.001
0.001	0.001	0.001	0.997
0.001	0.997	0.001	0.001
0.380	0.001	0.001	0.618
0.283	0.102	0.349	0.267
0.224	0.266	0.187	0.323
0.457	0.224	0.269	0.049
0.262	0.191	0.238	0.309
>TTTTTTTT	23-TTTTTTTT	5.639594	-0.000000	0	T:5415.0(25.13%),B:46109.4(53.06%),P:1e0	Tpos:105.9,Tstd:88.4,Bpos:16047.5,Bstd:20166.8,StrandBias:-0.1,Multiplicity:1.01
0.215	0.122	0.001	0.662
0.109	0.209	0.055	0.627
0.173	0.101	0.044	0.682
0.093	0.135	0.056	0.716
0.135	0.165	0.065	0.635
0.208	0.150	0.037	0.605
0.245	0.166	0.076	0.513
0.217	0.138	0.075	0.570
>ATCTKTTW	24-ATCTKTTW	6.251998	-0.000000	0	T:7451.0(34.57%),B:46493.5(53.50%),P:1e0	Tpos:98.9,Tstd:77.0,Bpos:15264.9,Bstd:20125.6,StrandBias:0.0,Multiplicity:1.12
0.997	0.001	0.001	0.001
0.001	0.001	0.001	0.997
0.001	0.997	0.001	0.001
0.288	0.001	0.001	0.710
0.102	0.146	0.332	0.420
0.242	0.234	0.073	0.450
0.218	0.175	0.145	0.463
0.395	0.096	0.001	0.508
>GATTTATC	25-GATTTATC	8.236954	-0.000000	0	T:182.0(0.84%),B:7050.8(8.11%),P:1e0	Tpos:94.9,Tstd:83.2,Bpos:16488.8,Bstd:20590.6,StrandBias:0.7,Multiplicity:1.00
0.100	0.100	0.700	0.100
0.700	0.100	0.100	0.100
0.100	0.100	0.100	0.700
0.100	0.100	0.100	0.700
0.100	0.100	0.100	0.700
0.700	0.100	0.100	0.100
0.100	0.100	0.100	0.700
0.100	0.700	0.100	0.100
