>CTTATCTG	1-CTTATCTG	4.600928	-1885.504342	0	T:15660.0(72.66%),B:43318.9(49.84%),P:1e-818	Tpos:100.8,Tstd:62.8,Bpos:15412.2,Bstd:20240.8,StrandBias:-0.0,Multiplicity:1.74
0.021	0.869	0.053	0.057
0.011	0.013	0.001	0.975
0.010	0.001	0.001	0.988
0.997	0.001	0.001	0.001
0.001	0.001	0.001	0.997
0.001	0.997	0.001	0.001
0.154	0.001	0.007	0.838
0.111	0.195	0.517	0.177
>TATCTBHT	2-TATCTBHT	6.150309	-478.729969	0	T:14348.0(66.58%),B:47880.6(55.09%),P:1e-207	Tpos:98.8,Tstd:71.5,Bpos:15693.4,Bstd:20364.2,StrandBias:-0.0,Multiplicity:1.40
0.001	0.001	0.001	0.997
0.997	0.001	0.001	0.001
0.001	0.001	0.001	0.997
0.001	0.997	0.001	0.001
0.001	0.001	0.001	0.997
0.077	0.260	0.296	0.366
0.240	0.265	0.128	0.367
0.120	0.257	0.211	0.411
>HWAATCTT	3-HWAATCTT	7.399402	-0.000000	0	T:3215.0(14.92%),B:38695.7(44.53%),P:1e0	Tpos:100.2,Tstd:77.8,Bpos:15523.6,Bstd:20221.0,StrandBias:-0.1,Multiplicity:1.05
0.284	0.340	0.156	0.220
0.355	0.001	0.148	0.496
0.549	0.304	0.146	0.001
0.997	0.001	0.001	0.001
0.001	0.001	0.001	0.997
0.001	0.997	0.001	0.001
0.001	0.001	0.001	0.997
0.001	0.001	0.084	0.914
>HTTTYTNW	4-HTTTYTNW	5.019500	-0.000000	0	T:5110.0(23.71%),B:45118.0(51.92%),P:1e0	Tpos:99.0,Tstd:82.5,Bpos:15356.1,Bstd:19904.8,StrandBias:0.0,Multiplicity:1.15
0.297	0.212	0.145	0.346
0.139	0.131	0.053	0.677
0.156	0.129	0.081	0.634
0.125	0.091	0.084	0.700
0.225	0.377	0.081	0.316
0.206	0.079	0.040	0.675
0.221	0.290	0.194	0.295
0.433	0.140	0.125	0.301
>TATCADAW	5-TATCADAW	6.379893	-0.000000	0	T:9039.0(41.94%),B:43466.6(50.01%),P:1e0	Tpos:99.4,Tstd:72.0,Bpos:15441.4,Bstd:20383.0,StrandBias:-0.1,Multiplicity:1.15
0.001	0.001	0.001	0.997
0.997	0.001	0.001	0.001
0.054	0.001	0.037	0.908
0.020	0.915	0.064	0.001
0.997	0.001	0.001	0.001
0.295	0.107	0.301	0.297
0.469	0.192	0.116	0.223
0.278	0.167	0.193	0.362
>TTTTTTTT	6-TTTTTTTT	3.783046	-0.000000	0	T:13608.0(63.14%),B:62085.1(71.44%),P:1e0	Tpos:96.0,Tstd:82.5,Bpos:15266.4,Bstd:20024.2,StrandBias:0.1,Multiplicity:1.10
0.275	0.130	0.088	0.507
0.174	0.152	0.126	0.548
0.194	0.153	0.141	0.512
0.172	0.162	0.105	0.561
0.151	0.175	0.113	0.561
0.194	0.128	0.098	0.580
0.263	0.159	0.102	0.476
0.235	0.133	0.100	0.532
>WNHWAATC	7-WNHWAATC	6.442123	-0.000000	0	T:3120.0(14.48%),B:34675.3(39.90%),P:1e0	Tpos:96.8,Tstd:74.9,Bpos:15607.2,Bstd:20269.3,StrandBias:0.0,Multiplicity:1.02
0.421	0.001	0.211	0.367
0.268	0.204	0.231	0.297
0.309	0.339	0.152	0.199
0.441	0.001	0.001	0.557
0.596	0.001	0.001	0.402
0.997	0.001	0.001	0.001
0.001	0.001	0.001	0.997
0.001	0.997	0.001	0.001
>WWATNAAA	8-WWATNAAA	4.282415	-0.000000	0	T:10326.0(47.91%),B:55459.5(63.81%),P:1e0	Tpos:97.6,Tstd:81.8,Bpos:15223.2,Bstd:20317.3,StrandBias:0.1,Multiplicity:1.13
0.417	0.110	0.033	0.440
0.363	0.167	0.124	0.345
0.535	0.174	0.057	0.234
0.339	0.062	0.074	0.525
0.215	0.237	0.232	0.315
0.708	0.143	0.007	0.142
0.482	0.112	0.209	0.197
0.556	0.053	0.112	0.279
>ATCTNNND	9-ATCTNNND	5.189837	-0.000000	0	T:9012.0(41.82%),B:49958.6(57.48%),P:1e0	Tpos:99.2,Tstd:79.8,Bpos:15716.9,Bstd:19901.1,StrandBias:-0.1,Multiplicity:1.07
0.997	0.001	0.001	0.001
0.064	0.001	0.001	0.934
0.001	0.889	0.001	0.109
0.343	0.001	0.001	0.655
0.289	0.239	0.195	0.277
0.310	0.193	0.223	0.274
0.315	0.216	0.236	0.232
0.332	0.182	0.212	0.274
>ATCAGAGA	10-ATCAGAGA	5.558451	-0.000000	0	T:7817.0(36.27%),B:48336.5(55.62%),P:1e0	Tpos:101.6,Tstd:82.9,Bpos:16061.3,Bstd:20145.7,StrandBias:-0.0,Multiplicity:1.12
0.752	0.088	0.045	0.115
0.137	0.012	0.001	0.850
0.144	0.697	0.045	0.114
0.800	0.020	0.015	0.165
0.231	0.127	0.530	0.112
0.820	0.035	0.043	0.102
0.113	0.075	0.745	0.067
0.805	0.049	0.067	0.079
>AAAAAAAA	11-AAAAAAAA	4.728830	-0.000000	0	T:11401.0(52.90%),B:58266.1(67.04%),P:1e0	Tpos:97.8,Tstd:84.1,Bpos:15530.0,Bstd:19946.3,StrandBias:-0.0,Multiplicity:1.11
0.726	0.019	0.038	0.217
0.475	0.099	0.199	0.228
0.667	0.035	0.166	0.132
0.624	0.108	0.152	0.116
0.626	0.097	0.136	0.141
0.614	0.108	0.113	0.165
0.590	0.114	0.149	0.147
0.572	0.025	0.124	0.279
>ATCATCAG	12-ATCATCAG	6.206967	-0.000000	0	T:870.0(4.04%),B:21579.3(24.83%),P:1e0	Tpos:93.8,Tstd:83.2,Bpos:14979.8,Bstd:19598.5,StrandBias:0.1,Multiplicity:1.01
0.743	0.076	0.074	0.107
0.131	0.074	0.085	0.710
0.195	0.548	0.094	0.163
0.756	0.087	0.024	0.133
0.188	0.081	0.121	0.610
0.162	0.580	0.122	0.136
0.583	0.103	0.063	0.251
0.217	0.148	0.472	0.164
>TCTKWWWN	13-TCTKWWWN	5.485181	-0.000000	0	T:8167.0(37.90%),B:51263.2(58.99%),P:1e0	Tpos:99.9,Tstd:78.6,Bpos:15587.3,Bstd:19895.8,StrandBias:0.0,Multiplicity:1.09
0.001	0.001	0.001	0.997
0.001	0.997	0.001	0.001
0.371	0.001	0.001	0.627
0.136	0.079	0.383	0.402
0.342	0.194	0.052	0.412
0.388	0.158	0.157	0.297
0.474	0.001	0.001	0.524
0.315	0.177	0.279	0.229
>NHHWMATC	14-NHHWMATC	5.697877	-0.000000	0	T:4277.0(19.85%),B:42355.7(48.74%),P:1e0	Tpos:95.9,Tstd:76.6,Bpos:15323.9,Bstd:19924.4,StrandBias:0.1,Multiplicity:1.05
0.258	0.230	0.195	0.318
0.311	0.240	0.151	0.297
0.400	0.262	0.036	0.302
0.426	0.001	0.138	0.434
0.416	0.338	0.010	0.237
0.997	0.001	0.001	0.001
0.001	0.001	0.001	0.997
0.001	0.997	0.001	0.001
>TTTTTTTT	15-TTTTTTTT	5.237829	-0.000000	0	T:7525.0(34.92%),B:50222.2(57.79%),P:1e0	Tpos:99.6,Tstd:84.9,Bpos:15363.2,Bstd:19753.1,StrandBias:-0.0,Multiplicity:1.08
0.209	0.124	0.023	0.644
0.118	0.067	0.054	0.761
0.139	0.071	0.043	0.747
0.111	0.113	0.060	0.716
0.139	0.131	0.114	0.616
0.274	0.164	0.075	0.487
0.277	0.133	0.132	0.458
0.279	0.134	0.156	0.431
>TWTAAAGA	16-TWTAAAGA	6.801196	-0.000000	0	T:4013.0(18.62%),B:41862.5(48.17%),P:1e0	Tpos:97.7,Tstd:80.4,Bpos:15621.7,Bstd:20155.7,StrandBias:-0.0,Multiplicity:1.07
0.001	0.159	0.001	0.839
0.553	0.001	0.001	0.445
0.385	0.001	0.001	0.613
0.844	0.001	0.051	0.104
0.602	0.396	0.001	0.001
0.997	0.001	0.001	0.001
0.001	0.001	0.997	0.001
0.997	0.001	0.001	0.001
>AAAAAAAA	17-AAAAAAAA	5.176071	-0.000000	0	T:7132.0(33.09%),B:49685.3(57.17%),P:1e0	Tpos:90.4,Tstd:70.2,Bpos:15003.8,Bstd:20291.7,StrandBias:0.3,Multiplicity:1.00
0.587	0.052	0.111	0.250
0.527	0.085	0.179	0.209
0.642	0.070	0.127	0.161
0.589	0.109	0.172	0.130
0.705	0.062	0.078	0.155
0.586	0.099	0.112	0.203
0.607	0.089	0.139	0.165
0.624	0.020	0.113	0.243
>AGATTTKN	18-AGATTTKN	1.756069	-0.000000	0	T:6855.0(31.81%),B:45770.8(52.67%),P:1e0	Tpos:96.9,Tstd:71.5,Bpos:15523.5,Bstd:20053.5,StrandBias:-0.0,Multiplicity:1.13
0.997	0.001	0.001	0.001
0.001	0.001	0.997	0.001
0.997	0.001	0.001	0.001
0.001	0.001	0.001	0.997
0.001	0.001	0.001	0.997
0.347	0.001	0.001	0.651
0.214	0.113	0.294	0.380
0.205	0.236	0.289	0.271
>MAAAHATC	19-MAAAHATC	6.493301	-0.000000	0	T:6125.0(28.42%),B:45964.3(52.89%),P:1e0	Tpos:97.8,Tstd:75.5,Bpos:16029.2,Bstd:20177.1,StrandBias:-0.0,Multiplicity:1.06
0.281	0.431	0.249	0.039
0.811	0.054	0.050	0.085
0.467	0.270	0.001	0.262
0.598	0.001	0.001	0.400
0.330	0.357	0.001	0.312
0.997	0.001	0.001	0.001
0.001	0.001	0.001	0.997
0.001	0.997	0.001	0.001
>AAAAAAAA	20-AAAAAAAA	6.047132	-0.000000	0	T:8054.0(37.37%),B:51775.9(59.58%),P:1e0	Tpos:99.2,Tstd:90.0,Bpos:15086.4,Bstd:19133.3,StrandBias:0.0,Multiplicity:1.17
0.774	0.001	0.164	0.061
0.686	0.022	0.166	0.126
0.944	0.001	0.017	0.038
0.786	0.001	0.112	0.101
0.741	0.001	0.025	0.233
0.753	0.001	0.001	0.245
0.492	0.120	0.315	0.073
0.654	0.025	0.037	0.284
>BNDMTATC	21-BNDMTATC	5.766323	-0.000000	0	T:8058.0(37.39%),B:46243.1(53.21%),P:1e0	Tpos:100.9,Tstd:72.1,Bpos:16120.8,Bstd:20549.7,StrandBias:-0.0,Multiplicity:1.18
0.141	0.267	0.287	0.305
0.241	0.266	0.244	0.249
0.235	0.165	0.332	0.268
0.369	0.459	0.028	0.144
0.001	0.001	0.031	0.967
0.997	0.001	0.001	0.001
0.001	0.001	0.001	0.997
0.031	0.967	0.001	0.001
>ATCTDNAN	22-ATCTDNAN	5.784577	-0.000000	0	T:6229.0(28.90%),B:45654.0(52.53%),P:1e0	Tpos:95.7,Tstd:77.0,Bpos:15721.0,Bstd:20012.3,StrandBias:0.0,Multiplicity:1.06
0.997	0.001	0.001	0.001
0.001	0.001	0.001	0.997
0.001	0.997	0.001	0.001
0.380	0.001	0.001	0.618
0.283	0.102	0.349	0.267
0.224	0.266	0.187	0.323
0.457	0.224	0.269	0.049
0.262	0.191	0.238	0.309
>TTTTTTTT	23-TTTTTTTT	5.639594	-0.000000	0	T:5415.0(25.13%),B:46109.4(53.06%),P:1e0	Tpos:105.9,Tstd:88.4,Bpos:16047.5,Bstd:20166.8,StrandBias:-0.1,Multiplicity:1.01
0.215	0.122	0.001	0.662
0.109	0.209	0.055	0.627
0.173	0.101	0.044	0.682
0.093	0.135	0.056	0.716
0.135	0.165	0.065	0.635
0.208	0.150	0.037	0.605
0.245	0.166	0.076	0.513
0.217	0.138	0.075	0.570
>ATCTKTTW	24-ATCTKTTW	6.251998	-0.000000	0	T:7451.0(34.57%),B:46493.5(53.50%),P:1e0	Tpos:98.9,Tstd:77.0,Bpos:15264.9,Bstd:20125.6,StrandBias:0.0,Multiplicity:1.12
0.997	0.001	0.001	0.001
0.001	0.001	0.001	0.997
0.001	0.997	0.001	0.001
0.288	0.001	0.001	0.710
0.102	0.146	0.332	0.420
0.242	0.234	0.073	0.450
0.218	0.175	0.145	0.463
0.395	0.096	0.001	0.508
>GATTTATC	25-GATTTATC	8.236954	-0.000000	0	T:182.0(0.84%),B:7050.8(8.11%),P:1e0	Tpos:94.9,Tstd:83.2,Bpos:16488.8,Bstd:20590.6,StrandBias:0.7,Multiplicity:1.00
0.100	0.100	0.700	0.100
0.700	0.100	0.100	0.100
0.100	0.100	0.100	0.700
0.100	0.100	0.100	0.700
0.100	0.100	0.100	0.700
0.700	0.100	0.100	0.100
0.100	0.100	0.100	0.700
0.100	0.700	0.100	0.100
