>NNYCTTATCTBY	1-NNYCTTATCTBY	5.607649	-2010.716335	0	T:16982.0(78.80%),B:48680.7(56.01%),P:1e-873	Tpos:101.2,Tstd:64.0,Bpos:15535.3,Bstd:20275.9,StrandBias:-0.0,Multiplicity:1.59
0.274	0.238	0.220	0.267
0.202	0.245	0.208	0.345
0.189	0.268	0.195	0.347
0.129	0.443	0.193	0.235
0.090	0.192	0.001	0.717
0.001	0.001	0.001	0.997
0.997	0.001	0.001	0.001
0.001	0.001	0.001	0.997
0.001	0.997	0.001	0.001
0.328	0.001	0.001	0.670
0.184	0.250	0.347	0.219
0.156	0.265	0.212	0.367
>TATCTTATCTND	2-TATCTTATCTND	5.877539	-9.791017	0	T:11093.0(51.47%),B:43454.2(50.00%),P:1e-4	Tpos:100.1,Tstd:65.4,Bpos:15510.8,Bstd:20351.9,StrandBias:-0.0,Multiplicity:1.44
0.001	0.001	0.001	0.997
0.997	0.001	0.001	0.001
0.001	0.001	0.001	0.997
0.001	0.997	0.001	0.001
0.001	0.001	0.001	0.997
0.207	0.200	0.217	0.375
0.553	0.274	0.021	0.152
0.232	0.098	0.166	0.504
0.310	0.518	0.001	0.171
0.209	0.171	0.213	0.406
0.301	0.219	0.279	0.201
0.282	0.142	0.263	0.313
>TATCTGTGBCTG	3-TATCTGTGBCTG	11.519439	-0.059781	0	T:39.0(0.18%),B:204.0(0.23%),P:1e0	Tpos:136.0,Tstd:41.0,Bpos:14951.9,Bstd:19862.8,StrandBias:0.0,Multiplicity:1.00
0.120	0.097	0.120	0.663
0.518	0.220	0.152	0.110
0.108	0.040	0.103	0.749
0.054	0.752	0.123	0.071
0.300	0.006	0.013	0.681
0.023	0.203	0.675	0.099
0.079	0.014	0.124	0.783
0.097	0.126	0.624	0.153
0.097	0.328	0.257	0.318
0.042	0.821	0.013	0.124
0.177	0.014	0.016	0.793
0.073	0.140	0.667	0.120
>NHNNBCTAATCW	4-NHNNBCTAATCW	8.981352	-0.001622	0	T:1.0(0.00%),B:29.0(0.03%),P:1e0	Tpos:163.0,Tstd:0.0,Bpos:15328.1,Bstd:19705.4,StrandBias:-10.0,Multiplicity:1.00
0.243	0.248	0.284	0.225
0.347	0.313	0.088	0.253
0.261	0.245	0.239	0.255
0.239	0.252	0.267	0.242
0.027	0.357	0.321	0.295
0.041	0.835	0.058	0.066
0.053	0.064	0.009	0.874
0.872	0.059	0.067	0.002
0.826	0.060	0.064	0.050
0.056	0.068	0.061	0.815
0.046	0.863	0.070	0.021
0.523	0.028	0.034	0.415
>MTATCADCTATC	5-MTATCADCTATC	11.371143	-0.000238	0	T:56.0(0.26%),B:360.6(0.41%),P:1e0	Tpos:84.0,Tstd:44.0,Bpos:19918.0,Bstd:24476.5,StrandBias:-1.0,Multiplicity:1.00
0.400	0.505	0.010	0.085
0.106	0.020	0.001	0.873
0.629	0.144	0.151	0.076
0.121	0.100	0.080	0.699
0.143	0.832	0.020	0.005
0.966	0.032	0.001	0.001
0.272	0.137	0.249	0.343
0.245	0.446	0.115	0.195
0.121	0.076	0.001	0.802
0.496	0.140	0.209	0.155
0.130	0.092	0.123	0.655
0.043	0.833	0.071	0.053
>TCTATCATCTAT	6-TCTATCATCTAT	15.740218	-0.000098	0	T:62.0(0.29%),B:401.6(0.46%),P:1e0	Tpos:90.8,Tstd:80.5,Bpos:12882.2,Bstd:19439.5,StrandBias:-0.7,Multiplicity:1.00
0.084	0.001	0.001	0.914
0.023	0.953	0.023	0.001
0.166	0.019	0.001	0.814
0.953	0.001	0.023	0.023
0.001	0.046	0.001	0.952
0.018	0.980	0.001	0.001
0.997	0.001	0.001	0.001
0.001	0.070	0.001	0.928
0.001	0.953	0.023	0.023
0.001	0.046	0.001	0.952
0.810	0.095	0.024	0.071
0.023	0.001	0.023	0.953
>AGATAARVARDD	7-AGATAARVARDD	10.627451	-0.000000	0	T:46.0(0.21%),B:410.9(0.47%),P:1e0	Tpos:92.2,Tstd:57.0,Bpos:14215.6,Bstd:20502.0,StrandBias:-0.1,Multiplicity:1.00
0.997	0.001	0.001	0.001
0.001	0.001	0.997	0.001
0.997	0.001	0.001	0.001
0.001	0.001	0.001	0.997
0.997	0.001	0.001	0.001
0.914	0.010	0.075	0.001
0.316	0.140	0.394	0.150
0.333	0.217	0.313	0.137
0.423	0.170	0.254	0.154
0.395	0.171	0.271	0.163
0.359	0.147	0.267	0.227
0.347	0.169	0.282	0.202
>TCTTTTCTGATA	8-TCTTTTCTGATA	12.355432	-0.000000	0	T:13.0(0.06%),B:215.1(0.25%),P:1e0	Tpos:113.0,Tstd:23.0,Bpos:12347.9,Bstd:18777.4,StrandBias:0.0,Multiplicity:1.00
0.100	0.100	0.100	0.700
0.100	0.700	0.100	0.100
0.100	0.100	0.100	0.700
0.100	0.100	0.100	0.700
0.100	0.100	0.100	0.700
0.100	0.100	0.100	0.700
0.100	0.700	0.100	0.100
0.100	0.100	0.100	0.700
0.100	0.100	0.700	0.100
0.700	0.100	0.100	0.100
0.100	0.100	0.100	0.700
0.700	0.100	0.100	0.100
>AAAAAAAAAAAA	9-AAAAAAAAAAAA	6.458343	-0.000000	0	T:5692.0(26.41%),B:47269.5(54.39%),P:1e0	Tpos:95.0,Tstd:83.3,Bpos:15422.2,Bstd:19624.4,StrandBias:0.1,Multiplicity:1.06
0.663	0.034	0.185	0.118
0.656	0.001	0.212	0.131
0.674	0.044	0.219	0.063
0.762	0.001	0.181	0.056
0.678	0.025	0.225	0.072
0.708	0.026	0.177	0.089
0.621	0.051	0.192	0.136
0.590	0.055	0.190	0.165
0.542	0.080	0.192	0.186
0.550	0.082	0.168	0.200
0.540	0.093	0.181	0.186
0.532	0.072	0.199	0.197
>GATADNNNNNNN	10-GATADNNNNNNN	6.772271	-0.000000	0	T:141.0(0.65%),B:10507.7(12.09%),P:1e0	Tpos:97.3,Tstd:73.0,Bpos:14901.0,Bstd:20542.0,StrandBias:0.0,Multiplicity:1.01
0.001	0.001	0.997	0.001
0.997	0.001	0.001	0.001
0.001	0.001	0.001	0.997
0.997	0.001	0.001	0.001
0.262	0.166	0.250	0.322
0.283	0.180	0.250	0.287
0.304	0.195	0.244	0.257
0.280	0.175	0.237	0.309
0.284	0.223	0.226	0.266
0.285	0.184	0.218	0.312
0.312	0.175	0.227	0.286
0.292	0.191	0.236	0.281
>AGATKANDNWDD	11-AGATKANDNWDD	7.286820	-0.000000	0	T:3277.0(15.21%),B:37072.0(42.66%),P:1e0	Tpos:96.7,Tstd:70.6,Bpos:15227.2,Bstd:20260.5,StrandBias:0.0,Multiplicity:1.04
0.997	0.001	0.001	0.001
0.001	0.001	0.997	0.001
0.997	0.001	0.001	0.001
0.001	0.001	0.001	0.997
0.001	0.083	0.400	0.516
0.512	0.001	0.142	0.345
0.279	0.164	0.282	0.275
0.345	0.155	0.216	0.284
0.320	0.171	0.199	0.310
0.343	0.187	0.152	0.318
0.351	0.130	0.204	0.314
0.296	0.165	0.209	0.330
>NNHAVCCACANN	12-NNHAVCCACANN	7.949660	-0.000000	0	T:105.0(0.49%),B:4644.0(5.34%),P:1e0	Tpos:102.6,Tstd:61.8,Bpos:17271.8,Bstd:19486.9,StrandBias:0.0,Multiplicity:1.00
0.268	0.246	0.237	0.249
0.268	0.281	0.199	0.252
0.361	0.315	0.025	0.299
0.638	0.039	0.269	0.054
0.325	0.370	0.282	0.023
0.064	0.805	0.056	0.075
0.062	0.873	0.013	0.052
0.837	0.064	0.028	0.071
0.073	0.778	0.084	0.065
0.851	0.048	0.038	0.063
0.263	0.189	0.297	0.251
0.289	0.260	0.203	0.248
>TTTTTTTTTTTT	13-TTTTTTTTTTTT	5.558905	-0.000000	0	T:8339.0(38.69%),B:52571.3(60.49%),P:1e0	Tpos:92.3,Tstd:83.2,Bpos:15257.3,Bstd:20218.3,StrandBias:-0.1,Multiplicity:1.07
0.266	0.184	0.085	0.465
0.261	0.051	0.133	0.555
0.237	0.170	0.127	0.466
0.239	0.155	0.100	0.506
0.215	0.154	0.100	0.531
0.203	0.149	0.081	0.567
0.169	0.160	0.075	0.596
0.137	0.150	0.070	0.643
0.121	0.165	0.060	0.654
0.103	0.161	0.048	0.688
0.169	0.164	0.039	0.628
0.158	0.114	0.041	0.687
>NNNWDDDNAGAT	14-NNNWDDDNAGAT	6.543462	-0.000000	0	T:7837.0(36.36%),B:46817.0(53.87%),P:1e0	Tpos:97.2,Tstd:78.0,Bpos:15308.0,Bstd:20066.8,StrandBias:0.0,Multiplicity:1.11
0.328	0.207	0.218	0.248
0.331	0.187	0.185	0.297
0.333	0.194	0.195	0.278
0.350	0.125	0.199	0.327
0.389	0.014	0.270	0.326
0.340	0.136	0.252	0.272
0.400	0.052	0.253	0.295
0.297	0.283	0.234	0.185
0.997	0.001	0.001	0.001
0.001	0.001	0.997	0.001
0.997	0.001	0.001	0.001
0.001	0.001	0.001	0.997
>AAAAAAAAAAAA	15-AAAAAAAAAAAA	5.744038	-0.000000	0	T:7712.0(35.78%),B:51400.4(59.14%),P:1e0	Tpos:100.7,Tstd:91.7,Bpos:15487.0,Bstd:19880.8,StrandBias:-0.0,Multiplicity:1.07
0.694	0.015	0.155	0.136
0.611	0.042	0.190	0.157
0.719	0.037	0.171	0.073
0.669	0.046	0.202	0.083
0.666	0.047	0.173	0.114
0.607	0.057	0.194	0.142
0.596	0.075	0.165	0.164
0.542	0.084	0.188	0.186
0.538	0.083	0.168	0.211
0.483	0.106	0.190	0.221
0.502	0.111	0.175	0.212
0.475	0.102	0.193	0.229
>TTTTTTTTTTTT	16-TTTTTTTTTTTT	6.990346	-0.000000	0	T:2118.0(9.83%),B:37475.2(43.12%),P:1e0	Tpos:18.0,Tstd:0.0,Bpos:15035.9,Bstd:18378.8,StrandBias:10.0,Multiplicity:1.00
0.232	0.226	0.080	0.462
0.198	0.140	0.082	0.580
0.208	0.183	0.081	0.528
0.200	0.145	0.059	0.596
0.182	0.180	0.063	0.575
0.175	0.160	0.058	0.607
0.162	0.179	0.071	0.588
0.158	0.164	0.070	0.608
0.161	0.179	0.076	0.584
0.179	0.166	0.074	0.581
0.216	0.174	0.070	0.540
0.249	0.176	0.082	0.493
>BYTAATCWNNNN	17-BYTAATCWNNNN	8.425881	-0.000000	0	T:668.0(3.10%),B:9719.8(11.18%),P:1e0	Tpos:107.3,Tstd:68.9,Bpos:15281.8,Bstd:20078.5,StrandBias:-0.1,Multiplicity:1.01
0.100	0.333	0.263	0.304
0.209	0.372	0.164	0.255
0.001	0.001	0.001	0.997
0.979	0.015	0.005	0.001
0.985	0.001	0.001	0.013
0.001	0.001	0.001	0.997
0.001	0.997	0.001	0.001
0.430	0.001	0.001	0.568
0.213	0.253	0.299	0.235
0.267	0.265	0.167	0.301
0.284	0.274	0.180	0.262
0.266	0.273	0.230	0.231
>NWWWWDDAVAGA	18-NWWWWDDAVAGA	6.351909	-0.000000	0	T:5996.0(27.82%),B:46456.9(53.46%),P:1e0	Tpos:97.1,Tstd:80.4,Bpos:15968.2,Bstd:19968.9,StrandBias:-0.0,Multiplicity:1.12
0.277	0.211	0.231	0.281
0.365	0.188	0.182	0.265
0.379	0.133	0.157	0.330
0.376	0.161	0.179	0.284
0.424	0.001	0.178	0.397
0.399	0.001	0.258	0.342
0.392	0.090	0.247	0.271
0.487	0.001	0.231	0.282
0.323	0.302	0.231	0.145
0.997	0.001	0.001	0.001
0.001	0.001	0.997	0.001
0.997	0.001	0.001	0.001
>TTTTTTTTTTTT	19-TTTTTTTTTTTT	7.306253	-0.000000	0	T:4072.0(18.89%),B:43550.5(50.11%),P:1e0	Tpos:104.2,Tstd:93.0,Bpos:15037.0,Bstd:18974.5,StrandBias:0.0,Multiplicity:1.09
0.078	0.175	0.027	0.720
0.056	0.033	0.001	0.910
0.070	0.068	0.018	0.844
0.049	0.064	0.001	0.886
0.021	0.167	0.001	0.811
0.041	0.054	0.001	0.904
0.022	0.241	0.012	0.725
0.001	0.059	0.001	0.939
0.001	0.265	0.016	0.718
0.001	0.128	0.001	0.870
0.121	0.315	0.022	0.542
0.184	0.142	0.001	0.673
>AAAAAAAAAAAA	20-AAAAAAAAAAAA	6.200152	-0.000000	0	T:4973.0(23.08%),B:45276.2(52.10%),P:1e0	Tpos:27.0,Tstd:0.0,Bpos:20593.6,Bstd:20553.0,StrandBias:-10.0,Multiplicity:1.00
0.669	0.018	0.092	0.221
0.564	0.074	0.156	0.206
0.690	0.049	0.102	0.159
0.597	0.077	0.167	0.159
0.611	0.076	0.134	0.179
0.549	0.096	0.160	0.195
0.545	0.098	0.135	0.222
0.516	0.110	0.146	0.228
0.504	0.107	0.142	0.247
0.483	0.144	0.142	0.231
0.593	0.127	0.001	0.279
0.487	0.063	0.170	0.279
>HHNHNNNWTATC	21-HHNHNNNWTATC	7.002104	-0.000000	0	T:85.0(0.39%),B:771.8(0.89%),P:1e0	Tpos:70.0,Tstd:25.6,Bpos:18097.1,Bstd:19764.3,StrandBias:-10.0,Multiplicity:1.00
0.298	0.245	0.153	0.305
0.289	0.213	0.173	0.326
0.284	0.273	0.161	0.282
0.360	0.246	0.001	0.393
0.301	0.204	0.189	0.305
0.270	0.240	0.181	0.309
0.267	0.311	0.176	0.246
0.357	0.239	0.001	0.404
0.264	0.171	0.001	0.564
0.910	0.088	0.001	0.001
0.001	0.001	0.001	0.997
0.001	0.997	0.001	0.001
>NNNNNNMTATCT	22-NNNNNNMTATCT	8.592052	-0.000000	0	T:6.0(0.03%),B:225.9(0.26%),P:1e0	Tpos:37.0,Tstd:0.0,Bpos:16289.0,Bstd:19146.9,StrandBias:10.0,Multiplicity:1.00
0.280	0.215	0.218	0.287
0.256	0.211	0.218	0.315
0.302	0.211	0.242	0.244
0.279	0.225	0.214	0.282
0.270	0.245	0.211	0.275
0.251	0.255	0.283	0.210
0.550	0.435	0.001	0.014
0.001	0.001	0.001	0.997
0.997	0.001	0.001	0.001
0.001	0.001	0.001	0.997
0.001	0.997	0.001	0.001
0.001	0.001	0.001	0.997
>TCTTTTCTAATC	23-TCTTTTCTAATC	13.169341	-0.000000	0	T:5.0(0.02%),B:151.4(0.17%),P:1e0	Tpos:76.0,Tstd:0.0,Bpos:19147.8,Bstd:20839.2,StrandBias:-10.0,Multiplicity:1.00
0.080	0.071	0.064	0.785
0.059	0.773	0.074	0.094
0.083	0.075	0.041	0.801
0.077	0.092	0.107	0.724
0.061	0.089	0.076	0.774
0.073	0.089	0.092	0.746
0.095	0.681	0.086	0.138
0.118	0.087	0.032	0.763
0.691	0.101	0.094	0.114
0.783	0.078	0.064	0.075
0.084	0.074	0.074	0.768
0.110	0.712	0.079	0.099
>ATCTDTWWWWTW	24-ATCTDTWWWWTW	9.202905	-0.000000	0	T:124.0(0.58%),B:10013.4(11.52%),P:1e0	Tpos:101.5,Tstd:95.4,Bpos:14711.1,Bstd:19389.1,StrandBias:-0.5,Multiplicity:1.02
0.997	0.001	0.001	0.001
0.001	0.001	0.001	0.997
0.001	0.997	0.001	0.001
0.001	0.001	0.001	0.997
0.234	0.126	0.317	0.323
0.314	0.195	0.001	0.489
0.333	0.142	0.088	0.437
0.365	0.183	0.020	0.432
0.310	0.123	0.114	0.452
0.261	0.205	0.139	0.395
0.345	0.095	0.057	0.503
0.299	0.171	0.155	0.375
>NNVNRRTATCTG	25-NNVNRRTATCTG	9.547857	-0.000000	0	T:4.0(0.02%),B:137.1(0.16%),P:1e0	Tpos:66.0,Tstd:0.0,Bpos:16033.2,Bstd:20199.2,StrandBias:-10.0,Multiplicity:1.00
0.318	0.196	0.274	0.213
0.324	0.181	0.273	0.222
0.284	0.260	0.322	0.134
0.252	0.202	0.225	0.321
0.296	0.157	0.383	0.165
0.420	0.001	0.442	0.137
0.001	0.001	0.001	0.997
0.997	0.001	0.001	0.001
0.001	0.001	0.001	0.997
0.001	0.997	0.001	0.001
0.001	0.001	0.001	0.997
0.144	0.238	0.495	0.123
