>NNNSTTATCT	1-NNNSTTATCT	6.099508	-1851.450104	0	T:15650.0(72.62%),B:43462.5(50.01%),P:1e-804	Tpos:100.7,Tstd:62.7,Bpos:15354.4,Bstd:20252.8,StrandBias:-0.0,Multiplicity:1.75
0.187	0.257	0.281	0.275
0.200	0.266	0.260	0.274
0.170	0.273	0.313	0.244
0.158	0.382	0.262	0.198
0.042	0.161	0.001	0.796
0.046	0.087	0.025	0.842
0.947	0.030	0.008	0.015
0.036	0.018	0.015	0.931
0.001	0.992	0.006	0.001
0.369	0.039	0.062	0.530
>TATCANRKNN	2-TATCANRKNN	1.270762	-1059.843332	0	T:16930.0(78.56%),B:54276.1(62.45%),P:1e-460	Tpos:101.3,Tstd:73.5,Bpos:15547.8,Bstd:20299.1,StrandBias:-0.0,Multiplicity:1.14
0.001	0.001	0.001	0.997
0.997	0.001	0.001	0.001
0.001	0.001	0.001	0.997
0.001	0.997	0.001	0.001
0.575	0.001	0.001	0.423
0.249	0.249	0.219	0.283
0.418	0.266	0.300	0.016
0.001	0.250	0.347	0.402
0.232	0.293	0.274	0.201
0.319	0.183	0.203	0.295
>TATCANKNDN	3-TATCANKNDN	5.840286	-121.523062	0	T:13147.0(61.00%),B:47997.5(55.23%),P:1e-52	Tpos:100.8,Tstd:71.8,Bpos:15910.0,Bstd:20540.9,StrandBias:-0.0,Multiplicity:1.18
0.022	0.015	0.008	0.955
0.895	0.037	0.028	0.040
0.017	0.011	0.011	0.961
0.022	0.895	0.015	0.068
0.582	0.041	0.001	0.376
0.244	0.237	0.282	0.237
0.180	0.210	0.241	0.369
0.301	0.257	0.228	0.214
0.244	0.180	0.241	0.335
0.227	0.309	0.258	0.206
>TATCTNHNHN	4-TATCTNHNHN	6.642253	-68.120280	0	T:11992.0(55.64%),B:44601.5(51.32%),P:1e-29	Tpos:99.1,Tstd:71.8,Bpos:15616.5,Bstd:20375.6,StrandBias:-0.1,Multiplicity:1.27
0.001	0.001	0.001	0.997
0.997	0.001	0.001	0.001
0.001	0.001	0.001	0.997
0.001	0.997	0.001	0.001
0.211	0.001	0.001	0.787
0.174	0.245	0.305	0.276
0.274	0.254	0.132	0.340
0.266	0.244	0.193	0.297
0.307	0.265	0.152	0.276
0.263	0.231	0.179	0.327
>TCTGWTTWWD	5-TCTGWTTWWD	7.305064	-0.000000	0	T:166.0(0.77%),B:9766.9(11.24%),P:1e0	Tpos:76.8,Tstd:55.8,Bpos:15809.8,Bstd:20224.9,StrandBias:-0.2,Multiplicity:1.00
0.080	0.004	0.012	0.904
0.067	0.864	0.013	0.056
0.354	0.001	0.001	0.644
0.146	0.115	0.466	0.274
0.475	0.138	0.036	0.350
0.266	0.070	0.088	0.576
0.317	0.062	0.125	0.496
0.409	0.104	0.074	0.413
0.383	0.085	0.118	0.414
0.282	0.179	0.203	0.336
>TTTTTTTTTT	6-TTTTTTTTTT	6.662556	-0.000000	0	T:4098.0(19.02%),B:43411.6(49.95%),P:1e0	Tpos:102.0,Tstd:86.2,Bpos:15796.6,Bstd:19863.9,StrandBias:-0.2,Multiplicity:1.00
0.051	0.213	0.001	0.735
0.059	0.198	0.002	0.741
0.065	0.235	0.001	0.699
0.074	0.235	0.019	0.672
0.071	0.239	0.020	0.670
0.070	0.245	0.019	0.666
0.077	0.201	0.058	0.664
0.134	0.207	0.061	0.598
0.186	0.154	0.038	0.622
0.168	0.180	0.039	0.613
>AGATTWDNWD	7-AGATTWDNWD	6.374253	-0.000000	0	T:5344.0(24.80%),B:43615.7(50.19%),P:1e0	Tpos:99.0,Tstd:74.1,Bpos:15399.8,Bstd:20201.9,StrandBias:0.0,Multiplicity:1.08
0.793	0.001	0.005	0.201
0.005	0.025	0.966	0.004
0.976	0.005	0.003	0.016
0.006	0.015	0.025	0.954
0.020	0.117	0.338	0.525
0.409	0.152	0.163	0.276
0.296	0.052	0.263	0.389
0.277	0.190	0.255	0.279
0.392	0.149	0.214	0.245
0.367	0.093	0.231	0.309
>TTTKAAAWWT	8-TTTKAAAWWT	3.330807	-0.000000	0	T:6674.0(30.97%),B:48003.4(55.24%),P:1e0	Tpos:97.0,Tstd:80.1,Bpos:15217.5,Bstd:20240.7,StrandBias:-0.0,Multiplicity:1.09
0.063	0.001	0.001	0.935
0.001	0.001	0.001	0.997
0.001	0.001	0.001	0.997
0.206	0.142	0.255	0.397
0.751	0.247	0.001	0.001
0.997	0.001	0.001	0.001
0.985	0.001	0.001	0.013
0.488	0.001	0.001	0.510
0.570	0.001	0.001	0.428
0.347	0.001	0.001	0.651
>TTTTTTTTTT	9-TTTTTTTTTT	6.297199	-0.000000	0	T:6412.0(29.75%),B:49457.9(56.91%),P:1e0	Tpos:100.4,Tstd:84.5,Bpos:15599.6,Bstd:19942.0,StrandBias:0.0,Multiplicity:1.09
0.102	0.241	0.013	0.644
0.079	0.239	0.075	0.607
0.134	0.214	0.020	0.632
0.078	0.212	0.029	0.681
0.071	0.216	0.001	0.712
0.033	0.193	0.023	0.751
0.003	0.235	0.018	0.744
0.061	0.232	0.018	0.689
0.151	0.227	0.058	0.564
0.176	0.193	0.008	0.623
>TCTKWTWWWN	10-TCTKWTWWWN	6.375475	-0.000000	0	T:2315.0(10.74%),B:36303.6(41.77%),P:1e0	Tpos:97.0,Tstd:80.3,Bpos:15380.1,Bstd:19623.1,StrandBias:0.0,Multiplicity:1.03
0.018	0.001	0.001	0.980
0.022	0.926	0.003	0.049
0.373	0.001	0.001	0.625
0.164	0.136	0.400	0.300
0.444	0.150	0.032	0.374
0.239	0.144	0.112	0.505
0.324	0.110	0.098	0.468
0.396	0.122	0.067	0.414
0.386	0.101	0.128	0.384
0.307	0.187	0.221	0.285
>AGATKWWNWW	11-AGATKWWNWW	7.263359	-0.000000	0	T:373.0(1.73%),B:16791.0(19.32%),P:1e0	Tpos:98.8,Tstd:72.0,Bpos:14555.7,Bstd:20074.0,StrandBias:-0.3,Multiplicity:1.02
0.769	0.001	0.003	0.227
0.001	0.006	0.992	0.001
0.993	0.004	0.002	0.001
0.004	0.002	0.007	0.987
0.003	0.150	0.429	0.418
0.311	0.166	0.185	0.338
0.275	0.169	0.191	0.364
0.316	0.197	0.176	0.311
0.347	0.156	0.187	0.310
0.399	0.144	0.173	0.284
>WGATATCWNN	12-WGATATCWNN	7.248448	-0.000000	0	T:1336.0(6.20%),B:22742.6(26.17%),P:1e0	Tpos:103.3,Tstd:71.6,Bpos:16119.0,Bstd:20759.0,StrandBias:-0.2,Multiplicity:1.02
0.523	0.001	0.001	0.475
0.145	0.134	0.642	0.079
0.911	0.087	0.001	0.001
0.001	0.001	0.001	0.997
0.997	0.001	0.001	0.001
0.001	0.001	0.159	0.839
0.099	0.575	0.164	0.162
0.499	0.001	0.001	0.499
0.249	0.217	0.272	0.262
0.212	0.284	0.254	0.250
>WWWWWTTTTT	13-WWWWWTTTTT	4.734524	-0.000000	0	T:11416.0(52.97%),B:58574.1(67.40%),P:1e0	Tpos:94.8,Tstd:78.2,Bpos:15277.9,Bstd:20272.6,StrandBias:-0.0,Multiplicity:1.07
0.304	0.183	0.128	0.384
0.269	0.191	0.161	0.380
0.275	0.166	0.184	0.376
0.260	0.188	0.187	0.366
0.265	0.198	0.166	0.371
0.239	0.181	0.126	0.453
0.197	0.156	0.092	0.555
0.001	0.001	0.001	0.997
0.044	0.149	0.002	0.805
0.209	0.130	0.051	0.610
>AAAAAAAAAA	14-AAAAAAAAAA	4.451576	-0.000000	0	T:13655.0(63.36%),B:63121.8(72.63%),P:1e0	Tpos:95.3,Tstd:81.5,Bpos:15344.5,Bstd:20154.2,StrandBias:-0.0,Multiplicity:1.18
0.607	0.087	0.091	0.215
0.555	0.066	0.140	0.239
0.577	0.063	0.166	0.194
0.530	0.090	0.168	0.212
0.514	0.103	0.168	0.215
0.541	0.087	0.161	0.211
0.563	0.099	0.170	0.168
0.700	0.075	0.036	0.189
0.597	0.077	0.201	0.125
0.614	0.027	0.158	0.201
>TTTTTTTTTT	15-TTTTTTTTTT	6.631264	-0.000000	0	T:4305.0(19.98%),B:44162.4(50.82%),P:1e0	Tpos:102.9,Tstd:91.6,Bpos:15431.4,Bstd:19081.8,StrandBias:-0.0,Multiplicity:1.12
0.041	0.268	0.001	0.690
0.001	0.174	0.001	0.824
0.001	0.093	0.001	0.905
0.001	0.115	0.001	0.883
0.001	0.142	0.001	0.856
0.001	0.111	0.001	0.887
0.054	0.122	0.001	0.823
0.055	0.001	0.001	0.943
0.061	0.001	0.001	0.937
0.025	0.281	0.019	0.675
>AAAAWAAADW	16-AAAAWAAADW	4.623233	-0.000000	0	T:9297.0(43.14%),B:54578.0(62.80%),P:1e0	Tpos:95.9,Tstd:81.3,Bpos:15330.8,Bstd:20547.1,StrandBias:0.1,Multiplicity:1.01
0.426	0.167	0.160	0.247
0.997	0.001	0.001	0.001
0.471	0.113	0.209	0.208
0.427	0.138	0.190	0.245
0.383	0.163	0.202	0.252
0.411	0.150	0.190	0.249
0.384	0.220	0.198	0.197
0.620	0.001	0.001	0.378
0.376	0.127	0.238	0.258
0.429	0.001	0.197	0.373
>CAGATTWDAW	17-CAGATTWDAW	7.856425	-0.000000	0	T:460.0(2.13%),B:10769.3(12.39%),P:1e0	Tpos:103.0,Tstd:80.9,Bpos:15837.7,Bstd:20446.0,StrandBias:0.1,Multiplicity:1.01
0.309	0.528	0.057	0.106
0.649	0.001	0.001	0.349
0.023	0.063	0.913	0.001
0.951	0.021	0.001	0.027
0.028	0.001	0.032	0.939
0.001	0.266	0.275	0.458
0.554	0.001	0.001	0.444
0.261	0.137	0.367	0.236
0.423	0.191	0.129	0.258
0.348	0.042	0.167	0.443
>AAAAAAAAAA	18-AAAAAAAAAA	5.032823	-0.000000	0	T:11431.0(53.04%),B:59012.2(67.90%),P:1e0	Tpos:98.4,Tstd:83.6,Bpos:15354.3,Bstd:19796.1,StrandBias:-0.0,Multiplicity:1.15
0.755	0.013	0.134	0.098
0.655	0.020	0.171	0.154
0.738	0.013	0.174	0.075
0.725	0.022	0.184	0.069
0.646	0.062	0.173	0.119
0.585	0.079	0.185	0.151
0.518	0.111	0.193	0.178
0.474	0.114	0.170	0.241
0.450	0.113	0.221	0.216
0.493	0.071	0.204	0.232
>TTTTTTTTTT	19-TTTTTTTTTT	5.418308	-0.000000	0	T:9030.0(41.90%),B:54474.4(62.68%),P:1e0	Tpos:98.2,Tstd:83.1,Bpos:15579.6,Bstd:19904.6,StrandBias:-0.0,Multiplicity:1.08
0.094	0.207	0.001	0.698
0.072	0.231	0.035	0.662
0.082	0.198	0.001	0.719
0.055	0.204	0.017	0.724
0.070	0.218	0.019	0.693
0.093	0.206	0.044	0.657
0.133	0.220	0.073	0.574
0.170	0.217	0.085	0.528
0.250	0.226	0.116	0.408
0.228	0.182	0.133	0.456
>WWTKNTTTTW	20-WWTKNTTTTW	5.093023	-0.000000	0	T:6754.0(31.34%),B:48706.5(56.04%),P:1e0	Tpos:91.2,Tstd:66.8,Bpos:15712.1,Bstd:20471.7,StrandBias:0.5,Multiplicity:1.00
0.333	0.145	0.164	0.358
0.269	0.183	0.169	0.380
0.310	0.001	0.202	0.486
0.225	0.114	0.275	0.386
0.264	0.205	0.192	0.339
0.254	0.171	0.130	0.445
0.157	0.118	0.138	0.587
0.021	0.001	0.020	0.958
0.143	0.138	0.060	0.659
0.324	0.132	0.088	0.456
>ATCWNNNNHN	21-ATCWNNNNHN	5.313383	-0.000000	0	T:8535.0(39.60%),B:49258.2(56.68%),P:1e0	Tpos:97.5,Tstd:82.7,Bpos:15439.6,Bstd:20047.6,StrandBias:-0.0,Multiplicity:1.07
0.971	0.011	0.010	0.008
0.027	0.004	0.020	0.949
0.082	0.874	0.025	0.019
0.472	0.008	0.001	0.519
0.236	0.182	0.325	0.257
0.323	0.225	0.178	0.275
0.261	0.203	0.194	0.342
0.305	0.182	0.193	0.320
0.337	0.194	0.172	0.298
0.299	0.200	0.211	0.289
>AAAGATTAWN	22-AAAGATTAWN	9.627028	-0.000000	0	T:199.0(0.92%),B:8503.1(9.78%),P:1e0	Tpos:91.4,Tstd:62.7,Bpos:14877.4,Bstd:20077.0,StrandBias:-0.1,Multiplicity:1.01
0.966	0.001	0.001	0.032
0.567	0.371	0.001	0.061
0.997	0.001	0.001	0.001
0.001	0.001	0.997	0.001
0.997	0.001	0.001	0.001
0.001	0.001	0.001	0.997
0.001	0.160	0.289	0.550
0.572	0.042	0.037	0.349
0.284	0.017	0.269	0.430
0.302	0.287	0.198	0.213
>ATCTNHHHHD	23-ATCTNHHHHD	5.703084	-0.000000	0	T:7438.0(34.51%),B:46256.2(53.22%),P:1e0	Tpos:96.9,Tstd:75.8,Bpos:15376.9,Bstd:20269.1,StrandBias:0.0,Multiplicity:1.11
0.997	0.001	0.001	0.001
0.001	0.001	0.001	0.997
0.001	0.997	0.001	0.001
0.420	0.001	0.001	0.578
0.225	0.227	0.280	0.268
0.299	0.247	0.131	0.324
0.243	0.234	0.166	0.356
0.288	0.212	0.162	0.337
0.257	0.211	0.191	0.342
0.294	0.175	0.204	0.327
>HWRWTTTTTT	24-HWRWTTTTTT	6.164514	-0.000000	0	T:1586.0(7.36%),B:35301.3(40.62%),P:1e0	Tpos:113.8,Tstd:107.8,Bpos:14749.7,Bstd:20086.1,StrandBias:-0.1,Multiplicity:1.00
0.350	0.233	0.132	0.286
0.516	0.005	0.084	0.395
0.294	0.165	0.347	0.194
0.430	0.160	0.118	0.292
0.244	0.001	0.117	0.638
0.087	0.156	0.276	0.481
0.193	0.161	0.071	0.575
0.114	0.039	0.056	0.791
0.164	0.121	0.116	0.599
0.331	0.090	0.052	0.527
>TCTAATCTAT	25-TCTAATCTAT	9.063297	-0.000000	0	T:483.0(2.24%),B:10508.2(12.09%),P:1e0	Tpos:96.4,Tstd:66.0,Bpos:15027.2,Bstd:20285.6,StrandBias:-0.0,Multiplicity:1.00
0.063	0.086	0.068	0.783
0.071	0.754	0.082	0.093
0.109	0.059	0.014	0.818
0.804	0.089	0.071	0.036
0.899	0.021	0.014	0.066
0.017	0.011	0.007	0.965
0.067	0.793	0.018	0.122
0.061	0.016	0.008	0.915
0.507	0.163	0.135	0.195
0.107	0.085	0.043	0.765
