>ATCTANTCTGAT	8-ATCTANTCTGAT,BestGuess:GATA1/MA0035.4/Jaspar(0.703)	10.247792	-0.000000	0	T:6.0(0.03%),B:130.5(0.15%),P:1e0
0.625	0.125	0.115	0.135
0.114	0.114	0.118	0.654
0.136	0.601	0.130	0.133
0.157	0.112	0.069	0.662
0.561	0.137	0.133	0.169
0.250	0.241	0.232	0.278
0.150	0.123	0.119	0.608
0.132	0.617	0.130	0.121
0.171	0.005	0.007	0.817
0.120	0.116	0.616	0.148
0.623	0.124	0.114	0.139
0.126	0.123	0.124	0.627
