>NCTCTGTGGTTN	19-NCTCTGTGGTTN,BestGuess:RUNX1/MA0002.2/Jaspar(0.872)	9.804539	-0.000000	0	T:3.0(0.02%),B:152.7(0.19%),P:1e0
0.227	0.220	0.215	0.338
0.143	0.576	0.126	0.155
0.133	0.132	0.070	0.665
0.102	0.601	0.157	0.140
0.134	0.063	0.059	0.744
0.089	0.137	0.638	0.136
0.122	0.075	0.108	0.695
0.129	0.081	0.631	0.159
0.136	0.158	0.535	0.171
0.117	0.140	0.115	0.628
0.124	0.115	0.123	0.638
0.243	0.215	0.231	0.311
