>WTGWYDWYWRAW	2-WTGWYDWYWRAW,BestGuess:PB0093.1_Zfp105_1/Jaspar(0.705)	4.206184	-1763.399533	0	T:19704.0(92.88%),B:39949.9(75.09%),P:1e-765
0.337	0.095	0.159	0.408
0.150	0.004	0.001	0.845
0.280	0.076	0.443	0.201
0.433	0.001	0.001	0.565
0.104	0.293	0.167	0.435
0.303	0.036	0.328	0.333
0.324	0.131	0.191	0.354
0.123	0.277	0.185	0.415
0.321	0.224	0.067	0.388
0.501	0.070	0.377	0.052
0.635	0.001	0.001	0.363
0.372	0.176	0.083	0.369
