>ATCTATCTATCT	16-ATCTATCTATCT,BestGuess:HNRNPAB(RRM)/Tetraodon_nigroviridis-RNCMPT00245-PBM/HughesRNA(0.722)	6.359377	-0.000000	0	T:2076.0(9.63%),B:31033.9(37.15%),P:1e0
0.752	0.079	0.111	0.058
0.068	0.023	0.069	0.840
0.095	0.836	0.068	0.001
0.006	0.040	0.025	0.929
0.703	0.115	0.132	0.050
0.028	0.062	0.126	0.784
0.040	0.875	0.027	0.058
0.096	0.008	0.001	0.895
0.819	0.079	0.048	0.054
0.029	0.066	0.004	0.901
0.028	0.873	0.059	0.040
0.172	0.036	0.014	0.778
