>GATATCATATCA	5-GATATCATATCA,BestGuess:PB0105.1_Arid3a_2/Jaspar(0.684)	13.176321	-0.000244	0	T:2.0(0.01%),B:45.1(0.05%),P:1e0
0.075	0.088	0.769	0.068
0.754	0.080	0.097	0.069
0.103	0.074	0.085	0.738
0.756	0.088	0.074	0.082
0.083	0.085	0.128	0.704
0.095	0.689	0.143	0.073
0.754	0.090	0.070	0.086
0.077	0.075	0.079	0.769
0.751	0.103	0.066	0.080
0.079	0.086	0.054	0.781
0.093	0.748	0.064	0.095
0.788	0.099	0.034	0.079
