>MTATCADCTATC	5-MTATCADCTATC,BestGuess:FZF1/MA0298.1/Jaspar(0.751)	11.371143	-0.000238	0	T:56.0(0.26%),B:360.6(0.41%),P:1e0
0.400	0.505	0.010	0.085
0.106	0.020	0.001	0.873
0.629	0.144	0.151	0.076
0.121	0.100	0.080	0.699
0.143	0.832	0.020	0.005
0.966	0.032	0.001	0.001
0.272	0.137	0.249	0.343
0.245	0.446	0.115	0.195
0.121	0.076	0.001	0.802
0.496	0.140	0.209	0.155
0.130	0.092	0.123	0.655
0.043	0.833	0.071	0.053
