>NAGAGATHAGAT	2-NAGAGATHAGAT	9.789305	-0.122579	0	T:56.0(0.26%),B:256.8(0.31%),P:1e0
0.192	0.308	0.316	0.183
0.647	0.004	0.036	0.313
0.148	0.212	0.461	0.179
0.755	0.001	0.075	0.169
0.143	0.071	0.526	0.260
0.892	0.001	0.106	0.001
0.197	0.065	0.224	0.514
0.245	0.226	0.173	0.356
0.687	0.001	0.018	0.294
0.073	0.065	0.790	0.072
0.780	0.135	0.058	0.027
0.140	0.103	0.144	0.613
