>DDNWGATTAGVN	6-DDNWGATTAGVN	8.919157	-0.000225	0	T:5.0(0.02%),B:70.0(0.08%),P:1e0
0.313	0.154	0.286	0.247
0.334	0.051	0.296	0.318
0.195	0.330	0.265	0.211
0.545	0.019	0.033	0.403
0.044	0.059	0.861	0.036
0.824	0.062	0.063	0.051
0.048	0.052	0.059	0.841
0.028	0.064	0.075	0.833
0.800	0.031	0.090	0.079
0.282	0.115	0.547	0.056
0.356	0.249	0.295	0.100
0.253	0.237	0.204	0.306
