>KCTAATCTCTCT	4-KCTAATCTCTCT	8.956386	-0.004082	0	T:13.0(0.06%),B:100.7(0.12%),P:1e0
0.176	0.206	0.250	0.369
0.190	0.456	0.170	0.184
0.243	0.195	0.041	0.521
0.415	0.238	0.146	0.201
0.561	0.158	0.095	0.186
0.074	0.009	0.110	0.807
0.215	0.627	0.107	0.051
0.170	0.045	0.001	0.784
0.208	0.431	0.208	0.152
0.188	0.207	0.014	0.591
0.180	0.476	0.169	0.175
0.260	0.222	0.047	0.471
