>AGATAGATAGAT	16-ATCTATCTATCT	6.359377	-0.000000	0	T:2076.0(9.63%),B:31033.9(37.15%),P:1e0
0.778	0.014	0.036	0.172
0.040	0.059	0.873	0.028
0.901	0.004	0.066	0.029
0.054	0.048	0.079	0.819
0.895	0.001	0.008	0.096
0.058	0.027	0.875	0.040
0.784	0.126	0.062	0.028
0.050	0.132	0.115	0.703
0.929	0.025	0.040	0.006
0.001	0.068	0.836	0.095
0.840	0.069	0.023	0.068
0.058	0.111	0.079	0.752
