>NCTATCTATCTN	13-NCTATCTATCTN	9.498313	-0.000000	0	T:101.0(0.47%),B:1416.6(1.70%),P:1e0
0.208	0.224	0.280	0.289
0.166	0.590	0.118	0.126
0.129	0.134	0.095	0.642
0.628	0.156	0.111	0.105
0.112	0.100	0.145	0.643
0.116	0.703	0.088	0.093
0.109	0.094	0.079	0.718
0.588	0.168	0.137	0.107
0.115	0.116	0.125	0.644
0.117	0.662	0.109	0.112
0.141	0.116	0.094	0.649
0.244	0.289	0.249	0.219
