>NAGATAGATAGA	20-NAGATAGATAGA	8.857868	-0.000000	0	T:157.0(0.73%),B:2999.3(3.59%),P:1e0
0.294	0.259	0.277	0.170
0.542	0.001	0.099	0.358
0.181	0.133	0.615	0.071
0.706	0.072	0.110	0.112
0.136	0.208	0.250	0.406
0.844	0.001	0.020	0.135
0.056	0.063	0.771	0.110
0.773	0.090	0.036	0.101
0.139	0.123	0.240	0.498
0.752	0.001	0.112	0.135
0.099	0.088	0.564	0.249
0.436	0.228	0.146	0.190
