>TCTATCTVTCTN	13-TCTATCTVTCTN,BestGuess:BPC6(BBRBPC)/col-BPC6-DAP-Seq(GSE60143)/Homer(0.828)	7.177734	-0.000000	0	T:1240.0(6.61%),B:20228.8(23.41%),P:1e0
0.191	0.203	0.182	0.424
0.254	0.419	0.073	0.254
0.161	0.170	0.038	0.631
0.406	0.246	0.174	0.174
0.105	0.121	0.138	0.636
0.197	0.618	0.088	0.097
0.075	0.061	0.004	0.860
0.360	0.293	0.228	0.119
0.083	0.099	0.066	0.752
0.115	0.600	0.109	0.176
0.193	0.096	0.018	0.693
0.264	0.298	0.225	0.213
