>GAGAGAGAGAGA	18-GAGAGAGAGAGA	12.328326	-0.002194	0	T:116.0(0.55%),B:381.8(0.73%),P:1e0
0.143	0.093	0.620	0.144
0.809	0.004	0.021	0.166
0.221	0.049	0.672	0.058
0.865	0.001	0.001	0.133
0.113	0.004	0.878	0.005
0.952	0.002	0.001	0.045
0.160	0.001	0.792	0.047
0.737	0.042	0.038	0.183
0.224	0.051	0.660	0.065
0.835	0.001	0.147	0.017
0.268	0.145	0.537	0.050
0.598	0.005	0.320	0.077
