>AGTCAAAGTCAA	5-AGTCAAAGTCAA	14.377922	-1.399001	0	T:6.0(0.03%),B:9.6(0.02%),P:1e0
0.773	0.038	0.059	0.130
0.157	0.061	0.693	0.089
0.127	0.124	0.001	0.748
0.206	0.675	0.083	0.036
0.901	0.035	0.063	0.001
0.942	0.001	0.056	0.001
0.890	0.050	0.001	0.059
0.001	0.001	0.889	0.109
0.114	0.050	0.001	0.835
0.043	0.955	0.001	0.001
0.920	0.029	0.001	0.050
0.785	0.021	0.043	0.151
