>GAGAGAGAGAGA	19-GAGAGAGAGAGA	13.324633	-0.001136	0	T:104.0(0.49%),B:354.1(0.68%),P:1e0
0.250	0.059	0.525	0.166
0.644	0.042	0.142	0.172
0.106	0.024	0.708	0.162
0.896	0.005	0.006	0.093
0.098	0.002	0.893	0.007
0.922	0.001	0.001	0.076
0.105	0.001	0.887	0.007
0.843	0.001	0.030	0.126
0.123	0.007	0.834	0.036
0.783	0.003	0.051	0.163
0.241	0.060	0.601	0.098
0.704	0.005	0.193	0.098
