>AGAGAGAGAGAG	14-AGAGAGAGAGAG	13.055866	-0.007425	0	T:106.0(0.50%),B:338.5(0.65%),P:1e0
0.725	0.066	0.098	0.111
0.134	0.074	0.697	0.095
0.789	0.042	0.069	0.100
0.129	0.067	0.724	0.080
0.816	0.020	0.069	0.095
0.131	0.079	0.715	0.075
0.824	0.015	0.065	0.096
0.131	0.069	0.718	0.082
0.781	0.036	0.071	0.112
0.135	0.076	0.696	0.093
0.765	0.049	0.089	0.097
0.123	0.090	0.673	0.114
