>AGAGAGAGARRD	16-AGAGAGAGARRD	10.807923	-0.006313	0	T:163.0(0.77%),B:498.0(0.95%),P:1e0
0.727	0.013	0.018	0.242
0.255	0.021	0.567	0.157
0.956	0.005	0.023	0.016
0.311	0.015	0.650	0.024
0.978	0.008	0.002	0.012
0.297	0.007	0.686	0.010
0.802	0.013	0.009	0.176
0.324	0.008	0.650	0.018
0.780	0.004	0.200	0.016
0.355	0.024	0.405	0.217
0.410	0.017	0.373	0.200
0.279	0.165	0.318	0.238
