>YHTCTCTCTCTC	21-YHTCTCTCTCTC	12.145143	-0.000375	0	T:122.0(0.58%),B:418.9(0.80%),P:1e0
0.227	0.335	0.053	0.386
0.269	0.357	0.122	0.252
0.124	0.166	0.003	0.707
0.101	0.619	0.097	0.183
0.139	0.035	0.011	0.815
0.013	0.788	0.001	0.198
0.123	0.001	0.001	0.875
0.015	0.842	0.010	0.133
0.104	0.001	0.001	0.894
0.012	0.869	0.007	0.112
0.022	0.001	0.001	0.976
0.113	0.688	0.068	0.131
