>CTCTCTCTCTYW	13-CTCTCTCTCTYW	11.697514	-0.010062	0	T:41.0(0.19%),B:148.4(0.28%),P:1e0
0.099	0.591	0.063	0.247
0.103	0.109	0.014	0.774
0.091	0.687	0.048	0.174
0.123	0.016	0.005	0.856
0.039	0.736	0.051	0.174
0.055	0.026	0.016	0.903
0.030	0.724	0.047	0.199
0.107	0.068	0.011	0.814
0.130	0.618	0.060	0.192
0.131	0.107	0.072	0.690
0.153	0.334	0.093	0.421
0.301	0.221	0.099	0.379
