>GAGAGAGAGAGA	25-GAGAGAGAGAGA	11.492635	-0.000023	0	T:175.0(0.82%),B:602.4(1.15%),P:1e0
0.250	0.082	0.474	0.194
0.487	0.074	0.273	0.166
0.258	0.046	0.434	0.263
0.786	0.030	0.111	0.073
0.222	0.072	0.659	0.047
0.955	0.006	0.014	0.025
0.116	0.018	0.850	0.016
0.964	0.006	0.001	0.029
0.196	0.005	0.785	0.014
0.902	0.001	0.021	0.076
0.214	0.026	0.706	0.054
0.847	0.011	0.078	0.064
