>TCTCTCTCTCTC	24-TCTCTCTCTCTC	11.411576	-0.000106	0	T:124.0(0.58%),B:437.1(0.84%),P:1e0
0.156	0.227	0.012	0.605
0.128	0.507	0.090	0.275
0.139	0.088	0.001	0.772
0.079	0.662	0.045	0.214
0.154	0.041	0.012	0.793
0.008	0.799	0.001	0.192
0.087	0.001	0.001	0.911
0.034	0.755	0.001	0.210
0.123	0.001	0.001	0.875
0.162	0.585	0.081	0.172
0.159	0.191	0.046	0.604
0.203	0.455	0.087	0.255
