>TCTCTCTCTHWH	11-TCTCTCTCTHWH	11.326491	-0.041525	0	T:30.0(0.14%),B:103.4(0.20%),P:1e0
0.138	0.034	0.008	0.820
0.075	0.699	0.055	0.171
0.079	0.001	0.005	0.915
0.039	0.796	0.001	0.164
0.049	0.001	0.001	0.949
0.032	0.812	0.023	0.133
0.155	0.004	0.015	0.826
0.160	0.531	0.094	0.215
0.146	0.144	0.057	0.653
0.322	0.367	0.086	0.225
0.319	0.169	0.149	0.363
0.403	0.277	0.062	0.258
