>TCTCTCTCTYTC	20-TCTCTCTCTYTC	10.872883	-0.000378	0	T:153.0(0.72%),B:508.0(0.97%),P:1e0
0.148	0.106	0.029	0.717
0.088	0.641	0.101	0.170
0.202	0.078	0.054	0.666
0.053	0.729	0.055	0.163
0.090	0.060	0.033	0.817
0.058	0.743	0.045	0.154
0.113	0.063	0.014	0.810
0.062	0.717	0.086	0.135
0.122	0.128	0.040	0.710
0.124	0.487	0.052	0.337
0.218	0.117	0.073	0.592
0.147	0.530	0.098	0.225
