>CACTCGACCT	1-CACTCGACCT	10.339650	-27.764836	0	T:65.0(0.34%),B:46.1(0.09%),P:1e-12	Tpos:22.2,Tstd:12.8,Bpos:336.6,Bstd:600.7,StrandBias:0.7,Multiplicity:1.09
0.031	0.791	0.011	0.167
0.984	0.014	0.001	0.001
0.014	0.984	0.001	0.001
0.001	0.014	0.014	0.971
0.001	0.988	0.010	0.001
0.034	0.001	0.964	0.001
0.997	0.001	0.001	0.001
0.001	0.984	0.001	0.014
0.001	0.931	0.014	0.054
0.216	0.058	0.088	0.638
>CGATCGACAC	2-CGATCGACAC	13.493170	-12.992986	0	T:14.0(0.07%),B:3.3(0.01%),P:1e-5	Tpos:24.1,Tstd:12.2,Bpos:473.1,Bstd:374.5,StrandBias:0.3,Multiplicity:1.43
0.001	0.997	0.001	0.001
0.088	0.001	0.910	0.001
0.961	0.001	0.037	0.001
0.001	0.026	0.037	0.936
0.001	0.997	0.001	0.001
0.001	0.001	0.997	0.001
0.997	0.001	0.001	0.001
0.001	0.925	0.001	0.073
0.961	0.037	0.001	0.001
0.001	0.961	0.037	0.001
>HNNGTTGACT	3-HNNGTTGACT	8.475253	-2.071725	0	T:9.0(0.05%),B:14.0(0.03%),P:1e0	Tpos:19.4,Tstd:9.8,Bpos:379.8,Bstd:625.8,StrandBias:0.7,Multiplicity:1.00
0.338	0.247	0.168	0.247
0.263	0.224	0.259	0.254
0.277	0.243	0.280	0.201
0.071	0.060	0.523	0.346
0.062	0.091	0.002	0.845
0.068	0.075	0.072	0.785
0.048	0.027	0.845	0.080
0.934	0.050	0.001	0.015
0.031	0.884	0.036	0.049
0.065	0.120	0.056	0.759
>WAAGTCAACN	4-WAAGTCAACN	9.909433	-1.633403	0	T:14.0(0.07%),B:28.1(0.05%),P:1e0	Tpos:19.8,Tstd:9.2,Bpos:486.9,Bstd:658.4,StrandBias:1.6,Multiplicity:1.00
0.339	0.202	0.048	0.411
0.419	0.179	0.172	0.229
0.792	0.001	0.187	0.020
0.001	0.001	0.997	0.001
0.001	0.003	0.001	0.995
0.010	0.925	0.064	0.001
0.919	0.045	0.035	0.001
0.997	0.001	0.001	0.001
0.181	0.485	0.159	0.175
0.195	0.205	0.255	0.345
>NDAGTCAAMN	5-NDAGTCAAMN	8.279144	-1.568617	0	T:43.0(0.22%),B:102.7(0.19%),P:1e0	Tpos:24.4,Tstd:12.9,Bpos:408.0,Bstd:597.6,StrandBias:-1.5,Multiplicity:1.00
0.257	0.290	0.157	0.296
0.351	0.002	0.314	0.332
0.552	0.087	0.181	0.180
0.001	0.001	0.997	0.001
0.001	0.001	0.001	0.997
0.001	0.950	0.001	0.048
0.938	0.001	0.060	0.001
0.706	0.001	0.147	0.146
0.247	0.382	0.143	0.228
0.218	0.222	0.280	0.280
>NGTTGACTHD	6-NGTTGACTHD	9.524561	-1.242210	0	T:19.0(0.10%),B:44.4(0.08%),P:1e0	Tpos:19.5,Tstd:12.4,Bpos:271.5,Bstd:376.4,StrandBias:0.0,Multiplicity:1.00
0.297	0.293	0.219	0.191
0.191	0.109	0.493	0.207
0.001	0.017	0.001	0.981
0.001	0.004	0.082	0.913
0.001	0.001	0.997	0.001
0.989	0.001	0.009	0.001
0.001	0.997	0.001	0.001
0.071	0.190	0.001	0.738
0.287	0.221	0.122	0.369
0.377	0.059	0.254	0.310
>AAAGTCAACB	7-AAAGTCAACB	10.076439	-0.591592	0	T:15.0(0.08%),B:42.2(0.08%),P:1e0	Tpos:16.2,Tstd:8.5,Bpos:368.6,Bstd:686.7,StrandBias:-0.6,Multiplicity:1.00
0.431	0.255	0.044	0.270
0.561	0.092	0.202	0.145
0.702	0.050	0.155	0.093
0.009	0.008	0.975	0.008
0.017	0.056	0.048	0.879
0.018	0.939	0.042	0.001
0.898	0.049	0.014	0.039
0.986	0.001	0.001	0.012
0.270	0.563	0.059	0.108
0.111	0.239	0.333	0.317
>WAGTCAACNA	8-WAGTCAACNA	9.462862	-0.515647	0	T:19.0(0.10%),B:55.6(0.10%),P:1e0	Tpos:23.0,Tstd:11.3,Bpos:391.5,Bstd:470.5,StrandBias:0.3,Multiplicity:1.00
0.384	0.101	0.214	0.301
0.649	0.015	0.285	0.051
0.001	0.009	0.904	0.086
0.048	0.011	0.004	0.937
0.001	0.975	0.023	0.001
0.997	0.001	0.001	0.001
0.956	0.001	0.042	0.001
0.246	0.460	0.082	0.212
0.192	0.207	0.270	0.331
0.411	0.142	0.235	0.211
>TAGTCAAHNN	9-TAGTCAAHNN	8.438616	-0.145712	0	T:8.0(0.04%),B:32.4(0.06%),P:1e0	Tpos:29.2,Tstd:12.2,Bpos:355.1,Bstd:753.1,StrandBias:2.8,Multiplicity:1.00
0.293	0.018	0.199	0.490
0.776	0.058	0.103	0.063
0.055	0.039	0.859	0.047
0.057	0.037	0.050	0.856
0.040	0.859	0.066	0.035
0.872	0.050	0.039	0.039
0.811	0.047	0.072	0.070
0.339	0.360	0.015	0.286
0.269	0.280	0.217	0.234
0.233	0.268	0.242	0.256
>NHAAGTCAAC	10-NHAAGTCAAC	8.734627	-0.062473	0	T:22.0(0.11%),B:86.8(0.16%),P:1e0	Tpos:29.3,Tstd:11.3,Bpos:441.2,Bstd:712.5,StrandBias:-1.4,Multiplicity:1.00
0.277	0.280	0.200	0.243
0.297	0.270	0.137	0.296
0.397	0.139	0.229	0.236
0.509	0.029	0.263	0.199
0.001	0.001	0.985	0.013
0.001	0.015	0.001	0.983
0.001	0.997	0.001	0.001
0.997	0.001	0.001	0.001
0.789	0.001	0.209	0.001
0.244	0.466	0.103	0.187
>GTTGACTNNW	11-GTTGACTNNW	9.191586	-0.030963	0	T:11.0(0.06%),B:53.8(0.10%),P:1e0	Tpos:21.4,Tstd:10.6,Bpos:628.0,Bstd:816.8,StrandBias:-1.2,Multiplicity:1.00
0.189	0.001	0.536	0.274
0.001	0.001	0.001	0.997
0.001	0.001	0.001	0.997
0.001	0.001	0.997	0.001
0.997	0.001	0.001	0.001
0.001	0.997	0.001	0.001
0.174	0.257	0.001	0.568
0.298	0.260	0.177	0.266
0.295	0.154	0.291	0.260
0.278	0.180	0.188	0.355
>AGTCAACTNT	12-AGTCAACTNT	9.419120	-0.005265	0	T:5.0(0.03%),B:38.7(0.07%),P:1e0	Tpos:22.8,Tstd:3.6,Bpos:471.0,Bstd:722.1,StrandBias:1.6,Multiplicity:1.00
0.721	0.046	0.160	0.073
0.049	0.058	0.830	0.063
0.001	0.021	0.034	0.944
0.075	0.842	0.082	0.001
0.776	0.118	0.052	0.054
0.982	0.003	0.012	0.003
0.138	0.581	0.125	0.156
0.144	0.199	0.197	0.460
0.293	0.217	0.244	0.247
0.221	0.156	0.209	0.414
>DTTGACTMNN	13-DTTGACTMNN	8.305473	-0.002104	0	T:11.0(0.06%),B:69.1(0.13%),P:1e0	Tpos:25.5,Tstd:12.3,Bpos:458.4,Bstd:599.7,StrandBias:0.8,Multiplicity:1.00
0.320	0.170	0.292	0.218
0.065	0.084	0.053	0.798
0.043	0.065	0.044	0.848
0.047	0.071	0.821	0.061
0.877	0.047	0.045	0.031
0.060	0.830	0.065	0.045
0.070	0.111	0.057	0.762
0.444	0.338	0.001	0.217
0.288	0.224	0.246	0.242
0.215	0.235	0.245	0.306
>NNNDAGTCAA	14-NNNDAGTCAA	7.699953	-0.000557	0	T:14.0(0.07%),B:89.7(0.17%),P:1e0	Tpos:30.5,Tstd:14.2,Bpos:364.7,Bstd:464.7,StrandBias:-0.7,Multiplicity:1.00
0.324	0.214	0.187	0.274
0.289	0.236	0.217	0.258
0.299	0.259	0.163	0.278
0.301	0.092	0.285	0.322
0.850	0.040	0.070	0.040
0.057	0.129	0.776	0.038
0.041	0.212	0.049	0.698
0.079	0.812	0.071	0.038
0.849	0.059	0.040	0.052
0.736	0.073	0.095	0.096
>TVTCTCTTTC	15-TVTCTCTTTC	12.122724	-0.000001	0	T:13.0(0.07%),B:118.9(0.22%),P:1e0	Tpos:22.4,Tstd:4.6,Bpos:298.4,Bstd:744.9,StrandBias:-0.6,Multiplicity:1.00
0.283	0.043	0.001	0.673
0.301	0.285	0.374	0.039
0.001	0.001	0.001	0.997
0.001	0.997	0.001	0.001
0.001	0.001	0.001	0.997
0.001	0.712	0.001	0.286
0.001	0.001	0.001	0.997
0.001	0.001	0.001	0.997
0.001	0.001	0.001	0.997
0.001	0.997	0.001	0.001
>GAGAGAGAGA	16-GAGAGAGAGA	5.820645	-0.000000	0	T:2334.0(12.12%),B:15439.6(28.71%),P:1e0	Tpos:24.9,Tstd:12.0,Bpos:332.0,Bstd:548.2,StrandBias:-0.0,Multiplicity:1.09
0.339	0.034	0.604	0.023
0.579	0.011	0.017	0.393
0.159	0.009	0.820	0.012
0.610	0.001	0.014	0.375
0.184	0.035	0.777	0.004
0.582	0.012	0.074	0.332
0.242	0.047	0.703	0.008
0.676	0.009	0.001	0.314
0.259	0.066	0.652	0.023
0.494	0.083	0.161	0.262
>AAAAAAAAAA	17-AAAAAAAAAA	4.692713	-0.000000	0	T:5932.0(30.81%),B:27728.8(51.56%),P:1e0	Tpos:24.7,Tstd:13.0,Bpos:577.6,Bstd:726.7,StrandBias:0.0,Multiplicity:1.09
0.621	0.053	0.098	0.228
0.689	0.036	0.116	0.159
0.740	0.029	0.077	0.154
0.707	0.039	0.097	0.157
0.673	0.062	0.102	0.163
0.621	0.079	0.111	0.189
0.557	0.097	0.133	0.213
0.489	0.105	0.161	0.246
0.478	0.116	0.138	0.268
0.451	0.112	0.163	0.275
>TTTTTTTTTT	18-TTTTTTTTTT	5.169190	-0.000000	0	T:4789.0(24.88%),B:25499.8(47.41%),P:1e0	Tpos:25.1,Tstd:12.6,Bpos:506.9,Bstd:685.9,StrandBias:-0.0,Multiplicity:1.07
0.158	0.158	0.067	0.617
0.158	0.219	0.051	0.572
0.052	0.001	0.001	0.946
0.063	0.186	0.048	0.703
0.110	0.161	0.049	0.680
0.152	0.185	0.055	0.608
0.147	0.161	0.073	0.619
0.185	0.198	0.107	0.510
0.200	0.173	0.130	0.497
0.232	0.186	0.161	0.421
>TTTTYTYTYT	19-TTTTYTYTYT	6.202105	-0.000000	0	T:3493.0(18.14%),B:21232.6(39.48%),P:1e0	Tpos:24.8,Tstd:12.8,Bpos:464.5,Bstd:663.1,StrandBias:0.1,Multiplicity:1.09
0.165	0.245	0.111	0.479
0.136	0.257	0.004	0.603
0.045	0.298	0.087	0.570
0.193	0.215	0.010	0.582
0.001	0.437	0.074	0.487
0.092	0.088	0.005	0.815
0.011	0.483	0.029	0.476
0.113	0.014	0.003	0.870
0.005	0.461	0.004	0.530
0.148	0.200	0.039	0.613
>TTTTTTTTTT	20-TTTTTTTTTT	7.111671	-0.000000	0	T:813.0(4.22%),B:7229.3(13.44%),P:1e0	Tpos:4.0,Tstd:0.0,Bpos:365.1,Bstd:670.8,StrandBias:-10.0,Multiplicity:1.00
0.265	0.158	0.092	0.485
0.262	0.155	0.085	0.499
0.249	0.001	0.107	0.643
0.193	0.149	0.089	0.569
0.186	0.135	0.068	0.611
0.182	0.123	0.065	0.630
0.179	0.133	0.049	0.639
0.183	0.123	0.061	0.633
0.257	0.001	0.001	0.741
0.226	0.144	0.089	0.541
>AATTTWTAAA	21-AATTTWTAAA	10.372489	-0.000000	0	T:13.0(0.07%),B:284.6(0.53%),P:1e0	Tpos:30.2,Tstd:11.1,Bpos:620.0,Bstd:853.8,StrandBias:2.0,Multiplicity:1.00
0.878	0.001	0.001	0.120
0.802	0.001	0.001	0.196
0.398	0.001	0.001	0.600
0.312	0.001	0.001	0.686
0.342	0.001	0.001	0.656
0.560	0.001	0.001	0.438
0.307	0.001	0.001	0.691
0.595	0.001	0.001	0.403
0.807	0.001	0.001	0.191
0.863	0.001	0.001	0.135
>WTTTAATTTT	22-WTTTAATTTT	8.733276	-0.000000	0	T:672.0(3.49%),B:6049.6(11.25%),P:1e0	Tpos:25.1,Tstd:13.7,Bpos:613.0,Bstd:736.2,StrandBias:0.0,Multiplicity:1.01
0.427	0.001	0.001	0.571
0.332	0.001	0.001	0.666
0.270	0.001	0.001	0.728
0.261	0.001	0.001	0.737
0.990	0.001	0.001	0.008
0.997	0.001	0.001	0.001
0.407	0.001	0.001	0.591
0.400	0.001	0.001	0.598
0.399	0.001	0.001	0.599
0.392	0.001	0.001	0.606
>TTTTTTTTTW	23-TTTTTTTTTW	6.618567	-0.000000	0	T:1845.0(9.58%),B:13063.6(24.29%),P:1e0	Tpos:25.3,Tstd:13.4,Bpos:518.6,Bstd:679.1,StrandBias:0.1,Multiplicity:1.01
0.106	0.203	0.039	0.652
0.054	0.205	0.037	0.704
0.021	0.155	0.003	0.821
0.025	0.156	0.022	0.797
0.029	0.157	0.022	0.792
0.120	0.190	0.062	0.628
0.177	0.173	0.069	0.581
0.185	0.171	0.121	0.523
0.221	0.163	0.157	0.460
0.288	0.137	0.174	0.400
>YTCTCTCTYW	24-YTCTCTCTYW	6.845905	-0.000000	0	T:276.0(1.43%),B:1785.2(3.32%),P:1e0	Tpos:45.0,Tstd:0.0,Bpos:120.9,Bstd:98.3,StrandBias:-10.0,Multiplicity:1.00
0.208	0.366	0.122	0.304
0.284	0.151	0.055	0.510
0.008	0.525	0.113	0.354
0.380	0.049	0.003	0.568
0.010	0.681	0.045	0.264
0.337	0.054	0.001	0.608
0.066	0.637	0.006	0.291
0.304	0.140	0.070	0.485
0.127	0.481	0.037	0.355
0.298	0.172	0.102	0.427
>CTCTCTTTTT	25-CTCTCTTTTT	11.482037	0.000000	0	T:26.0(0.14%),B:366.7(0.68%),P:1e0	Tpos:32.7,Tstd:9.5,Bpos:344.4,Bstd:573.1,StrandBias:1.0,Multiplicity:1.00
0.018	0.766	0.029	0.187
0.153	0.001	0.001	0.845
0.005	0.814	0.006	0.175
0.001	0.013	0.001	0.985
0.001	0.859	0.001	0.139
0.104	0.001	0.005	0.890
0.013	0.066	0.002	0.919
0.099	0.231	0.108	0.562
0.044	0.071	0.032	0.853
0.149	0.181	0.141	0.529
>TYACTCGACCTC	1-TYACTCGACCTC	10.973520	-31.892073	0	T:60.0(0.31%),B:33.2(0.06%),P:1e-13	Tpos:23.3,Tstd:10.8,Bpos:362.4,Bstd:764.3,StrandBias:0.7,Multiplicity:1.05
0.282	0.055	0.073	0.590
0.001	0.456	0.001	0.542
0.997	0.001	0.001	0.001
0.001	0.997	0.001	0.001
0.001	0.001	0.001	0.997
0.001	0.997	0.001	0.001
0.001	0.001	0.997	0.001
0.997	0.001	0.001	0.001
0.001	0.773	0.001	0.225
0.001	0.926	0.001	0.072
0.231	0.080	0.164	0.525
0.018	0.743	0.001	0.238
>GTCGATCGACAC	2-GTCGATCGACAC	9.839833	-16.075073	0	T:22.0(0.11%),B:8.9(0.02%),P:1e-6	Tpos:26.9,Tstd:11.6,Bpos:613.6,Bstd:564.9,StrandBias:0.0,Multiplicity:1.00
0.161	0.015	0.558	0.266
0.186	0.152	0.020	0.642
0.015	0.609	0.019	0.357
0.327	0.025	0.590	0.058
0.657	0.046	0.243	0.054
0.256	0.142	0.020	0.582
0.031	0.596	0.035	0.338
0.361	0.020	0.609	0.010
0.707	0.020	0.030	0.243
0.228	0.565	0.034	0.173
0.945	0.010	0.010	0.035
0.041	0.587	0.145	0.227
>AACCTACTATCA	3-AACCTACTATCA	11.807533	-7.043369	0	T:18.0(0.09%),B:16.1(0.03%),P:1e-3	Tpos:24.0,Tstd:10.5,Bpos:406.7,Bstd:506.6,StrandBias:0.3,Multiplicity:1.00
0.833	0.111	0.001	0.055
0.849	0.075	0.001	0.075
0.075	0.783	0.083	0.059
0.131	0.745	0.028	0.096
0.030	0.055	0.001	0.914
0.783	0.056	0.083	0.078
0.049	0.834	0.056	0.061
0.055	0.001	0.027	0.917
0.767	0.083	0.047	0.103
0.057	0.083	0.028	0.832
0.030	0.858	0.056	0.056
0.885	0.027	0.001	0.087
>TGGCTTTGTATC	4-TGGCTTTGTATC	13.046765	-6.324422	0	T:17.0(0.09%),B:16.4(0.03%),P:1e-2	Tpos:25.7,Tstd:11.7,Bpos:674.4,Bstd:735.5,StrandBias:-0.5,Multiplicity:1.00
0.046	0.066	0.001	0.887
0.001	0.001	0.997	0.001
0.001	0.001	0.932	0.066
0.001	0.905	0.066	0.028
0.001	0.001	0.001	0.997
0.001	0.046	0.066	0.887
0.066	0.001	0.001	0.932
0.001	0.001	0.997	0.001
0.001	0.066	0.066	0.867
0.812	0.001	0.186	0.001
0.001	0.001	0.001	0.997
0.046	0.907	0.046	0.001
>GTAGTGTTTCCT	5-GTAGTGTTTCCT	12.991874	-6.045363	0	T:16.0(0.08%),B:15.2(0.03%),P:1e-2	Tpos:29.3,Tstd:11.5,Bpos:510.3,Bstd:531.3,StrandBias:0.0,Multiplicity:1.00
0.064	0.001	0.871	0.064
0.001	0.001	0.001	0.997
0.871	0.001	0.064	0.064
0.045	0.045	0.909	0.001
0.001	0.001	0.001	0.997
0.064	0.001	0.934	0.001
0.064	0.064	0.001	0.871
0.001	0.064	0.001	0.934
0.001	0.001	0.044	0.954
0.001	0.997	0.001	0.001
0.065	0.825	0.065	0.045
0.064	0.001	0.001	0.934
>TGTGWGAGWGAG	6-TGTGWGAGWGAG	11.686874	-5.523347	0	T:8.0(0.04%),B:4.0(0.01%),P:1e-2	Tpos:24.9,Tstd:11.7,Bpos:518.1,Bstd:745.8,StrandBias:0.7,Multiplicity:1.00
0.320	0.040	0.045	0.595
0.094	0.041	0.774	0.091
0.367	0.056	0.030	0.547
0.077	0.053	0.828	0.042
0.450	0.028	0.049	0.473
0.063	0.054	0.830	0.053
0.590	0.022	0.024	0.364
0.062	0.049	0.836	0.053
0.435	0.037	0.021	0.507
0.086	0.050	0.820	0.044
0.707	0.019	0.051	0.223
0.255	0.061	0.628	0.056
>ACTACAAGAAAA	7-ACTACAAGAAAA	13.762528	-4.213071	0	T:17.0(0.09%),B:22.0(0.04%),P:1e-1	Tpos:26.2,Tstd:9.6,Bpos:445.7,Bstd:532.9,StrandBias:0.9,Multiplicity:1.00
0.942	0.001	0.056	0.001
0.001	0.997	0.001	0.001
0.001	0.001	0.001	0.997
0.997	0.001	0.001	0.001
0.001	0.997	0.001	0.001
0.918	0.001	0.080	0.001
0.837	0.001	0.081	0.081
0.001	0.001	0.997	0.001
0.997	0.001	0.001	0.001
0.997	0.001	0.001	0.001
0.997	0.001	0.001	0.001
0.918	0.001	0.001	0.080
>NTGACTAAGTCD	8-NTGACTAAGTCD	9.735805	-2.666659	0	T:2.0(0.01%),B:0.9(0.00%),P:1e-1	Tpos:34.0,Tstd:8.0,Bpos:32.0,Bstd:0.0,StrandBias:10.0,Multiplicity:1.00
0.316	0.192	0.210	0.283
0.136	0.115	0.098	0.651
0.134	0.125	0.608	0.133
0.680	0.087	0.101	0.132
0.120	0.628	0.112	0.140
0.141	0.117	0.117	0.625
0.623	0.115	0.120	0.142
0.664	0.104	0.112	0.120
0.133	0.112	0.616	0.139
0.147	0.096	0.094	0.663
0.153	0.587	0.132	0.128
0.340	0.182	0.221	0.256
>NNNANTTGACTY	9-NNNANTTGACTY	9.916287	-2.666659	0	T:2.0(0.01%),B:0.6(0.00%),P:1e-1	Tpos:14.0,Tstd:0.0,Bpos:81.0,Bstd:0.0,StrandBias:0.0,Multiplicity:1.00
0.281	0.198	0.296	0.224
0.274	0.292	0.259	0.175
0.271	0.215	0.273	0.242
0.504	0.268	0.227	0.001
0.198	0.242	0.342	0.218
0.001	0.001	0.001	0.997
0.001	0.001	0.001	0.997
0.032	0.001	0.615	0.352
0.997	0.001	0.001	0.001
0.001	0.997	0.001	0.001
0.001	0.001	0.001	0.997
0.001	0.520	0.001	0.478
>TTTAAGAGAGAG	10-TTTAAGAGAGAG	14.415812	-1.761294	0	T:2.0(0.01%),B:1.8(0.00%),P:1e0	Tpos:19.0,Tstd:12.0,Bpos:411.9,Bstd:152.2,StrandBias:10.0,Multiplicity:1.00
0.064	0.057	0.033	0.846
0.060	0.049	0.072	0.819
0.122	0.067	0.091	0.720
0.701	0.063	0.121	0.115
0.892	0.017	0.039	0.052
0.076	0.051	0.792	0.081
0.900	0.011	0.023	0.066
0.060	0.076	0.843	0.021
0.932	0.001	0.019	0.048
0.106	0.019	0.864	0.011
0.835	0.029	0.048	0.088
0.070	0.023	0.862	0.045
>TCACTCTCACTC	11-TCACTCTCACTC	11.490866	-1.040019	0	T:26.0(0.14%),B:65.7(0.12%),P:1e0	Tpos:26.5,Tstd:12.0,Bpos:219.3,Bstd:347.2,StrandBias:-0.7,Multiplicity:1.16
0.089	0.076	0.028	0.807
0.088	0.727	0.082	0.103
0.708	0.054	0.039	0.199
0.122	0.715	0.060	0.103
0.108	0.049	0.013	0.830
0.082	0.714	0.069	0.135
0.101	0.053	0.011	0.835
0.075	0.743	0.074	0.108
0.717	0.067	0.037	0.179
0.101	0.741	0.075	0.083
0.130	0.055	0.048	0.767
0.102	0.693	0.061	0.144
>AWAAGTCAACDN	12-AWAAGTCAACDN	11.465160	-0.981651	0	T:8.0(0.04%),B:18.1(0.03%),P:1e0	Tpos:21.1,Tstd:13.5,Bpos:458.2,Bstd:626.8,StrandBias:1.6,Multiplicity:1.00
0.418	0.178	0.142	0.262
0.411	0.178	0.143	0.268
0.438	0.107	0.239	0.215
0.917	0.001	0.081	0.001
0.001	0.001	0.997	0.001
0.001	0.001	0.001	0.997
0.001	0.997	0.001	0.001
0.992	0.006	0.001	0.001
0.997	0.001	0.001	0.001
0.039	0.959	0.001	0.001
0.297	0.137	0.272	0.294
0.298	0.293	0.165	0.244
>CTYTTTGACTTT	13-CTYTTTGACTTT	13.304580	-0.869528	0	T:5.0(0.03%),B:11.5(0.02%),P:1e0	Tpos:23.2,Tstd:13.9,Bpos:558.4,Bstd:787.7,StrandBias:0.6,Multiplicity:1.00
0.001	0.512	0.266	0.221
0.001	0.001	0.144	0.854
0.197	0.353	0.001	0.449
0.128	0.083	0.154	0.635
0.113	0.001	0.001	0.885
0.001	0.001	0.001	0.997
0.001	0.057	0.874	0.068
0.582	0.001	0.416	0.001
0.065	0.873	0.061	0.001
0.093	0.001	0.092	0.814
0.001	0.067	0.001	0.931
0.001	0.032	0.001	0.966
>AGTTGACTTDTT	14-AGTTGACTTDTT	11.569739	-0.603121	0	T:26.0(0.14%),B:73.6(0.14%),P:1e0	Tpos:23.2,Tstd:10.0,Bpos:458.9,Bstd:727.8,StrandBias:0.3,Multiplicity:1.00
0.474	0.211	0.001	0.313
0.001	0.001	0.995	0.003
0.001	0.001	0.001	0.997
0.175	0.001	0.001	0.823
0.001	0.150	0.792	0.057
0.921	0.001	0.077	0.001
0.001	0.990	0.001	0.008
0.267	0.001	0.018	0.714
0.001	0.001	0.148	0.850
0.276	0.001	0.303	0.420
0.145	0.222	0.160	0.473
0.148	0.146	0.153	0.553
>CTYWAAAGTCAA	15-CTYWAAAGTCAA	13.130399	-0.572503	0	T:10.0(0.05%),B:28.4(0.05%),P:1e0	Tpos:24.5,Tstd:13.0,Bpos:332.2,Bstd:635.1,StrandBias:1.2,Multiplicity:1.00
0.033	0.621	0.025	0.321
0.019	0.062	0.018	0.901
0.023	0.432	0.018	0.527
0.481	0.055	0.018	0.446
0.915	0.021	0.013	0.051
0.839	0.080	0.019	0.062
0.896	0.022	0.049	0.033
0.030	0.017	0.573	0.380
0.033	0.044	0.040	0.883
0.041	0.919	0.005	0.035
0.943	0.001	0.013	0.043
0.924	0.038	0.013	0.025
>AGTCAAACAAAW	16-AGTCAAACAAAW	12.423124	-0.350368	0	T:9.0(0.05%),B:29.2(0.05%),P:1e0	Tpos:26.0,Tstd:12.0,Bpos:330.2,Bstd:481.3,StrandBias:-1.0,Multiplicity:1.00
0.708	0.052	0.097	0.143
0.001	0.177	0.821	0.001
0.049	0.091	0.001	0.859
0.001	0.956	0.038	0.005
0.938	0.012	0.001	0.049
0.959	0.025	0.015	0.001
0.628	0.335	0.005	0.032
0.181	0.459	0.204	0.157
0.647	0.206	0.076	0.071
0.695	0.114	0.005	0.186
0.924	0.024	0.010	0.042
0.383	0.223	0.105	0.288
>AGTCAAACTCAA	17-AGTCAAACTCAA	12.501355	-0.348224	0	T:1.0(0.01%),B:3.6(0.01%),P:1e0	Tpos:30.0,Tstd:0.0,Bpos:504.2,Bstd:560.6,StrandBias:10.0,Multiplicity:1.00
0.818	0.063	0.118	0.001
0.184	0.044	0.550	0.222
0.012	0.072	0.001	0.915
0.061	0.548	0.175	0.216
0.900	0.043	0.056	0.001
0.883	0.063	0.001	0.053
0.722	0.067	0.135	0.076
0.001	0.660	0.262	0.077
0.164	0.175	0.046	0.615
0.170	0.591	0.073	0.166
0.753	0.091	0.037	0.119
0.685	0.079	0.056	0.180
>HHHNTTGACTTW	18-HHHNTTGACTTW	10.640413	-0.224749	0	T:3.0(0.02%),B:12.8(0.02%),P:1e0	Tpos:15.3,Tstd:9.9,Bpos:225.3,Bstd:247.7,StrandBias:-10.0,Multiplicity:1.00
0.348	0.280	0.130	0.242
0.286	0.322	0.099	0.292
0.243	0.313	0.088	0.357
0.187	0.236	0.288	0.289
0.001	0.001	0.001	0.997
0.001	0.001	0.001	0.997
0.001	0.001	0.997	0.001
0.997	0.001	0.001	0.001
0.001	0.997	0.001	0.001
0.001	0.001	0.001	0.997
0.234	0.003	0.157	0.606
0.320	0.117	0.201	0.362
>KTTGACTTTTHW	19-KTTGACTTTTHW	11.307809	-0.144973	0	T:3.0(0.02%),B:14.5(0.03%),P:1e0	Tpos:22.7,Tstd:8.2,Bpos:724.3,Bstd:482.5,StrandBias:1.0,Multiplicity:1.00
0.175	0.174	0.265	0.386
0.078	0.001	0.001	0.920
0.001	0.001	0.001	0.997
0.001	0.001	0.997	0.001
0.978	0.001	0.020	0.001
0.001	0.997	0.001	0.001
0.153	0.001	0.001	0.845
0.177	0.245	0.018	0.560
0.001	0.211	0.192	0.596
0.197	0.198	0.186	0.419
0.346	0.250	0.154	0.250
0.345	0.167	0.181	0.307
>NNGTTGACTTNN	20-NNGTTGACTTNN	10.576880	-0.131686	0	T:5.0(0.03%),B:22.7(0.04%),P:1e0	Tpos:17.0,Tstd:7.0,Bpos:299.3,Bstd:427.6,StrandBias:-10.0,Multiplicity:1.00
0.278	0.203	0.222	0.298
0.278	0.218	0.198	0.306
0.080	0.077	0.722	0.121
0.001	0.043	0.001	0.955
0.001	0.001	0.044	0.954
0.001	0.054	0.869	0.076
0.937	0.001	0.001	0.061
0.086	0.784	0.052	0.078
0.057	0.050	0.001	0.892
0.075	0.079	0.064	0.782
0.275	0.205	0.215	0.306
0.286	0.192	0.221	0.301
>TTTTTAAAACCC	21-TTTTTAAAACCC	13.158265	-0.013880	0	T:1.0(0.01%),B:13.5(0.03%),P:1e0	Tpos:40.0,Tstd:0.0,Bpos:759.8,Bstd:732.6,StrandBias:10.0,Multiplicity:1.00
0.111	0.074	0.064	0.751
0.093	0.075	0.067	0.765
0.082	0.070	0.078	0.770
0.086	0.058	0.061	0.795
0.105	0.089	0.079	0.727
0.730	0.093	0.080	0.097
0.824	0.047	0.056	0.073
0.838	0.048	0.049	0.065
0.783	0.065	0.057	0.095
0.122	0.684	0.075	0.119
0.125	0.673	0.064	0.138
0.140	0.665	0.073	0.122
>WAAAAGTCAAMK	22-WAAAAGTCAAMK	12.019920	-0.004836	0	T:6.0(0.03%),B:43.9(0.08%),P:1e0	Tpos:12.2,Tstd:8.2,Bpos:395.6,Bstd:640.0,StrandBias:0.0,Multiplicity:1.00
0.403	0.148	0.131	0.319
0.471	0.157	0.087	0.284
0.466	0.135	0.106	0.294
0.619	0.053	0.145	0.183
0.945	0.001	0.053	0.001
0.001	0.001	0.997	0.001
0.001	0.001	0.001	0.997
0.001	0.997	0.001	0.001
0.997	0.001	0.001	0.001
0.997	0.001	0.001	0.001
0.503	0.444	0.038	0.015
0.209	0.151	0.253	0.386
>TTNWAAAGTCAA	23-TTNWAAAGTCAA	11.270403	-0.000330	0	T:3.0(0.02%),B:39.5(0.07%),P:1e0	Tpos:25.3,Tstd:6.1,Bpos:1021.3,Bstd:909.6,StrandBias:-1.0,Multiplicity:1.00
0.189	0.197	0.201	0.413
0.293	0.096	0.075	0.536
0.268	0.216	0.191	0.324
0.409	0.168	0.119	0.304
0.572	0.127	0.130	0.171
0.578	0.025	0.125	0.272
0.941	0.001	0.057	0.001
0.191	0.006	0.802	0.001
0.021	0.092	0.001	0.886
0.025	0.961	0.013	0.001
0.910	0.001	0.026	0.063
0.997	0.001	0.001	0.001
>TCTCTCTCTCTC	24-TCTCTCTCTCTC	5.726175	-0.000000	0	T:1679.0(8.72%),B:12257.9(22.79%),P:1e0	Tpos:24.8,Tstd:11.4,Bpos:328.1,Bstd:541.5,StrandBias:0.1,Multiplicity:1.07
0.112	0.108	0.001	0.779
0.039	0.888	0.029	0.044
0.001	0.023	0.001	0.975
0.036	0.667	0.086	0.211
0.001	0.001	0.001	0.997
0.038	0.680	0.068	0.214
0.165	0.001	0.001	0.833
0.011	0.843	0.087	0.059
0.109	0.001	0.001	0.889
0.065	0.687	0.033	0.215
0.226	0.001	0.053	0.720
0.112	0.698	0.035	0.155
>YTTTTTTTTTTT	25-YTTTTTTTTTTT	3.511071	-0.000000	0	T:2682.0(13.93%),B:18168.9(33.78%),P:1e0	Tpos:24.9,Tstd:12.3,Bpos:449.0,Bstd:653.3,StrandBias:0.2,Multiplicity:1.05
0.160	0.400	0.001	0.439
0.001	0.016	0.001	0.982
0.001	0.005	0.001	0.993
0.001	0.208	0.001	0.790
0.001	0.073	0.012	0.914
0.001	0.087	0.001	0.911
0.001	0.125	0.001	0.873
0.001	0.016	0.001	0.982
0.001	0.130	0.001	0.868
0.001	0.204	0.001	0.794
0.001	0.107	0.001	0.891
0.001	0.140	0.001	0.858
>GTTGACTT	1-GTTGACTT	10.222034	-0.000013	0	T:143.0(0.74%),B:580.6(1.08%),P:1e0	Tpos:23.1,Tstd:12.2,Bpos:374.6,Bstd:609.3,StrandBias:0.3,Multiplicity:1.01
0.083	0.050	0.688	0.179
0.001	0.033	0.001	0.965
0.001	0.001	0.017	0.981
0.001	0.013	0.961	0.025
0.997	0.001	0.001	0.001
0.001	0.997	0.001	0.001
0.027	0.048	0.001	0.924
0.099	0.106	0.065	0.730
>BAAAGTCA	2-BAAAGTCA	4.161567	-0.000000	0	T:384.0(1.99%),B:2520.3(4.69%),P:1e0	Tpos:22.7,Tstd:21.6,Bpos:26.6,Bstd:41.6,StrandBias:-0.8,Multiplicity:1.00
0.001	0.333	0.333	0.333
0.997	0.001	0.001	0.001
0.997	0.001	0.001	0.001
0.997	0.001	0.001	0.001
0.001	0.001	0.997	0.001
0.001	0.001	0.001	0.997
0.001	0.997	0.001	0.001
0.997	0.001	0.001	0.001
>TTTTWTTW	3-TTTTWTTW	6.273479	-0.000000	0	T:1499.0(7.79%),B:10985.6(20.43%),P:1e0	Tpos:37.2,Tstd:16.6,Bpos:823.3,Bstd:801.6,StrandBias:-0.6,Multiplicity:1.00
0.127	0.039	0.111	0.723
0.120	0.023	0.093	0.764
0.179	0.060	0.042	0.719
0.342	0.009	0.001	0.648
0.370	0.051	0.061	0.518
0.269	0.116	0.137	0.478
0.262	0.029	0.141	0.568
0.313	0.150	0.108	0.428
>TTTGACTT	4-TTTGACTT	8.236954	-0.000000	0	T:190.0(0.99%),B:1116.2(2.08%),P:1e0	Tpos:47.0,Tstd:0.0,Bpos:591.9,Bstd:809.0,StrandBias:10.0,Multiplicity:1.00
0.100	0.100	0.100	0.700
0.100	0.100	0.100	0.700
0.100	0.100	0.100	0.700
0.100	0.100	0.700	0.100
0.700	0.100	0.100	0.100
0.100	0.700	0.100	0.100
0.100	0.100	0.100	0.700
0.100	0.100	0.100	0.700
>WAWWWHAW	5-WAWWWHAW	3.636153	-0.000000	0	T:10619.0(55.16%),B:40158.2(74.67%),P:1e0	Tpos:24.4,Tstd:13.4,Bpos:444.8,Bstd:642.2,StrandBias:-0.0,Multiplicity:1.14
0.496	0.045	0.001	0.457
0.594	0.115	0.001	0.290
0.450	0.069	0.001	0.480
0.439	0.103	0.065	0.394
0.417	0.154	0.126	0.303
0.360	0.211	0.117	0.312
0.568	0.133	0.080	0.219
0.499	0.014	0.003	0.484
>WWWAAAWW	6-WWWAAAWW	3.917990	-0.000000	0	T:5315.0(27.61%),B:24574.6(45.69%),P:1e0	Tpos:33.0,Tstd:18.0,Bpos:218.8,Bstd:421.2,StrandBias:1.6,Multiplicity:1.00
0.415	0.113	0.125	0.346
0.433	0.120	0.132	0.315
0.436	0.141	0.110	0.313
0.568	0.194	0.101	0.137
0.693	0.129	0.093	0.085
0.534	0.102	0.058	0.306
0.416	0.116	0.112	0.356
0.380	0.139	0.154	0.327
>WTWWWWTW	7-WTWWWWTW	2.658716	-0.000000	0	T:14038.0(72.92%),B:46550.0(86.55%),P:1e0	Tpos:25.2,Tstd:13.9,Bpos:423.6,Bstd:630.3,StrandBias:-0.0,Multiplicity:1.07
0.405	0.110	0.113	0.372
0.138	0.001	0.058	0.803
0.318	0.114	0.151	0.417
0.344	0.105	0.145	0.406
0.300	0.118	0.196	0.386
0.336	0.122	0.170	0.373
0.213	0.150	0.201	0.435
0.356	0.144	0.199	0.300
>TTTWWTWW	8-TTTWWTWW	4.826791	-0.000000	0	T:4391.0(22.81%),B:20991.6(39.03%),P:1e0	Tpos:29.4,Tstd:20.7,Bpos:595.4,Bstd:872.4,StrandBias:0.6,Multiplicity:1.00
0.398	0.006	0.010	0.586
0.339	0.058	0.029	0.574
0.160	0.092	0.111	0.637
0.362	0.060	0.088	0.490
0.343	0.102	0.149	0.405
0.293	0.068	0.117	0.522
0.416	0.069	0.049	0.466
0.422	0.050	0.060	0.468
>AWTAAAAW	9-AWTAAAAW	3.479393	-0.000000	0	T:1413.0(7.34%),B:10480.9(19.49%),P:1e0	Tpos:25.3,Tstd:13.1,Bpos:530.5,Bstd:690.7,StrandBias:0.0,Multiplicity:1.03
0.997	0.001	0.001	0.001
0.504	0.001	0.065	0.430
0.001	0.001	0.001	0.997
0.997	0.001	0.001	0.001
0.997	0.001	0.001	0.001
0.997	0.001	0.001	0.001
0.997	0.001	0.001	0.001
0.543	0.001	0.001	0.455
>WWWWWWTW	10-WWWWWWTW	3.300121	-0.000000	0	T:6177.0(32.08%),B:26642.5(49.54%),P:1e0	Tpos:34.1,Tstd:14.1,Bpos:578.7,Bstd:796.1,StrandBias:-1.6,Multiplicity:1.00
0.340	0.181	0.170	0.310
0.476	0.001	0.001	0.522
0.346	0.123	0.130	0.400
0.375	0.117	0.137	0.371
0.363	0.159	0.136	0.341
0.384	0.097	0.113	0.406
0.001	0.218	0.157	0.624
0.311	0.154	0.169	0.366
>TTTTTTTW	11-TTTTTTTW	6.468828	-0.000000	0	T:921.0(4.78%),B:7983.4(14.84%),P:1e0	Tpos:18.0,Tstd:19.8,Bpos:435.6,Bstd:723.0,StrandBias:1.0,Multiplicity:1.00
0.347	0.037	0.060	0.556
0.315	0.021	0.060	0.604
0.266	0.027	0.065	0.642
0.245	0.001	0.001	0.753
0.149	0.001	0.020	0.830
0.231	0.066	0.068	0.635
0.315	0.076	0.133	0.476
0.317	0.163	0.155	0.365
>WWWAAWWW	12-WWWAAWWW	3.246760	-0.000000	0	T:12024.0(62.46%),B:42997.9(79.95%),P:1e0	Tpos:25.1,Tstd:13.8,Bpos:426.4,Bstd:626.6,StrandBias:0.0,Multiplicity:1.06
0.382	0.133	0.078	0.408
0.403	0.125	0.072	0.400
0.409	0.090	0.097	0.404
0.541	0.232	0.173	0.054
0.630	0.208	0.150	0.012
0.421	0.151	0.097	0.331
0.442	0.110	0.096	0.351
0.432	0.106	0.084	0.378
>WWWWNBND	13-WWWWNBND	2.882877	-0.000000	0	T:10365.0(53.84%),B:39164.8(72.82%),P:1e0	Tpos:25.4,Tstd:14.3,Bpos:423.4,Bstd:624.3,StrandBias:0.1,Multiplicity:1.04
0.425	0.088	0.055	0.432
0.411	0.158	0.011	0.420
0.458	0.001	0.008	0.533
0.439	0.001	0.112	0.448
0.273	0.221	0.242	0.264
0.178	0.239	0.232	0.351
0.256	0.213	0.202	0.329
0.331	0.178	0.185	0.307
>WAWWWWAW	14-WAWWWWAW	4.132901	-0.000000	0	T:7161.0(37.20%),B:30242.2(56.23%),P:1e0	Tpos:25.1,Tstd:13.8,Bpos:500.4,Bstd:680.8,StrandBias:-0.0,Multiplicity:1.07
0.369	0.116	0.122	0.393
0.497	0.158	0.094	0.251
0.343	0.141	0.159	0.357
0.433	0.111	0.086	0.369
0.425	0.101	0.064	0.410
0.474	0.035	0.084	0.408
0.878	0.014	0.013	0.095
0.495	0.001	0.001	0.503
>WWTTTWWW	15-WWTTTWWW	4.157068	-0.000000	0	T:4328.0(22.48%),B:21072.2(39.18%),P:1e0	Tpos:33.2,Tstd:9.1,Bpos:450.9,Bstd:611.2,StrandBias:2.0,Multiplicity:1.00
0.297	0.177	0.171	0.355
0.323	0.123	0.127	0.427
0.319	0.074	0.131	0.475
0.001	0.207	0.194	0.598
0.143	0.130	0.173	0.554
0.415	0.056	0.156	0.373
0.468	0.016	0.002	0.514
0.320	0.137	0.121	0.422
>WWTWDBNN	16-WWTWDBNN	3.248992	-0.000000	0	T:8966.0(46.57%),B:35669.2(66.32%),P:1e0	Tpos:24.7,Tstd:14.0,Bpos:412.8,Bstd:617.1,StrandBias:0.1,Multiplicity:1.01
0.453	0.042	0.001	0.504
0.371	0.088	0.065	0.476
0.376	0.001	0.027	0.596
0.374	0.012	0.114	0.500
0.272	0.150	0.218	0.360
0.191	0.231	0.230	0.348
0.294	0.184	0.234	0.288
0.315	0.181	0.202	0.302
>WWWWWWTW	17-WWWWWWTW	3.325593	-0.000000	0	T:5836.0(30.31%),B:25814.6(48.00%),P:1e0	Tpos:23.2,Tstd:12.6,Bpos:415.5,Bstd:658.3,StrandBias:-0.7,Multiplicity:1.00
0.430	0.050	0.107	0.413
0.447	0.001	0.005	0.547
0.334	0.142	0.118	0.406
0.320	0.160	0.155	0.364
0.336	0.160	0.160	0.344
0.342	0.097	0.165	0.395
0.001	0.250	0.221	0.528
0.368	0.124	0.168	0.340
>AAAAAWWW	18-AAAAAWWW	6.692117	-0.000000	0	T:3042.0(15.80%),B:17841.6(33.17%),P:1e0	Tpos:25.0,Tstd:13.4,Bpos:536.0,Bstd:709.4,StrandBias:0.1,Multiplicity:1.05
0.989	0.009	0.001	0.001
0.962	0.001	0.001	0.036
0.970	0.001	0.001	0.028
0.848	0.001	0.001	0.150
0.706	0.001	0.051	0.242
0.408	0.093	0.120	0.379
0.412	0.021	0.147	0.421
0.407	0.062	0.057	0.474
>AWTTTTTA	19-AWTTTTTA	5.707263	-0.000000	0	T:3613.0(18.77%),B:19608.8(36.46%),P:1e0	Tpos:24.6,Tstd:13.6,Bpos:546.4,Bstd:714.6,StrandBias:-0.0,Multiplicity:1.12
0.546	0.076	0.103	0.275
0.340	0.173	0.082	0.404
0.183	0.035	0.020	0.762
0.019	0.006	0.008	0.967
0.022	0.007	0.006	0.965
0.022	0.012	0.012	0.954
0.218	0.008	0.030	0.744
0.887	0.005	0.014	0.094
>AAAWWWAN	20-AAAWWWAN	4.522340	-0.000000	0	T:8517.0(44.24%),B:34204.1(63.60%),P:1e0	Tpos:24.8,Tstd:13.3,Bpos:530.5,Bstd:694.5,StrandBias:0.0,Multiplicity:1.21
0.846	0.001	0.001	0.152
0.943	0.001	0.001	0.055
0.777	0.001	0.001	0.221
0.465	0.001	0.001	0.533
0.468	0.001	0.001	0.530
0.475	0.001	0.001	0.523
0.456	0.119	0.119	0.306
0.312	0.209	0.243	0.236
>WTTWTWWW	21-WTTWTWWW	3.943635	-0.000000	0	T:8140.0(42.28%),B:32911.9(61.19%),P:1e0	Tpos:24.8,Tstd:13.9,Bpos:427.3,Bstd:634.1,StrandBias:0.1,Multiplicity:1.03
0.472	0.001	0.001	0.526
0.320	0.031	0.035	0.614
0.282	0.018	0.102	0.598
0.376	0.052	0.063	0.509
0.296	0.088	0.149	0.467
0.334	0.131	0.149	0.387
0.267	0.157	0.168	0.407
0.398	0.087	0.108	0.407
>WWTTWTWW	22-WWTTWTWW	2.880188	-0.000000	0	T:11690.0(60.72%),B:42156.8(78.38%),P:1e0	Tpos:25.2,Tstd:13.6,Bpos:410.4,Bstd:617.2,StrandBias:-0.1,Multiplicity:1.06
0.380	0.105	0.125	0.391
0.309	0.120	0.119	0.453
0.215	0.010	0.128	0.647
0.264	0.081	0.140	0.515
0.251	0.140	0.218	0.391
0.244	0.120	0.174	0.462
0.352	0.098	0.177	0.372
0.358	0.130	0.157	0.355
>AAAGTCAA	23-AAAGTCAA	3.572521	-0.000000	0	T:2438.0(12.66%),B:14931.6(27.76%),P:1e0	Tpos:25.1,Tstd:12.7,Bpos:415.6,Bstd:631.6,StrandBias:-0.0,Multiplicity:1.07
0.708	0.127	0.084	0.081
0.779	0.001	0.136	0.084
0.997	0.001	0.001	0.001
0.001	0.001	0.997	0.001
0.001	0.001	0.001	0.997
0.001	0.997	0.001	0.001
0.997	0.001	0.001	0.001
0.997	0.001	0.001	0.001
>WWWTWHWW	24-WWWTWHWW	3.952028	-0.000000	0	T:7479.0(38.85%),B:31407.8(58.40%),P:1e0	Tpos:25.4,Tstd:13.4,Bpos:502.7,Bstd:663.7,StrandBias:-0.0,Multiplicity:1.08
0.538	0.001	0.003	0.458
0.425	0.001	0.033	0.541
0.448	0.076	0.075	0.401
0.414	0.001	0.001	0.584
0.333	0.116	0.196	0.354
0.299	0.205	0.160	0.336
0.412	0.169	0.124	0.294
0.496	0.012	0.015	0.477
>TTTGACTT	25-TTTGACTT	6.427868	-0.000000	0	T:2265.0(11.77%),B:14399.7(26.77%),P:1e0	Tpos:24.7,Tstd:13.0,Bpos:498.2,Bstd:681.7,StrandBias:-0.0,Multiplicity:1.06
0.024	0.094	0.193	0.689
0.028	0.030	0.018	0.924
0.018	0.007	0.026	0.949
0.069	0.033	0.740	0.158
0.911	0.021	0.008	0.060
0.143	0.583	0.150	0.124
0.038	0.033	0.013	0.916
0.007	0.005	0.032	0.956
