>GTTGACTT	1-GTTGACTT	10.222034	-0.000013	0	T:143.0(0.74%),B:580.6(1.08%),P:1e0	Tpos:23.1,Tstd:12.2,Bpos:374.6,Bstd:609.3,StrandBias:0.3,Multiplicity:1.01
0.083	0.050	0.688	0.179
0.001	0.033	0.001	0.965
0.001	0.001	0.017	0.981
0.001	0.013	0.961	0.025
0.997	0.001	0.001	0.001
0.001	0.997	0.001	0.001
0.027	0.048	0.001	0.924
0.099	0.106	0.065	0.730
>BAAAGTCA	2-BAAAGTCA	4.161567	-0.000000	0	T:384.0(1.99%),B:2520.3(4.69%),P:1e0	Tpos:22.7,Tstd:21.6,Bpos:26.6,Bstd:41.6,StrandBias:-0.8,Multiplicity:1.00
0.001	0.333	0.333	0.333
0.997	0.001	0.001	0.001
0.997	0.001	0.001	0.001
0.997	0.001	0.001	0.001
0.001	0.001	0.997	0.001
0.001	0.001	0.001	0.997
0.001	0.997	0.001	0.001
0.997	0.001	0.001	0.001
>TTTTWTTW	3-TTTTWTTW	6.273479	-0.000000	0	T:1499.0(7.79%),B:10985.6(20.43%),P:1e0	Tpos:37.2,Tstd:16.6,Bpos:823.3,Bstd:801.6,StrandBias:-0.6,Multiplicity:1.00
0.127	0.039	0.111	0.723
0.120	0.023	0.093	0.764
0.179	0.060	0.042	0.719
0.342	0.009	0.001	0.648
0.370	0.051	0.061	0.518
0.269	0.116	0.137	0.478
0.262	0.029	0.141	0.568
0.313	0.150	0.108	0.428
>TTTGACTT	4-TTTGACTT	8.236954	-0.000000	0	T:190.0(0.99%),B:1116.2(2.08%),P:1e0	Tpos:47.0,Tstd:0.0,Bpos:591.9,Bstd:809.0,StrandBias:10.0,Multiplicity:1.00
0.100	0.100	0.100	0.700
0.100	0.100	0.100	0.700
0.100	0.100	0.100	0.700
0.100	0.100	0.700	0.100
0.700	0.100	0.100	0.100
0.100	0.700	0.100	0.100
0.100	0.100	0.100	0.700
0.100	0.100	0.100	0.700
>WAWWWHAW	5-WAWWWHAW	3.636153	-0.000000	0	T:10619.0(55.16%),B:40158.2(74.67%),P:1e0	Tpos:24.4,Tstd:13.4,Bpos:444.8,Bstd:642.2,StrandBias:-0.0,Multiplicity:1.14
0.496	0.045	0.001	0.457
0.594	0.115	0.001	0.290
0.450	0.069	0.001	0.480
0.439	0.103	0.065	0.394
0.417	0.154	0.126	0.303
0.360	0.211	0.117	0.312
0.568	0.133	0.080	0.219
0.499	0.014	0.003	0.484
>WWWAAAWW	6-WWWAAAWW	3.917990	-0.000000	0	T:5315.0(27.61%),B:24574.6(45.69%),P:1e0	Tpos:33.0,Tstd:18.0,Bpos:218.8,Bstd:421.2,StrandBias:1.6,Multiplicity:1.00
0.415	0.113	0.125	0.346
0.433	0.120	0.132	0.315
0.436	0.141	0.110	0.313
0.568	0.194	0.101	0.137
0.693	0.129	0.093	0.085
0.534	0.102	0.058	0.306
0.416	0.116	0.112	0.356
0.380	0.139	0.154	0.327
>WTWWWWTW	7-WTWWWWTW	2.658716	-0.000000	0	T:14038.0(72.92%),B:46550.0(86.55%),P:1e0	Tpos:25.2,Tstd:13.9,Bpos:423.6,Bstd:630.3,StrandBias:-0.0,Multiplicity:1.07
0.405	0.110	0.113	0.372
0.138	0.001	0.058	0.803
0.318	0.114	0.151	0.417
0.344	0.105	0.145	0.406
0.300	0.118	0.196	0.386
0.336	0.122	0.170	0.373
0.213	0.150	0.201	0.435
0.356	0.144	0.199	0.300
>TTTWWTWW	8-TTTWWTWW	4.826791	-0.000000	0	T:4391.0(22.81%),B:20991.6(39.03%),P:1e0	Tpos:29.4,Tstd:20.7,Bpos:595.4,Bstd:872.4,StrandBias:0.6,Multiplicity:1.00
0.398	0.006	0.010	0.586
0.339	0.058	0.029	0.574
0.160	0.092	0.111	0.637
0.362	0.060	0.088	0.490
0.343	0.102	0.149	0.405
0.293	0.068	0.117	0.522
0.416	0.069	0.049	0.466
0.422	0.050	0.060	0.468
>AWTAAAAW	9-AWTAAAAW	3.479393	-0.000000	0	T:1413.0(7.34%),B:10480.9(19.49%),P:1e0	Tpos:25.3,Tstd:13.1,Bpos:530.5,Bstd:690.7,StrandBias:0.0,Multiplicity:1.03
0.997	0.001	0.001	0.001
0.504	0.001	0.065	0.430
0.001	0.001	0.001	0.997
0.997	0.001	0.001	0.001
0.997	0.001	0.001	0.001
0.997	0.001	0.001	0.001
0.997	0.001	0.001	0.001
0.543	0.001	0.001	0.455
>WWWWWWTW	10-WWWWWWTW	3.300121	-0.000000	0	T:6177.0(32.08%),B:26642.5(49.54%),P:1e0	Tpos:34.1,Tstd:14.1,Bpos:578.7,Bstd:796.1,StrandBias:-1.6,Multiplicity:1.00
0.340	0.181	0.170	0.310
0.476	0.001	0.001	0.522
0.346	0.123	0.130	0.400
0.375	0.117	0.137	0.371
0.363	0.159	0.136	0.341
0.384	0.097	0.113	0.406
0.001	0.218	0.157	0.624
0.311	0.154	0.169	0.366
>TTTTTTTW	11-TTTTTTTW	6.468828	-0.000000	0	T:921.0(4.78%),B:7983.4(14.84%),P:1e0	Tpos:18.0,Tstd:19.8,Bpos:435.6,Bstd:723.0,StrandBias:1.0,Multiplicity:1.00
0.347	0.037	0.060	0.556
0.315	0.021	0.060	0.604
0.266	0.027	0.065	0.642
0.245	0.001	0.001	0.753
0.149	0.001	0.020	0.830
0.231	0.066	0.068	0.635
0.315	0.076	0.133	0.476
0.317	0.163	0.155	0.365
>WWWAAWWW	12-WWWAAWWW	3.246760	-0.000000	0	T:12024.0(62.46%),B:42997.9(79.95%),P:1e0	Tpos:25.1,Tstd:13.8,Bpos:426.4,Bstd:626.6,StrandBias:0.0,Multiplicity:1.06
0.382	0.133	0.078	0.408
0.403	0.125	0.072	0.400
0.409	0.090	0.097	0.404
0.541	0.232	0.173	0.054
0.630	0.208	0.150	0.012
0.421	0.151	0.097	0.331
0.442	0.110	0.096	0.351
0.432	0.106	0.084	0.378
>WWWWNBND	13-WWWWNBND	2.882877	-0.000000	0	T:10365.0(53.84%),B:39164.8(72.82%),P:1e0	Tpos:25.4,Tstd:14.3,Bpos:423.4,Bstd:624.3,StrandBias:0.1,Multiplicity:1.04
0.425	0.088	0.055	0.432
0.411	0.158	0.011	0.420
0.458	0.001	0.008	0.533
0.439	0.001	0.112	0.448
0.273	0.221	0.242	0.264
0.178	0.239	0.232	0.351
0.256	0.213	0.202	0.329
0.331	0.178	0.185	0.307
>WAWWWWAW	14-WAWWWWAW	4.132901	-0.000000	0	T:7161.0(37.20%),B:30242.2(56.23%),P:1e0	Tpos:25.1,Tstd:13.8,Bpos:500.4,Bstd:680.8,StrandBias:-0.0,Multiplicity:1.07
0.369	0.116	0.122	0.393
0.497	0.158	0.094	0.251
0.343	0.141	0.159	0.357
0.433	0.111	0.086	0.369
0.425	0.101	0.064	0.410
0.474	0.035	0.084	0.408
0.878	0.014	0.013	0.095
0.495	0.001	0.001	0.503
>WWTTTWWW	15-WWTTTWWW	4.157068	-0.000000	0	T:4328.0(22.48%),B:21072.2(39.18%),P:1e0	Tpos:33.2,Tstd:9.1,Bpos:450.9,Bstd:611.2,StrandBias:2.0,Multiplicity:1.00
0.297	0.177	0.171	0.355
0.323	0.123	0.127	0.427
0.319	0.074	0.131	0.475
0.001	0.207	0.194	0.598
0.143	0.130	0.173	0.554
0.415	0.056	0.156	0.373
0.468	0.016	0.002	0.514
0.320	0.137	0.121	0.422
>WWTWDBNN	16-WWTWDBNN	3.248992	-0.000000	0	T:8966.0(46.57%),B:35669.2(66.32%),P:1e0	Tpos:24.7,Tstd:14.0,Bpos:412.8,Bstd:617.1,StrandBias:0.1,Multiplicity:1.01
0.453	0.042	0.001	0.504
0.371	0.088	0.065	0.476
0.376	0.001	0.027	0.596
0.374	0.012	0.114	0.500
0.272	0.150	0.218	0.360
0.191	0.231	0.230	0.348
0.294	0.184	0.234	0.288
0.315	0.181	0.202	0.302
>WWWWWWTW	17-WWWWWWTW	3.325593	-0.000000	0	T:5836.0(30.31%),B:25814.6(48.00%),P:1e0	Tpos:23.2,Tstd:12.6,Bpos:415.5,Bstd:658.3,StrandBias:-0.7,Multiplicity:1.00
0.430	0.050	0.107	0.413
0.447	0.001	0.005	0.547
0.334	0.142	0.118	0.406
0.320	0.160	0.155	0.364
0.336	0.160	0.160	0.344
0.342	0.097	0.165	0.395
0.001	0.250	0.221	0.528
0.368	0.124	0.168	0.340
>AAAAAWWW	18-AAAAAWWW	6.692117	-0.000000	0	T:3042.0(15.80%),B:17841.6(33.17%),P:1e0	Tpos:25.0,Tstd:13.4,Bpos:536.0,Bstd:709.4,StrandBias:0.1,Multiplicity:1.05
0.989	0.009	0.001	0.001
0.962	0.001	0.001	0.036
0.970	0.001	0.001	0.028
0.848	0.001	0.001	0.150
0.706	0.001	0.051	0.242
0.408	0.093	0.120	0.379
0.412	0.021	0.147	0.421
0.407	0.062	0.057	0.474
>AWTTTTTA	19-AWTTTTTA	5.707263	-0.000000	0	T:3613.0(18.77%),B:19608.8(36.46%),P:1e0	Tpos:24.6,Tstd:13.6,Bpos:546.4,Bstd:714.6,StrandBias:-0.0,Multiplicity:1.12
0.546	0.076	0.103	0.275
0.340	0.173	0.082	0.404
0.183	0.035	0.020	0.762
0.019	0.006	0.008	0.967
0.022	0.007	0.006	0.965
0.022	0.012	0.012	0.954
0.218	0.008	0.030	0.744
0.887	0.005	0.014	0.094
>AAAWWWAN	20-AAAWWWAN	4.522340	-0.000000	0	T:8517.0(44.24%),B:34204.1(63.60%),P:1e0	Tpos:24.8,Tstd:13.3,Bpos:530.5,Bstd:694.5,StrandBias:0.0,Multiplicity:1.21
0.846	0.001	0.001	0.152
0.943	0.001	0.001	0.055
0.777	0.001	0.001	0.221
0.465	0.001	0.001	0.533
0.468	0.001	0.001	0.530
0.475	0.001	0.001	0.523
0.456	0.119	0.119	0.306
0.312	0.209	0.243	0.236
>WTTWTWWW	21-WTTWTWWW	3.943635	-0.000000	0	T:8140.0(42.28%),B:32911.9(61.19%),P:1e0	Tpos:24.8,Tstd:13.9,Bpos:427.3,Bstd:634.1,StrandBias:0.1,Multiplicity:1.03
0.472	0.001	0.001	0.526
0.320	0.031	0.035	0.614
0.282	0.018	0.102	0.598
0.376	0.052	0.063	0.509
0.296	0.088	0.149	0.467
0.334	0.131	0.149	0.387
0.267	0.157	0.168	0.407
0.398	0.087	0.108	0.407
>WWTTWTWW	22-WWTTWTWW	2.880188	-0.000000	0	T:11690.0(60.72%),B:42156.8(78.38%),P:1e0	Tpos:25.2,Tstd:13.6,Bpos:410.4,Bstd:617.2,StrandBias:-0.1,Multiplicity:1.06
0.380	0.105	0.125	0.391
0.309	0.120	0.119	0.453
0.215	0.010	0.128	0.647
0.264	0.081	0.140	0.515
0.251	0.140	0.218	0.391
0.244	0.120	0.174	0.462
0.352	0.098	0.177	0.372
0.358	0.130	0.157	0.355
>AAAGTCAA	23-AAAGTCAA	3.572521	-0.000000	0	T:2438.0(12.66%),B:14931.6(27.76%),P:1e0	Tpos:25.1,Tstd:12.7,Bpos:415.6,Bstd:631.6,StrandBias:-0.0,Multiplicity:1.07
0.708	0.127	0.084	0.081
0.779	0.001	0.136	0.084
0.997	0.001	0.001	0.001
0.001	0.001	0.997	0.001
0.001	0.001	0.001	0.997
0.001	0.997	0.001	0.001
0.997	0.001	0.001	0.001
0.997	0.001	0.001	0.001
>WWWTWHWW	24-WWWTWHWW	3.952028	-0.000000	0	T:7479.0(38.85%),B:31407.8(58.40%),P:1e0	Tpos:25.4,Tstd:13.4,Bpos:502.7,Bstd:663.7,StrandBias:-0.0,Multiplicity:1.08
0.538	0.001	0.003	0.458
0.425	0.001	0.033	0.541
0.448	0.076	0.075	0.401
0.414	0.001	0.001	0.584
0.333	0.116	0.196	0.354
0.299	0.205	0.160	0.336
0.412	0.169	0.124	0.294
0.496	0.012	0.015	0.477
>TTTGACTT	25-TTTGACTT	6.427868	-0.000000	0	T:2265.0(11.77%),B:14399.7(26.77%),P:1e0	Tpos:24.7,Tstd:13.0,Bpos:498.2,Bstd:681.7,StrandBias:-0.0,Multiplicity:1.06
0.024	0.094	0.193	0.689
0.028	0.030	0.018	0.924
0.018	0.007	0.026	0.949
0.069	0.033	0.740	0.158
0.911	0.021	0.008	0.060
0.143	0.583	0.150	0.124
0.038	0.033	0.013	0.916
0.007	0.005	0.032	0.956
