>CACTCGACCT	1-CACTCGACCT	10.339650	-27.764836	0	T:65.0(0.34%),B:46.1(0.09%),P:1e-12	Tpos:22.2,Tstd:12.8,Bpos:336.6,Bstd:600.7,StrandBias:0.7,Multiplicity:1.09
0.031	0.791	0.011	0.167
0.984	0.014	0.001	0.001
0.014	0.984	0.001	0.001
0.001	0.014	0.014	0.971
0.001	0.988	0.010	0.001
0.034	0.001	0.964	0.001
0.997	0.001	0.001	0.001
0.001	0.984	0.001	0.014
0.001	0.931	0.014	0.054
0.216	0.058	0.088	0.638
>CGATCGACAC	2-CGATCGACAC	13.493170	-12.992986	0	T:14.0(0.07%),B:3.3(0.01%),P:1e-5	Tpos:24.1,Tstd:12.2,Bpos:473.1,Bstd:374.5,StrandBias:0.3,Multiplicity:1.43
0.001	0.997	0.001	0.001
0.088	0.001	0.910	0.001
0.961	0.001	0.037	0.001
0.001	0.026	0.037	0.936
0.001	0.997	0.001	0.001
0.001	0.001	0.997	0.001
0.997	0.001	0.001	0.001
0.001	0.925	0.001	0.073
0.961	0.037	0.001	0.001
0.001	0.961	0.037	0.001
>HNNGTTGACT	3-HNNGTTGACT	8.475253	-2.071725	0	T:9.0(0.05%),B:14.0(0.03%),P:1e0	Tpos:19.4,Tstd:9.8,Bpos:379.8,Bstd:625.8,StrandBias:0.7,Multiplicity:1.00
0.338	0.247	0.168	0.247
0.263	0.224	0.259	0.254
0.277	0.243	0.280	0.201
0.071	0.060	0.523	0.346
0.062	0.091	0.002	0.845
0.068	0.075	0.072	0.785
0.048	0.027	0.845	0.080
0.934	0.050	0.001	0.015
0.031	0.884	0.036	0.049
0.065	0.120	0.056	0.759
>WAAGTCAACN	4-WAAGTCAACN	9.909433	-1.633403	0	T:14.0(0.07%),B:28.1(0.05%),P:1e0	Tpos:19.8,Tstd:9.2,Bpos:486.9,Bstd:658.4,StrandBias:1.6,Multiplicity:1.00
0.339	0.202	0.048	0.411
0.419	0.179	0.172	0.229
0.792	0.001	0.187	0.020
0.001	0.001	0.997	0.001
0.001	0.003	0.001	0.995
0.010	0.925	0.064	0.001
0.919	0.045	0.035	0.001
0.997	0.001	0.001	0.001
0.181	0.485	0.159	0.175
0.195	0.205	0.255	0.345
>NDAGTCAAMN	5-NDAGTCAAMN	8.279144	-1.568617	0	T:43.0(0.22%),B:102.7(0.19%),P:1e0	Tpos:24.4,Tstd:12.9,Bpos:408.0,Bstd:597.6,StrandBias:-1.5,Multiplicity:1.00
0.257	0.290	0.157	0.296
0.351	0.002	0.314	0.332
0.552	0.087	0.181	0.180
0.001	0.001	0.997	0.001
0.001	0.001	0.001	0.997
0.001	0.950	0.001	0.048
0.938	0.001	0.060	0.001
0.706	0.001	0.147	0.146
0.247	0.382	0.143	0.228
0.218	0.222	0.280	0.280
>NGTTGACTHD	6-NGTTGACTHD	9.524561	-1.242210	0	T:19.0(0.10%),B:44.4(0.08%),P:1e0	Tpos:19.5,Tstd:12.4,Bpos:271.5,Bstd:376.4,StrandBias:0.0,Multiplicity:1.00
0.297	0.293	0.219	0.191
0.191	0.109	0.493	0.207
0.001	0.017	0.001	0.981
0.001	0.004	0.082	0.913
0.001	0.001	0.997	0.001
0.989	0.001	0.009	0.001
0.001	0.997	0.001	0.001
0.071	0.190	0.001	0.738
0.287	0.221	0.122	0.369
0.377	0.059	0.254	0.310
>AAAGTCAACB	7-AAAGTCAACB	10.076439	-0.591592	0	T:15.0(0.08%),B:42.2(0.08%),P:1e0	Tpos:16.2,Tstd:8.5,Bpos:368.6,Bstd:686.7,StrandBias:-0.6,Multiplicity:1.00
0.431	0.255	0.044	0.270
0.561	0.092	0.202	0.145
0.702	0.050	0.155	0.093
0.009	0.008	0.975	0.008
0.017	0.056	0.048	0.879
0.018	0.939	0.042	0.001
0.898	0.049	0.014	0.039
0.986	0.001	0.001	0.012
0.270	0.563	0.059	0.108
0.111	0.239	0.333	0.317
>WAGTCAACNA	8-WAGTCAACNA	9.462862	-0.515647	0	T:19.0(0.10%),B:55.6(0.10%),P:1e0	Tpos:23.0,Tstd:11.3,Bpos:391.5,Bstd:470.5,StrandBias:0.3,Multiplicity:1.00
0.384	0.101	0.214	0.301
0.649	0.015	0.285	0.051
0.001	0.009	0.904	0.086
0.048	0.011	0.004	0.937
0.001	0.975	0.023	0.001
0.997	0.001	0.001	0.001
0.956	0.001	0.042	0.001
0.246	0.460	0.082	0.212
0.192	0.207	0.270	0.331
0.411	0.142	0.235	0.211
>TAGTCAAHNN	9-TAGTCAAHNN	8.438616	-0.145712	0	T:8.0(0.04%),B:32.4(0.06%),P:1e0	Tpos:29.2,Tstd:12.2,Bpos:355.1,Bstd:753.1,StrandBias:2.8,Multiplicity:1.00
0.293	0.018	0.199	0.490
0.776	0.058	0.103	0.063
0.055	0.039	0.859	0.047
0.057	0.037	0.050	0.856
0.040	0.859	0.066	0.035
0.872	0.050	0.039	0.039
0.811	0.047	0.072	0.070
0.339	0.360	0.015	0.286
0.269	0.280	0.217	0.234
0.233	0.268	0.242	0.256
>NHAAGTCAAC	10-NHAAGTCAAC	8.734627	-0.062473	0	T:22.0(0.11%),B:86.8(0.16%),P:1e0	Tpos:29.3,Tstd:11.3,Bpos:441.2,Bstd:712.5,StrandBias:-1.4,Multiplicity:1.00
0.277	0.280	0.200	0.243
0.297	0.270	0.137	0.296
0.397	0.139	0.229	0.236
0.509	0.029	0.263	0.199
0.001	0.001	0.985	0.013
0.001	0.015	0.001	0.983
0.001	0.997	0.001	0.001
0.997	0.001	0.001	0.001
0.789	0.001	0.209	0.001
0.244	0.466	0.103	0.187
>GTTGACTNNW	11-GTTGACTNNW	9.191586	-0.030963	0	T:11.0(0.06%),B:53.8(0.10%),P:1e0	Tpos:21.4,Tstd:10.6,Bpos:628.0,Bstd:816.8,StrandBias:-1.2,Multiplicity:1.00
0.189	0.001	0.536	0.274
0.001	0.001	0.001	0.997
0.001	0.001	0.001	0.997
0.001	0.001	0.997	0.001
0.997	0.001	0.001	0.001
0.001	0.997	0.001	0.001
0.174	0.257	0.001	0.568
0.298	0.260	0.177	0.266
0.295	0.154	0.291	0.260
0.278	0.180	0.188	0.355
>AGTCAACTNT	12-AGTCAACTNT	9.419120	-0.005265	0	T:5.0(0.03%),B:38.7(0.07%),P:1e0	Tpos:22.8,Tstd:3.6,Bpos:471.0,Bstd:722.1,StrandBias:1.6,Multiplicity:1.00
0.721	0.046	0.160	0.073
0.049	0.058	0.830	0.063
0.001	0.021	0.034	0.944
0.075	0.842	0.082	0.001
0.776	0.118	0.052	0.054
0.982	0.003	0.012	0.003
0.138	0.581	0.125	0.156
0.144	0.199	0.197	0.460
0.293	0.217	0.244	0.247
0.221	0.156	0.209	0.414
>DTTGACTMNN	13-DTTGACTMNN	8.305473	-0.002104	0	T:11.0(0.06%),B:69.1(0.13%),P:1e0	Tpos:25.5,Tstd:12.3,Bpos:458.4,Bstd:599.7,StrandBias:0.8,Multiplicity:1.00
0.320	0.170	0.292	0.218
0.065	0.084	0.053	0.798
0.043	0.065	0.044	0.848
0.047	0.071	0.821	0.061
0.877	0.047	0.045	0.031
0.060	0.830	0.065	0.045
0.070	0.111	0.057	0.762
0.444	0.338	0.001	0.217
0.288	0.224	0.246	0.242
0.215	0.235	0.245	0.306
>NNNDAGTCAA	14-NNNDAGTCAA	7.699953	-0.000557	0	T:14.0(0.07%),B:89.7(0.17%),P:1e0	Tpos:30.5,Tstd:14.2,Bpos:364.7,Bstd:464.7,StrandBias:-0.7,Multiplicity:1.00
0.324	0.214	0.187	0.274
0.289	0.236	0.217	0.258
0.299	0.259	0.163	0.278
0.301	0.092	0.285	0.322
0.850	0.040	0.070	0.040
0.057	0.129	0.776	0.038
0.041	0.212	0.049	0.698
0.079	0.812	0.071	0.038
0.849	0.059	0.040	0.052
0.736	0.073	0.095	0.096
>TVTCTCTTTC	15-TVTCTCTTTC	12.122724	-0.000001	0	T:13.0(0.07%),B:118.9(0.22%),P:1e0	Tpos:22.4,Tstd:4.6,Bpos:298.4,Bstd:744.9,StrandBias:-0.6,Multiplicity:1.00
0.283	0.043	0.001	0.673
0.301	0.285	0.374	0.039
0.001	0.001	0.001	0.997
0.001	0.997	0.001	0.001
0.001	0.001	0.001	0.997
0.001	0.712	0.001	0.286
0.001	0.001	0.001	0.997
0.001	0.001	0.001	0.997
0.001	0.001	0.001	0.997
0.001	0.997	0.001	0.001
>GAGAGAGAGA	16-GAGAGAGAGA	5.820645	-0.000000	0	T:2334.0(12.12%),B:15439.6(28.71%),P:1e0	Tpos:24.9,Tstd:12.0,Bpos:332.0,Bstd:548.2,StrandBias:-0.0,Multiplicity:1.09
0.339	0.034	0.604	0.023
0.579	0.011	0.017	0.393
0.159	0.009	0.820	0.012
0.610	0.001	0.014	0.375
0.184	0.035	0.777	0.004
0.582	0.012	0.074	0.332
0.242	0.047	0.703	0.008
0.676	0.009	0.001	0.314
0.259	0.066	0.652	0.023
0.494	0.083	0.161	0.262
>AAAAAAAAAA	17-AAAAAAAAAA	4.692713	-0.000000	0	T:5932.0(30.81%),B:27728.8(51.56%),P:1e0	Tpos:24.7,Tstd:13.0,Bpos:577.6,Bstd:726.7,StrandBias:0.0,Multiplicity:1.09
0.621	0.053	0.098	0.228
0.689	0.036	0.116	0.159
0.740	0.029	0.077	0.154
0.707	0.039	0.097	0.157
0.673	0.062	0.102	0.163
0.621	0.079	0.111	0.189
0.557	0.097	0.133	0.213
0.489	0.105	0.161	0.246
0.478	0.116	0.138	0.268
0.451	0.112	0.163	0.275
>TTTTTTTTTT	18-TTTTTTTTTT	5.169190	-0.000000	0	T:4789.0(24.88%),B:25499.8(47.41%),P:1e0	Tpos:25.1,Tstd:12.6,Bpos:506.9,Bstd:685.9,StrandBias:-0.0,Multiplicity:1.07
0.158	0.158	0.067	0.617
0.158	0.219	0.051	0.572
0.052	0.001	0.001	0.946
0.063	0.186	0.048	0.703
0.110	0.161	0.049	0.680
0.152	0.185	0.055	0.608
0.147	0.161	0.073	0.619
0.185	0.198	0.107	0.510
0.200	0.173	0.130	0.497
0.232	0.186	0.161	0.421
>TTTTYTYTYT	19-TTTTYTYTYT	6.202105	-0.000000	0	T:3493.0(18.14%),B:21232.6(39.48%),P:1e0	Tpos:24.8,Tstd:12.8,Bpos:464.5,Bstd:663.1,StrandBias:0.1,Multiplicity:1.09
0.165	0.245	0.111	0.479
0.136	0.257	0.004	0.603
0.045	0.298	0.087	0.570
0.193	0.215	0.010	0.582
0.001	0.437	0.074	0.487
0.092	0.088	0.005	0.815
0.011	0.483	0.029	0.476
0.113	0.014	0.003	0.870
0.005	0.461	0.004	0.530
0.148	0.200	0.039	0.613
>TTTTTTTTTT	20-TTTTTTTTTT	7.111671	-0.000000	0	T:813.0(4.22%),B:7229.3(13.44%),P:1e0	Tpos:4.0,Tstd:0.0,Bpos:365.1,Bstd:670.8,StrandBias:-10.0,Multiplicity:1.00
0.265	0.158	0.092	0.485
0.262	0.155	0.085	0.499
0.249	0.001	0.107	0.643
0.193	0.149	0.089	0.569
0.186	0.135	0.068	0.611
0.182	0.123	0.065	0.630
0.179	0.133	0.049	0.639
0.183	0.123	0.061	0.633
0.257	0.001	0.001	0.741
0.226	0.144	0.089	0.541
>AATTTWTAAA	21-AATTTWTAAA	10.372489	-0.000000	0	T:13.0(0.07%),B:284.6(0.53%),P:1e0	Tpos:30.2,Tstd:11.1,Bpos:620.0,Bstd:853.8,StrandBias:2.0,Multiplicity:1.00
0.878	0.001	0.001	0.120
0.802	0.001	0.001	0.196
0.398	0.001	0.001	0.600
0.312	0.001	0.001	0.686
0.342	0.001	0.001	0.656
0.560	0.001	0.001	0.438
0.307	0.001	0.001	0.691
0.595	0.001	0.001	0.403
0.807	0.001	0.001	0.191
0.863	0.001	0.001	0.135
>WTTTAATTTT	22-WTTTAATTTT	8.733276	-0.000000	0	T:672.0(3.49%),B:6049.6(11.25%),P:1e0	Tpos:25.1,Tstd:13.7,Bpos:613.0,Bstd:736.2,StrandBias:0.0,Multiplicity:1.01
0.427	0.001	0.001	0.571
0.332	0.001	0.001	0.666
0.270	0.001	0.001	0.728
0.261	0.001	0.001	0.737
0.990	0.001	0.001	0.008
0.997	0.001	0.001	0.001
0.407	0.001	0.001	0.591
0.400	0.001	0.001	0.598
0.399	0.001	0.001	0.599
0.392	0.001	0.001	0.606
>TTTTTTTTTW	23-TTTTTTTTTW	6.618567	-0.000000	0	T:1845.0(9.58%),B:13063.6(24.29%),P:1e0	Tpos:25.3,Tstd:13.4,Bpos:518.6,Bstd:679.1,StrandBias:0.1,Multiplicity:1.01
0.106	0.203	0.039	0.652
0.054	0.205	0.037	0.704
0.021	0.155	0.003	0.821
0.025	0.156	0.022	0.797
0.029	0.157	0.022	0.792
0.120	0.190	0.062	0.628
0.177	0.173	0.069	0.581
0.185	0.171	0.121	0.523
0.221	0.163	0.157	0.460
0.288	0.137	0.174	0.400
>YTCTCTCTYW	24-YTCTCTCTYW	6.845905	-0.000000	0	T:276.0(1.43%),B:1785.2(3.32%),P:1e0	Tpos:45.0,Tstd:0.0,Bpos:120.9,Bstd:98.3,StrandBias:-10.0,Multiplicity:1.00
0.208	0.366	0.122	0.304
0.284	0.151	0.055	0.510
0.008	0.525	0.113	0.354
0.380	0.049	0.003	0.568
0.010	0.681	0.045	0.264
0.337	0.054	0.001	0.608
0.066	0.637	0.006	0.291
0.304	0.140	0.070	0.485
0.127	0.481	0.037	0.355
0.298	0.172	0.102	0.427
>CTCTCTTTTT	25-CTCTCTTTTT	11.482037	0.000000	0	T:26.0(0.14%),B:366.7(0.68%),P:1e0	Tpos:32.7,Tstd:9.5,Bpos:344.4,Bstd:573.1,StrandBias:1.0,Multiplicity:1.00
0.018	0.766	0.029	0.187
0.153	0.001	0.001	0.845
0.005	0.814	0.006	0.175
0.001	0.013	0.001	0.985
0.001	0.859	0.001	0.139
0.104	0.001	0.005	0.890
0.013	0.066	0.002	0.919
0.099	0.231	0.108	0.562
0.044	0.071	0.032	0.853
0.149	0.181	0.141	0.529
