>TYACTCGACCTC	1-TYACTCGACCTC	10.973520	-31.892073	0	T:60.0(0.31%),B:33.2(0.06%),P:1e-13	Tpos:23.3,Tstd:10.8,Bpos:362.4,Bstd:764.3,StrandBias:0.7,Multiplicity:1.05
0.282	0.055	0.073	0.590
0.001	0.456	0.001	0.542
0.997	0.001	0.001	0.001
0.001	0.997	0.001	0.001
0.001	0.001	0.001	0.997
0.001	0.997	0.001	0.001
0.001	0.001	0.997	0.001
0.997	0.001	0.001	0.001
0.001	0.773	0.001	0.225
0.001	0.926	0.001	0.072
0.231	0.080	0.164	0.525
0.018	0.743	0.001	0.238
>GTCGATCGACAC	2-GTCGATCGACAC	9.839833	-16.075073	0	T:22.0(0.11%),B:8.9(0.02%),P:1e-6	Tpos:26.9,Tstd:11.6,Bpos:613.6,Bstd:564.9,StrandBias:0.0,Multiplicity:1.00
0.161	0.015	0.558	0.266
0.186	0.152	0.020	0.642
0.015	0.609	0.019	0.357
0.327	0.025	0.590	0.058
0.657	0.046	0.243	0.054
0.256	0.142	0.020	0.582
0.031	0.596	0.035	0.338
0.361	0.020	0.609	0.010
0.707	0.020	0.030	0.243
0.228	0.565	0.034	0.173
0.945	0.010	0.010	0.035
0.041	0.587	0.145	0.227
>AACCTACTATCA	3-AACCTACTATCA	11.807533	-7.043369	0	T:18.0(0.09%),B:16.1(0.03%),P:1e-3	Tpos:24.0,Tstd:10.5,Bpos:406.7,Bstd:506.6,StrandBias:0.3,Multiplicity:1.00
0.833	0.111	0.001	0.055
0.849	0.075	0.001	0.075
0.075	0.783	0.083	0.059
0.131	0.745	0.028	0.096
0.030	0.055	0.001	0.914
0.783	0.056	0.083	0.078
0.049	0.834	0.056	0.061
0.055	0.001	0.027	0.917
0.767	0.083	0.047	0.103
0.057	0.083	0.028	0.832
0.030	0.858	0.056	0.056
0.885	0.027	0.001	0.087
>TGGCTTTGTATC	4-TGGCTTTGTATC	13.046765	-6.324422	0	T:17.0(0.09%),B:16.4(0.03%),P:1e-2	Tpos:25.7,Tstd:11.7,Bpos:674.4,Bstd:735.5,StrandBias:-0.5,Multiplicity:1.00
0.046	0.066	0.001	0.887
0.001	0.001	0.997	0.001
0.001	0.001	0.932	0.066
0.001	0.905	0.066	0.028
0.001	0.001	0.001	0.997
0.001	0.046	0.066	0.887
0.066	0.001	0.001	0.932
0.001	0.001	0.997	0.001
0.001	0.066	0.066	0.867
0.812	0.001	0.186	0.001
0.001	0.001	0.001	0.997
0.046	0.907	0.046	0.001
>GTAGTGTTTCCT	5-GTAGTGTTTCCT	12.991874	-6.045363	0	T:16.0(0.08%),B:15.2(0.03%),P:1e-2	Tpos:29.3,Tstd:11.5,Bpos:510.3,Bstd:531.3,StrandBias:0.0,Multiplicity:1.00
0.064	0.001	0.871	0.064
0.001	0.001	0.001	0.997
0.871	0.001	0.064	0.064
0.045	0.045	0.909	0.001
0.001	0.001	0.001	0.997
0.064	0.001	0.934	0.001
0.064	0.064	0.001	0.871
0.001	0.064	0.001	0.934
0.001	0.001	0.044	0.954
0.001	0.997	0.001	0.001
0.065	0.825	0.065	0.045
0.064	0.001	0.001	0.934
>TGTGWGAGWGAG	6-TGTGWGAGWGAG	11.686874	-5.523347	0	T:8.0(0.04%),B:4.0(0.01%),P:1e-2	Tpos:24.9,Tstd:11.7,Bpos:518.1,Bstd:745.8,StrandBias:0.7,Multiplicity:1.00
0.320	0.040	0.045	0.595
0.094	0.041	0.774	0.091
0.367	0.056	0.030	0.547
0.077	0.053	0.828	0.042
0.450	0.028	0.049	0.473
0.063	0.054	0.830	0.053
0.590	0.022	0.024	0.364
0.062	0.049	0.836	0.053
0.435	0.037	0.021	0.507
0.086	0.050	0.820	0.044
0.707	0.019	0.051	0.223
0.255	0.061	0.628	0.056
>ACTACAAGAAAA	7-ACTACAAGAAAA	13.762528	-4.213071	0	T:17.0(0.09%),B:22.0(0.04%),P:1e-1	Tpos:26.2,Tstd:9.6,Bpos:445.7,Bstd:532.9,StrandBias:0.9,Multiplicity:1.00
0.942	0.001	0.056	0.001
0.001	0.997	0.001	0.001
0.001	0.001	0.001	0.997
0.997	0.001	0.001	0.001
0.001	0.997	0.001	0.001
0.918	0.001	0.080	0.001
0.837	0.001	0.081	0.081
0.001	0.001	0.997	0.001
0.997	0.001	0.001	0.001
0.997	0.001	0.001	0.001
0.997	0.001	0.001	0.001
0.918	0.001	0.001	0.080
>NTGACTAAGTCD	8-NTGACTAAGTCD	9.735805	-2.666659	0	T:2.0(0.01%),B:0.9(0.00%),P:1e-1	Tpos:34.0,Tstd:8.0,Bpos:32.0,Bstd:0.0,StrandBias:10.0,Multiplicity:1.00
0.316	0.192	0.210	0.283
0.136	0.115	0.098	0.651
0.134	0.125	0.608	0.133
0.680	0.087	0.101	0.132
0.120	0.628	0.112	0.140
0.141	0.117	0.117	0.625
0.623	0.115	0.120	0.142
0.664	0.104	0.112	0.120
0.133	0.112	0.616	0.139
0.147	0.096	0.094	0.663
0.153	0.587	0.132	0.128
0.340	0.182	0.221	0.256
>NNNANTTGACTY	9-NNNANTTGACTY	9.916287	-2.666659	0	T:2.0(0.01%),B:0.6(0.00%),P:1e-1	Tpos:14.0,Tstd:0.0,Bpos:81.0,Bstd:0.0,StrandBias:0.0,Multiplicity:1.00
0.281	0.198	0.296	0.224
0.274	0.292	0.259	0.175
0.271	0.215	0.273	0.242
0.504	0.268	0.227	0.001
0.198	0.242	0.342	0.218
0.001	0.001	0.001	0.997
0.001	0.001	0.001	0.997
0.032	0.001	0.615	0.352
0.997	0.001	0.001	0.001
0.001	0.997	0.001	0.001
0.001	0.001	0.001	0.997
0.001	0.520	0.001	0.478
>TTTAAGAGAGAG	10-TTTAAGAGAGAG	14.415812	-1.761294	0	T:2.0(0.01%),B:1.8(0.00%),P:1e0	Tpos:19.0,Tstd:12.0,Bpos:411.9,Bstd:152.2,StrandBias:10.0,Multiplicity:1.00
0.064	0.057	0.033	0.846
0.060	0.049	0.072	0.819
0.122	0.067	0.091	0.720
0.701	0.063	0.121	0.115
0.892	0.017	0.039	0.052
0.076	0.051	0.792	0.081
0.900	0.011	0.023	0.066
0.060	0.076	0.843	0.021
0.932	0.001	0.019	0.048
0.106	0.019	0.864	0.011
0.835	0.029	0.048	0.088
0.070	0.023	0.862	0.045
>TCACTCTCACTC	11-TCACTCTCACTC	11.490866	-1.040019	0	T:26.0(0.14%),B:65.7(0.12%),P:1e0	Tpos:26.5,Tstd:12.0,Bpos:219.3,Bstd:347.2,StrandBias:-0.7,Multiplicity:1.16
0.089	0.076	0.028	0.807
0.088	0.727	0.082	0.103
0.708	0.054	0.039	0.199
0.122	0.715	0.060	0.103
0.108	0.049	0.013	0.830
0.082	0.714	0.069	0.135
0.101	0.053	0.011	0.835
0.075	0.743	0.074	0.108
0.717	0.067	0.037	0.179
0.101	0.741	0.075	0.083
0.130	0.055	0.048	0.767
0.102	0.693	0.061	0.144
>AWAAGTCAACDN	12-AWAAGTCAACDN	11.465160	-0.981651	0	T:8.0(0.04%),B:18.1(0.03%),P:1e0	Tpos:21.1,Tstd:13.5,Bpos:458.2,Bstd:626.8,StrandBias:1.6,Multiplicity:1.00
0.418	0.178	0.142	0.262
0.411	0.178	0.143	0.268
0.438	0.107	0.239	0.215
0.917	0.001	0.081	0.001
0.001	0.001	0.997	0.001
0.001	0.001	0.001	0.997
0.001	0.997	0.001	0.001
0.992	0.006	0.001	0.001
0.997	0.001	0.001	0.001
0.039	0.959	0.001	0.001
0.297	0.137	0.272	0.294
0.298	0.293	0.165	0.244
>CTYTTTGACTTT	13-CTYTTTGACTTT	13.304580	-0.869528	0	T:5.0(0.03%),B:11.5(0.02%),P:1e0	Tpos:23.2,Tstd:13.9,Bpos:558.4,Bstd:787.7,StrandBias:0.6,Multiplicity:1.00
0.001	0.512	0.266	0.221
0.001	0.001	0.144	0.854
0.197	0.353	0.001	0.449
0.128	0.083	0.154	0.635
0.113	0.001	0.001	0.885
0.001	0.001	0.001	0.997
0.001	0.057	0.874	0.068
0.582	0.001	0.416	0.001
0.065	0.873	0.061	0.001
0.093	0.001	0.092	0.814
0.001	0.067	0.001	0.931
0.001	0.032	0.001	0.966
>AGTTGACTTDTT	14-AGTTGACTTDTT	11.569739	-0.603121	0	T:26.0(0.14%),B:73.6(0.14%),P:1e0	Tpos:23.2,Tstd:10.0,Bpos:458.9,Bstd:727.8,StrandBias:0.3,Multiplicity:1.00
0.474	0.211	0.001	0.313
0.001	0.001	0.995	0.003
0.001	0.001	0.001	0.997
0.175	0.001	0.001	0.823
0.001	0.150	0.792	0.057
0.921	0.001	0.077	0.001
0.001	0.990	0.001	0.008
0.267	0.001	0.018	0.714
0.001	0.001	0.148	0.850
0.276	0.001	0.303	0.420
0.145	0.222	0.160	0.473
0.148	0.146	0.153	0.553
>CTYWAAAGTCAA	15-CTYWAAAGTCAA	13.130399	-0.572503	0	T:10.0(0.05%),B:28.4(0.05%),P:1e0	Tpos:24.5,Tstd:13.0,Bpos:332.2,Bstd:635.1,StrandBias:1.2,Multiplicity:1.00
0.033	0.621	0.025	0.321
0.019	0.062	0.018	0.901
0.023	0.432	0.018	0.527
0.481	0.055	0.018	0.446
0.915	0.021	0.013	0.051
0.839	0.080	0.019	0.062
0.896	0.022	0.049	0.033
0.030	0.017	0.573	0.380
0.033	0.044	0.040	0.883
0.041	0.919	0.005	0.035
0.943	0.001	0.013	0.043
0.924	0.038	0.013	0.025
>AGTCAAACAAAW	16-AGTCAAACAAAW	12.423124	-0.350368	0	T:9.0(0.05%),B:29.2(0.05%),P:1e0	Tpos:26.0,Tstd:12.0,Bpos:330.2,Bstd:481.3,StrandBias:-1.0,Multiplicity:1.00
0.708	0.052	0.097	0.143
0.001	0.177	0.821	0.001
0.049	0.091	0.001	0.859
0.001	0.956	0.038	0.005
0.938	0.012	0.001	0.049
0.959	0.025	0.015	0.001
0.628	0.335	0.005	0.032
0.181	0.459	0.204	0.157
0.647	0.206	0.076	0.071
0.695	0.114	0.005	0.186
0.924	0.024	0.010	0.042
0.383	0.223	0.105	0.288
>AGTCAAACTCAA	17-AGTCAAACTCAA	12.501355	-0.348224	0	T:1.0(0.01%),B:3.6(0.01%),P:1e0	Tpos:30.0,Tstd:0.0,Bpos:504.2,Bstd:560.6,StrandBias:10.0,Multiplicity:1.00
0.818	0.063	0.118	0.001
0.184	0.044	0.550	0.222
0.012	0.072	0.001	0.915
0.061	0.548	0.175	0.216
0.900	0.043	0.056	0.001
0.883	0.063	0.001	0.053
0.722	0.067	0.135	0.076
0.001	0.660	0.262	0.077
0.164	0.175	0.046	0.615
0.170	0.591	0.073	0.166
0.753	0.091	0.037	0.119
0.685	0.079	0.056	0.180
>HHHNTTGACTTW	18-HHHNTTGACTTW	10.640413	-0.224749	0	T:3.0(0.02%),B:12.8(0.02%),P:1e0	Tpos:15.3,Tstd:9.9,Bpos:225.3,Bstd:247.7,StrandBias:-10.0,Multiplicity:1.00
0.348	0.280	0.130	0.242
0.286	0.322	0.099	0.292
0.243	0.313	0.088	0.357
0.187	0.236	0.288	0.289
0.001	0.001	0.001	0.997
0.001	0.001	0.001	0.997
0.001	0.001	0.997	0.001
0.997	0.001	0.001	0.001
0.001	0.997	0.001	0.001
0.001	0.001	0.001	0.997
0.234	0.003	0.157	0.606
0.320	0.117	0.201	0.362
>KTTGACTTTTHW	19-KTTGACTTTTHW	11.307809	-0.144973	0	T:3.0(0.02%),B:14.5(0.03%),P:1e0	Tpos:22.7,Tstd:8.2,Bpos:724.3,Bstd:482.5,StrandBias:1.0,Multiplicity:1.00
0.175	0.174	0.265	0.386
0.078	0.001	0.001	0.920
0.001	0.001	0.001	0.997
0.001	0.001	0.997	0.001
0.978	0.001	0.020	0.001
0.001	0.997	0.001	0.001
0.153	0.001	0.001	0.845
0.177	0.245	0.018	0.560
0.001	0.211	0.192	0.596
0.197	0.198	0.186	0.419
0.346	0.250	0.154	0.250
0.345	0.167	0.181	0.307
>NNGTTGACTTNN	20-NNGTTGACTTNN	10.576880	-0.131686	0	T:5.0(0.03%),B:22.7(0.04%),P:1e0	Tpos:17.0,Tstd:7.0,Bpos:299.3,Bstd:427.6,StrandBias:-10.0,Multiplicity:1.00
0.278	0.203	0.222	0.298
0.278	0.218	0.198	0.306
0.080	0.077	0.722	0.121
0.001	0.043	0.001	0.955
0.001	0.001	0.044	0.954
0.001	0.054	0.869	0.076
0.937	0.001	0.001	0.061
0.086	0.784	0.052	0.078
0.057	0.050	0.001	0.892
0.075	0.079	0.064	0.782
0.275	0.205	0.215	0.306
0.286	0.192	0.221	0.301
>TTTTTAAAACCC	21-TTTTTAAAACCC	13.158265	-0.013880	0	T:1.0(0.01%),B:13.5(0.03%),P:1e0	Tpos:40.0,Tstd:0.0,Bpos:759.8,Bstd:732.6,StrandBias:10.0,Multiplicity:1.00
0.111	0.074	0.064	0.751
0.093	0.075	0.067	0.765
0.082	0.070	0.078	0.770
0.086	0.058	0.061	0.795
0.105	0.089	0.079	0.727
0.730	0.093	0.080	0.097
0.824	0.047	0.056	0.073
0.838	0.048	0.049	0.065
0.783	0.065	0.057	0.095
0.122	0.684	0.075	0.119
0.125	0.673	0.064	0.138
0.140	0.665	0.073	0.122
>WAAAAGTCAAMK	22-WAAAAGTCAAMK	12.019920	-0.004836	0	T:6.0(0.03%),B:43.9(0.08%),P:1e0	Tpos:12.2,Tstd:8.2,Bpos:395.6,Bstd:640.0,StrandBias:0.0,Multiplicity:1.00
0.403	0.148	0.131	0.319
0.471	0.157	0.087	0.284
0.466	0.135	0.106	0.294
0.619	0.053	0.145	0.183
0.945	0.001	0.053	0.001
0.001	0.001	0.997	0.001
0.001	0.001	0.001	0.997
0.001	0.997	0.001	0.001
0.997	0.001	0.001	0.001
0.997	0.001	0.001	0.001
0.503	0.444	0.038	0.015
0.209	0.151	0.253	0.386
>TTNWAAAGTCAA	23-TTNWAAAGTCAA	11.270403	-0.000330	0	T:3.0(0.02%),B:39.5(0.07%),P:1e0	Tpos:25.3,Tstd:6.1,Bpos:1021.3,Bstd:909.6,StrandBias:-1.0,Multiplicity:1.00
0.189	0.197	0.201	0.413
0.293	0.096	0.075	0.536
0.268	0.216	0.191	0.324
0.409	0.168	0.119	0.304
0.572	0.127	0.130	0.171
0.578	0.025	0.125	0.272
0.941	0.001	0.057	0.001
0.191	0.006	0.802	0.001
0.021	0.092	0.001	0.886
0.025	0.961	0.013	0.001
0.910	0.001	0.026	0.063
0.997	0.001	0.001	0.001
>TCTCTCTCTCTC	24-TCTCTCTCTCTC	5.726175	-0.000000	0	T:1679.0(8.72%),B:12257.9(22.79%),P:1e0	Tpos:24.8,Tstd:11.4,Bpos:328.1,Bstd:541.5,StrandBias:0.1,Multiplicity:1.07
0.112	0.108	0.001	0.779
0.039	0.888	0.029	0.044
0.001	0.023	0.001	0.975
0.036	0.667	0.086	0.211
0.001	0.001	0.001	0.997
0.038	0.680	0.068	0.214
0.165	0.001	0.001	0.833
0.011	0.843	0.087	0.059
0.109	0.001	0.001	0.889
0.065	0.687	0.033	0.215
0.226	0.001	0.053	0.720
0.112	0.698	0.035	0.155
>YTTTTTTTTTTT	25-YTTTTTTTTTTT	3.511071	-0.000000	0	T:2682.0(13.93%),B:18168.9(33.78%),P:1e0	Tpos:24.9,Tstd:12.3,Bpos:449.0,Bstd:653.3,StrandBias:0.2,Multiplicity:1.05
0.160	0.400	0.001	0.439
0.001	0.016	0.001	0.982
0.001	0.005	0.001	0.993
0.001	0.208	0.001	0.790
0.001	0.073	0.012	0.914
0.001	0.087	0.001	0.911
0.001	0.125	0.001	0.873
0.001	0.016	0.001	0.982
0.001	0.130	0.001	0.868
0.001	0.204	0.001	0.794
0.001	0.107	0.001	0.891
0.001	0.140	0.001	0.858
