>DGHGGTCGAGTG	1-DGHGGTCGAGTG	12.628417	-13.219315	0	T:14.0(0.07%),B:2.8(0.01%),P:1e-5	Tpos:26.7,Tstd:11.6,Bpos:25.0,Bstd:33.9,StrandBias:0.2,Multiplicity:1.07
0.253	0.063	0.317	0.366
0.063	0.042	0.894	0.001
0.382	0.298	0.003	0.317
0.250	0.001	0.748	0.001
0.311	0.001	0.687	0.001
0.001	0.123	0.001	0.875
0.001	0.813	0.061	0.125
0.001	0.001	0.997	0.001
0.997	0.001	0.001	0.001
0.001	0.001	0.997	0.001
0.001	0.001	0.001	0.997
0.251	0.001	0.747	0.001
>GTGTCGATCGAC	2-GTGTCGATCGAC	12.972841	-9.912120	0	T:11.0(0.05%),B:2.2(0.00%),P:1e-4	Tpos:24.4,Tstd:11.7,Bpos:1125.1,Bstd:347.9,StrandBias:-0.2,Multiplicity:1.09
0.029	0.001	0.969	0.001
0.001	0.001	0.001	0.997
0.211	0.001	0.787	0.001
0.001	0.001	0.001	0.997
0.001	0.757	0.091	0.151
0.393	0.001	0.605	0.001
0.697	0.001	0.151	0.151
0.030	0.182	0.030	0.758
0.001	0.605	0.001	0.393
0.001	0.001	0.997	0.001
0.997	0.001	0.001	0.001
0.001	0.969	0.001	0.029
>BWNNKTTGACTT	3-BWNNKTTGACTT	10.090734	-2.982219	0	T:46.0(0.22%),B:82.8(0.16%),P:1e-1	Tpos:26.1,Tstd:11.8,Bpos:374.3,Bstd:655.9,StrandBias:-0.6,Multiplicity:1.00
0.142	0.320	0.297	0.241
0.354	0.135	0.171	0.340
0.223	0.280	0.253	0.244
0.225	0.271	0.238	0.266
0.132	0.146	0.419	0.303
0.001	0.001	0.001	0.997
0.001	0.001	0.001	0.997
0.001	0.001	0.997	0.001
0.997	0.001	0.001	0.001
0.001	0.997	0.001	0.001
0.001	0.001	0.001	0.997
0.351	0.086	0.001	0.562
>WYHCACGTGTCA	4-WYHCACGTGTCA	11.162484	-2.074076	0	T:10.0(0.05%),B:14.9(0.03%),P:1e0	Tpos:23.0,Tstd:9.0,Bpos:141.2,Bstd:105.7,StrandBias:-0.6,Multiplicity:1.00
0.282	0.139	0.167	0.412
0.228	0.282	0.108	0.381
0.320	0.318	0.025	0.337
0.024	0.974	0.001	0.001
0.983	0.008	0.001	0.008
0.017	0.928	0.008	0.047
0.259	0.014	0.710	0.017
0.025	0.117	0.017	0.841
0.008	0.025	0.950	0.017
0.165	0.001	0.234	0.600
0.036	0.714	0.042	0.208
0.523	0.147	0.112	0.218
>AGTCAAAGTCAA	5-AGTCAAAGTCAA	14.377922	-1.399001	0	T:6.0(0.03%),B:9.6(0.02%),P:1e0	Tpos:21.3,Tstd:11.2,Bpos:256.3,Bstd:313.3,StrandBias:1.0,Multiplicity:1.00
0.773	0.038	0.059	0.130
0.157	0.061	0.693	0.089
0.127	0.124	0.001	0.748
0.206	0.675	0.083	0.036
0.901	0.035	0.063	0.001
0.942	0.001	0.056	0.001
0.890	0.050	0.001	0.059
0.001	0.001	0.889	0.109
0.114	0.050	0.001	0.835
0.043	0.955	0.001	0.001
0.920	0.029	0.001	0.050
0.785	0.021	0.043	0.151
>WWWAGTCAACDA	6-WWWAGTCAACDA	10.448704	-0.941130	0	T:11.0(0.05%),B:23.7(0.05%),P:1e0	Tpos:21.4,Tstd:12.5,Bpos:509.1,Bstd:651.5,StrandBias:-0.3,Multiplicity:1.00
0.389	0.143	0.160	0.307
0.329	0.178	0.131	0.362
0.423	0.137	0.160	0.280
0.538	0.114	0.197	0.151
0.015	0.005	0.949	0.031
0.003	0.001	0.001	0.995
0.002	0.996	0.001	0.001
0.997	0.001	0.001	0.001
0.992	0.001	0.001	0.006
0.295	0.636	0.012	0.057
0.325	0.120	0.262	0.292
0.414	0.204	0.119	0.262
>WWWWAGTCAAMN	7-WWWWAGTCAAMN	10.567193	-0.903474	0	T:10.0(0.05%),B:21.8(0.04%),P:1e0	Tpos:18.9,Tstd:10.9,Bpos:223.7,Bstd:284.7,StrandBias:-1.2,Multiplicity:1.00
0.357	0.151	0.166	0.325
0.436	0.187	0.079	0.298
0.399	0.141	0.176	0.284
0.465	0.050	0.133	0.352
0.643	0.054	0.302	0.001
0.001	0.001	0.997	0.001
0.001	0.001	0.001	0.997
0.001	0.997	0.001	0.001
0.997	0.001	0.001	0.001
0.946	0.001	0.052	0.001
0.468	0.405	0.003	0.124
0.285	0.178	0.282	0.255
>DNHKTTGACTTW	8-DNHKTTGACTTW	10.875154	-0.158088	0	T:22.0(0.10%),B:68.4(0.13%),P:1e0	Tpos:24.9,Tstd:9.7,Bpos:284.9,Bstd:356.2,StrandBias:0.7,Multiplicity:1.00
0.390	0.077	0.246	0.286
0.264	0.206	0.264	0.266
0.326	0.263	0.140	0.271
0.104	0.001	0.409	0.485
0.001	0.001	0.001	0.997
0.001	0.001	0.001	0.997
0.001	0.001	0.997	0.001
0.997	0.001	0.001	0.001
0.001	0.997	0.001	0.001
0.001	0.001	0.001	0.997
0.339	0.037	0.001	0.623
0.264	0.191	0.170	0.375
>DWWAAAGTCAAM	9-DWWAAAGTCAAM	12.014662	-0.123795	0	T:3.0(0.01%),B:13.2(0.03%),P:1e0	Tpos:32.0,Tstd:9.2,Bpos:773.2,Bstd:1050.6,StrandBias:-1.0,Multiplicity:1.00
0.288	0.129	0.226	0.357
0.374	0.218	0.100	0.307
0.436	0.251	0.001	0.312
0.434	0.175	0.143	0.248
0.818	0.001	0.031	0.150
0.997	0.001	0.001	0.001
0.001	0.001	0.997	0.001
0.001	0.001	0.001	0.997
0.001	0.997	0.001	0.001
0.997	0.001	0.001	0.001
0.997	0.001	0.001	0.001
0.482	0.485	0.001	0.032
>HYYTCTCTCTCT	10-HYYTCTCTCTCT	11.967012	-0.054804	0	T:46.0(0.22%),B:146.3(0.28%),P:1e0	Tpos:20.8,Tstd:12.1,Bpos:196.4,Bstd:399.0,StrandBias:-1.0,Multiplicity:1.00
0.214	0.352	0.120	0.314
0.172	0.354	0.016	0.458
0.224	0.329	0.061	0.387
0.067	0.209	0.001	0.723
0.096	0.563	0.051	0.290
0.130	0.001	0.001	0.868
0.004	0.756	0.001	0.239
0.028	0.001	0.001	0.970
0.005	0.846	0.001	0.148
0.001	0.001	0.001	0.997
0.057	0.837	0.001	0.105
0.046	0.031	0.001	0.922
>TCTCTCTCTHWH	11-TCTCTCTCTHWH	11.326491	-0.041525	0	T:30.0(0.14%),B:103.4(0.20%),P:1e0	Tpos:30.6,Tstd:13.6,Bpos:158.5,Bstd:197.2,StrandBias:-2.0,Multiplicity:1.00
0.138	0.034	0.008	0.820
0.075	0.699	0.055	0.171
0.079	0.001	0.005	0.915
0.039	0.796	0.001	0.164
0.049	0.001	0.001	0.949
0.032	0.812	0.023	0.133
0.155	0.004	0.015	0.826
0.160	0.531	0.094	0.215
0.146	0.144	0.057	0.653
0.322	0.367	0.086	0.225
0.319	0.169	0.149	0.363
0.403	0.277	0.062	0.258
>CTCTCTCTCTCT	12-CTCTCTCTCTCT	12.938830	-0.010134	0	T:136.0(0.64%),B:417.4(0.80%),P:1e0	Tpos:44.0,Tstd:0.0,Bpos:47.0,Bstd:0.0,StrandBias:-10.0,Multiplicity:1.00
0.037	0.543	0.031	0.389
0.005	0.054	0.001	0.940
0.022	0.853	0.039	0.086
0.043	0.008	0.001	0.948
0.005	0.913	0.001	0.081
0.040	0.001	0.001	0.958
0.001	0.921	0.001	0.077
0.001	0.001	0.001	0.997
0.094	0.704	0.033	0.169
0.065	0.037	0.089	0.809
0.206	0.461	0.063	0.270
0.213	0.285	0.025	0.477
>CTCTCTCTCTYW	13-CTCTCTCTCTYW	11.697514	-0.010062	0	T:41.0(0.19%),B:148.4(0.28%),P:1e0	Tpos:23.9,Tstd:14.9,Bpos:275.8,Bstd:442.0,StrandBias:0.4,Multiplicity:1.00
0.099	0.591	0.063	0.247
0.103	0.109	0.014	0.774
0.091	0.687	0.048	0.174
0.123	0.016	0.005	0.856
0.039	0.736	0.051	0.174
0.055	0.026	0.016	0.903
0.030	0.724	0.047	0.199
0.107	0.068	0.011	0.814
0.130	0.618	0.060	0.192
0.131	0.107	0.072	0.690
0.153	0.334	0.093	0.421
0.301	0.221	0.099	0.379
>AGAGAGAGAGAG	14-AGAGAGAGAGAG	13.055866	-0.007425	0	T:106.0(0.50%),B:338.5(0.65%),P:1e0	Tpos:33.8,Tstd:12.1,Bpos:235.4,Bstd:376.5,StrandBias:0.4,Multiplicity:1.00
0.725	0.066	0.098	0.111
0.134	0.074	0.697	0.095
0.789	0.042	0.069	0.100
0.129	0.067	0.724	0.080
0.816	0.020	0.069	0.095
0.131	0.079	0.715	0.075
0.824	0.015	0.065	0.096
0.131	0.069	0.718	0.082
0.781	0.036	0.071	0.112
0.135	0.076	0.696	0.093
0.765	0.049	0.089	0.097
0.123	0.090	0.673	0.114
>AGAGAGAGAGAR	15-AGAGAGAGAGAR	11.753887	-0.006326	0	T:147.0(0.69%),B:455.0(0.87%),P:1e0	Tpos:26.8,Tstd:9.8,Bpos:423.1,Bstd:753.4,StrandBias:1.4,Multiplicity:1.00
0.667	0.093	0.108	0.132
0.214	0.093	0.621	0.072
0.910	0.003	0.005	0.082
0.278	0.024	0.639	0.059
0.993	0.005	0.001	0.001
0.221	0.004	0.772	0.003
0.894	0.005	0.062	0.039
0.229	0.057	0.707	0.007
0.822	0.001	0.113	0.064
0.318	0.062	0.502	0.118
0.602	0.017	0.217	0.164
0.335	0.114	0.413	0.137
>AGAGAGAGARRD	16-AGAGAGAGARRD	10.807923	-0.006313	0	T:163.0(0.77%),B:498.0(0.95%),P:1e0	Tpos:27.5,Tstd:14.3,Bpos:359.4,Bstd:655.2,StrandBias:1.6,Multiplicity:1.00
0.727	0.013	0.018	0.242
0.255	0.021	0.567	0.157
0.956	0.005	0.023	0.016
0.311	0.015	0.650	0.024
0.978	0.008	0.002	0.012
0.297	0.007	0.686	0.010
0.802	0.013	0.009	0.176
0.324	0.008	0.650	0.018
0.780	0.004	0.200	0.016
0.355	0.024	0.405	0.217
0.410	0.017	0.373	0.200
0.279	0.165	0.318	0.238
>AGAGAGAGAGAG	17-AGAGAGAGAGAG	14.328631	-0.006065	0	T:128.0(0.60%),B:402.6(0.77%),P:1e0	Tpos:25.6,Tstd:14.3,Bpos:258.8,Bstd:377.4,StrandBias:0.8,Multiplicity:1.00
0.875	0.034	0.057	0.034
0.099	0.043	0.844	0.014
0.935	0.001	0.001	0.063
0.060	0.001	0.938	0.001
0.991	0.001	0.001	0.007
0.052	0.001	0.946	0.001
0.996	0.001	0.001	0.002
0.060	0.001	0.937	0.002
0.969	0.001	0.016	0.014
0.107	0.025	0.856	0.012
0.834	0.001	0.074	0.091
0.254	0.045	0.622	0.079
>GAGAGAGAGAGA	18-GAGAGAGAGAGA	12.328326	-0.002194	0	T:116.0(0.55%),B:381.8(0.73%),P:1e0	Tpos:21.5,Tstd:9.6,Bpos:199.3,Bstd:319.0,StrandBias:0.0,Multiplicity:1.00
0.143	0.093	0.620	0.144
0.809	0.004	0.021	0.166
0.221	0.049	0.672	0.058
0.865	0.001	0.001	0.133
0.113	0.004	0.878	0.005
0.952	0.002	0.001	0.045
0.160	0.001	0.792	0.047
0.737	0.042	0.038	0.183
0.224	0.051	0.660	0.065
0.835	0.001	0.147	0.017
0.268	0.145	0.537	0.050
0.598	0.005	0.320	0.077
>GAGAGAGAGAGA	19-GAGAGAGAGAGA	13.324633	-0.001136	0	T:104.0(0.49%),B:354.1(0.68%),P:1e0	Tpos:24.3,Tstd:11.6,Bpos:178.4,Bstd:343.1,StrandBias:-0.4,Multiplicity:1.00
0.250	0.059	0.525	0.166
0.644	0.042	0.142	0.172
0.106	0.024	0.708	0.162
0.896	0.005	0.006	0.093
0.098	0.002	0.893	0.007
0.922	0.001	0.001	0.076
0.105	0.001	0.887	0.007
0.843	0.001	0.030	0.126
0.123	0.007	0.834	0.036
0.783	0.003	0.051	0.163
0.241	0.060	0.601	0.098
0.704	0.005	0.193	0.098
>TCTCTCTCTYTC	20-TCTCTCTCTYTC	10.872883	-0.000378	0	T:153.0(0.72%),B:508.0(0.97%),P:1e0	Tpos:28.3,Tstd:13.2,Bpos:361.6,Bstd:528.4,StrandBias:-0.8,Multiplicity:1.00
0.148	0.106	0.029	0.717
0.088	0.641	0.101	0.170
0.202	0.078	0.054	0.666
0.053	0.729	0.055	0.163
0.090	0.060	0.033	0.817
0.058	0.743	0.045	0.154
0.113	0.063	0.014	0.810
0.062	0.717	0.086	0.135
0.122	0.128	0.040	0.710
0.124	0.487	0.052	0.337
0.218	0.117	0.073	0.592
0.147	0.530	0.098	0.225
>YHTCTCTCTCTC	21-YHTCTCTCTCTC	12.145143	-0.000375	0	T:122.0(0.58%),B:418.9(0.80%),P:1e0	Tpos:16.3,Tstd:4.6,Bpos:153.0,Bstd:124.7,StrandBias:-1.0,Multiplicity:1.00
0.227	0.335	0.053	0.386
0.269	0.357	0.122	0.252
0.124	0.166	0.003	0.707
0.101	0.619	0.097	0.183
0.139	0.035	0.011	0.815
0.013	0.788	0.001	0.198
0.123	0.001	0.001	0.875
0.015	0.842	0.010	0.133
0.104	0.001	0.001	0.894
0.012	0.869	0.007	0.112
0.022	0.001	0.001	0.976
0.113	0.688	0.068	0.131
>TCTCTCTCTTTH	22-TCTCTCTCTTTH	11.006521	-0.000308	0	T:123.0(0.58%),B:423.4(0.81%),P:1e0	Tpos:31.1,Tstd:10.7,Bpos:353.0,Bstd:573.0,StrandBias:-0.2,Multiplicity:1.00
0.211	0.166	0.001	0.622
0.099	0.741	0.002	0.158
0.143	0.002	0.001	0.854
0.001	0.825	0.001	0.173
0.091	0.001	0.001	0.907
0.002	0.853	0.001	0.144
0.004	0.001	0.001	0.994
0.075	0.625	0.101	0.199
0.180	0.135	0.006	0.679
0.179	0.286	0.095	0.441
0.252	0.214	0.123	0.411
0.305	0.264	0.085	0.346
>KTTGACTTWTWW	23-KTTGACTTWTWW	10.921421	-0.000191	0	T:31.0(0.15%),B:145.5(0.28%),P:1e0	Tpos:26.3,Tstd:12.7,Bpos:675.6,Bstd:859.2,StrandBias:-0.4,Multiplicity:1.00
0.144	0.008	0.418	0.430
0.021	0.042	0.001	0.936
0.001	0.001	0.001	0.997
0.001	0.001	0.997	0.001
0.997	0.001	0.001	0.001
0.001	0.997	0.001	0.001
0.001	0.025	0.001	0.973
0.248	0.216	0.001	0.535
0.273	0.183	0.169	0.375
0.269	0.056	0.217	0.457
0.349	0.147	0.141	0.363
0.362	0.140	0.169	0.329
>TCTCTCTCTCTC	24-TCTCTCTCTCTC	11.411576	-0.000106	0	T:124.0(0.58%),B:437.1(0.84%),P:1e0	Tpos:22.5,Tstd:6.5,Bpos:237.0,Bstd:457.8,StrandBias:-10.0,Multiplicity:1.00
0.156	0.227	0.012	0.605
0.128	0.507	0.090	0.275
0.139	0.088	0.001	0.772
0.079	0.662	0.045	0.214
0.154	0.041	0.012	0.793
0.008	0.799	0.001	0.192
0.087	0.001	0.001	0.911
0.034	0.755	0.001	0.210
0.123	0.001	0.001	0.875
0.162	0.585	0.081	0.172
0.159	0.191	0.046	0.604
0.203	0.455	0.087	0.255
>GAGAGAGAGAGA	25-GAGAGAGAGAGA	11.492635	-0.000023	0	T:175.0(0.82%),B:602.4(1.15%),P:1e0	Tpos:19.1,Tstd:12.2,Bpos:266.0,Bstd:411.2,StrandBias:-0.7,Multiplicity:1.00
0.250	0.082	0.474	0.194
0.487	0.074	0.273	0.166
0.258	0.046	0.434	0.263
0.786	0.030	0.111	0.073
0.222	0.072	0.659	0.047
0.955	0.006	0.014	0.025
0.116	0.018	0.850	0.016
0.964	0.006	0.001	0.029
0.196	0.005	0.785	0.014
0.902	0.001	0.021	0.076
0.214	0.026	0.706	0.054
0.847	0.011	0.078	0.064
