>NKTTGACTWN	1-NKTTGACTWN	9.555425	-2.964314	0	T:60.0(0.28%),B:112.6(0.22%),P:1e-1	Tpos:21.9,Tstd:11.8,Bpos:401.9,Bstd:687.0,StrandBias:-0.5,Multiplicity:1.02
0.262	0.327	0.200	0.210
0.167	0.001	0.469	0.363
0.001	0.009	0.001	0.989
0.001	0.001	0.001	0.997
0.001	0.001	0.997	0.001
0.997	0.001	0.001	0.001
0.001	0.997	0.001	0.001
0.001	0.166	0.001	0.832
0.325	0.231	0.001	0.443
0.315	0.213	0.199	0.274
>WNWRGTCAAC	2-WNWRGTCAAC	8.433972	-1.589604	0	T:16.0(0.08%),B:29.5(0.06%),P:1e0	Tpos:22.2,Tstd:10.7,Bpos:432.0,Bstd:485.2,StrandBias:0.7,Multiplicity:1.00
0.384	0.184	0.196	0.235
0.252	0.225	0.197	0.327
0.385	0.093	0.208	0.313
0.408	0.128	0.353	0.112
0.001	0.001	0.997	0.001
0.001	0.001	0.001	0.997
0.011	0.987	0.001	0.001
0.821	0.177	0.001	0.001
0.665	0.048	0.240	0.047
0.306	0.480	0.069	0.145
>DNBHCACGTG	3-DNBHCACGTG	7.133203	-1.299127	0	T:19.0(0.09%),B:38.9(0.07%),P:1e0	Tpos:23.1,Tstd:12.9,Bpos:337.8,Bstd:719.3,StrandBias:-0.4,Multiplicity:1.00
0.334	0.156	0.245	0.266
0.246	0.231	0.225	0.298
0.147	0.270	0.353	0.230
0.264	0.285	0.145	0.305
0.018	0.605	0.207	0.170
0.805	0.001	0.193	0.001
0.001	0.898	0.001	0.100
0.253	0.001	0.679	0.067
0.001	0.258	0.001	0.740
0.179	0.211	0.543	0.067
>AGTCAAMDNN	4-AGTCAAMDNN	7.672786	-1.045066	0	T:66.0(0.31%),B:153.0(0.29%),P:1e0	Tpos:23.3,Tstd:14.5,Bpos:330.0,Bstd:742.1,StrandBias:0.6,Multiplicity:1.00
0.561	0.050	0.347	0.042
0.067	0.067	0.801	0.065
0.027	0.002	0.061	0.910
0.040	0.829	0.051	0.080
0.821	0.117	0.001	0.061
0.731	0.073	0.107	0.089
0.363	0.437	0.001	0.199
0.254	0.135	0.313	0.298
0.301	0.221	0.260	0.217
0.248	0.208	0.257	0.287
>NNARGTCAAM	5-NNARGTCAAM	8.186748	-0.986226	0	T:85.0(0.40%),B:199.7(0.38%),P:1e0	Tpos:24.6,Tstd:12.7,Bpos:365.7,Bstd:626.9,StrandBias:0.1,Multiplicity:1.02
0.342	0.223	0.197	0.239
0.285	0.238	0.199	0.278
0.427	0.128	0.205	0.241
0.499	0.144	0.356	0.001
0.001	0.001	0.955	0.043
0.060	0.001	0.001	0.938
0.001	0.997	0.001	0.001
0.785	0.165	0.001	0.049
0.693	0.019	0.263	0.025
0.334	0.476	0.052	0.138
>AGTCAACKWT	6-AGTCAACKWT	10.485744	-0.787253	0	T:17.0(0.08%),B:39.0(0.07%),P:1e0	Tpos:27.1,Tstd:13.3,Bpos:1139.1,Bstd:1079.8,StrandBias:1.3,Multiplicity:1.00
0.726	0.001	0.250	0.023
0.001	0.001	0.997	0.001
0.001	0.001	0.001	0.997
0.001	0.997	0.001	0.001
0.997	0.001	0.001	0.001
0.997	0.001	0.001	0.001
0.239	0.755	0.001	0.005
0.120	0.189	0.303	0.387
0.368	0.217	0.129	0.286
0.268	0.135	0.153	0.444
>NSHCACGTGD	7-NSHCACGTGD	8.134009	-0.665652	0	T:7.0(0.03%),B:16.1(0.03%),P:1e0	Tpos:14.0,Tstd:11.8,Bpos:155.2,Bstd:177.8,StrandBias:-10.0,Multiplicity:1.00
0.265	0.253	0.187	0.296
0.168	0.275	0.367	0.190
0.299	0.258	0.111	0.332
0.011	0.772	0.108	0.109
0.822	0.001	0.116	0.061
0.027	0.857	0.012	0.104
0.173	0.024	0.786	0.017
0.023	0.071	0.001	0.905
0.077	0.122	0.706	0.095
0.280	0.083	0.306	0.330
>HCACGTGDCA	8-HCACGTGDCA	9.295616	-0.554578	0	T:14.0(0.07%),B:35.1(0.07%),P:1e0	Tpos:20.1,Tstd:12.1,Bpos:387.9,Bstd:626.7,StrandBias:-0.4,Multiplicity:1.00
0.299	0.345	0.051	0.305
0.084	0.696	0.142	0.078
0.997	0.001	0.001	0.001
0.019	0.822	0.001	0.158
0.110	0.016	0.794	0.080
0.001	0.086	0.003	0.910
0.053	0.001	0.945	0.001
0.269	0.002	0.369	0.360
0.157	0.533	0.164	0.146
0.393	0.211	0.193	0.203
>HCACGTGDCN	9-HCACGTGDCN	7.898429	-0.353370	0	T:7.0(0.03%),B:20.2(0.04%),P:1e0	Tpos:17.2,Tstd:10.8,Bpos:445.0,Bstd:555.1,StrandBias:-2.0,Multiplicity:1.00
0.314	0.282	0.076	0.327
0.106	0.570	0.230	0.094
0.972	0.001	0.001	0.026
0.022	0.747	0.004	0.227
0.144	0.069	0.743	0.044
0.009	0.137	0.014	0.840
0.095	0.223	0.681	0.001
0.341	0.071	0.265	0.324
0.190	0.417	0.212	0.181
0.314	0.252	0.203	0.231
>WWAGTCAACN	10-WWAGTCAACN	8.956956	-0.336068	0	T:120.0(0.57%),B:312.2(0.60%),P:1e0	Tpos:25.6,Tstd:13.6,Bpos:513.7,Bstd:793.8,StrandBias:0.6,Multiplicity:1.00
0.290	0.189	0.175	0.346
0.393	0.096	0.186	0.324
0.651	0.086	0.158	0.105
0.001	0.001	0.997	0.001
0.001	0.001	0.001	0.997
0.001	0.997	0.001	0.001
0.953	0.024	0.001	0.022
0.903	0.001	0.084	0.012
0.282	0.481	0.062	0.175
0.237	0.218	0.295	0.250
>DRGTCAAMNH	11-DRGTCAAMNH	8.443310	-0.249686	0	T:82.0(0.39%),B:221.0(0.42%),P:1e0	Tpos:27.5,Tstd:11.2,Bpos:439.7,Bstd:655.5,StrandBias:-0.4,Multiplicity:1.02
0.341	0.101	0.222	0.337
0.463	0.098	0.346	0.093
0.001	0.001	0.987	0.011
0.001	0.001	0.001	0.997
0.007	0.991	0.001	0.001
0.892	0.075	0.001	0.032
0.770	0.001	0.228	0.001
0.369	0.461	0.012	0.158
0.207	0.197	0.287	0.309
0.321	0.234	0.151	0.294
>TTGACACGTG	12-TTGACACGTG	10.287967	-0.111213	0	T:14.0(0.07%),B:48.7(0.09%),P:1e0	Tpos:22.9,Tstd:11.5,Bpos:340.2,Bstd:617.5,StrandBias:-0.4,Multiplicity:1.00
0.139	0.096	0.114	0.651
0.110	0.105	0.094	0.691
0.097	0.101	0.697	0.105
0.666	0.125	0.083	0.126
0.067	0.755	0.092	0.086
0.693	0.082	0.103	0.122
0.108	0.701	0.081	0.110
0.105	0.083	0.690	0.122
0.080	0.081	0.074	0.765
0.098	0.102	0.693	0.107
>TTGACTHNNH	13-TTGACTHNNH	7.507244	-0.063844	0	T:19.0(0.09%),B:67.5(0.13%),P:1e0	Tpos:27.0,Tstd:13.2,Bpos:629.3,Bstd:718.7,StrandBias:-1.6,Multiplicity:1.00
0.001	0.154	0.116	0.729
0.001	0.123	0.046	0.830
0.001	0.096	0.741	0.162
0.641	0.101	0.128	0.130
0.036	0.962	0.001	0.001
0.001	0.384	0.002	0.613
0.311	0.285	0.084	0.321
0.297	0.211	0.207	0.285
0.265	0.204	0.223	0.308
0.270	0.209	0.172	0.349
>TTGACTTNDH	14-TTGACTTNDH	9.596180	-0.031693	0	T:17.0(0.08%),B:66.2(0.13%),P:1e0	Tpos:33.1,Tstd:9.7,Bpos:384.2,Bstd:520.5,StrandBias:-0.8,Multiplicity:1.00
0.001	0.023	0.001	0.975
0.001	0.001	0.001	0.997
0.001	0.001	0.997	0.001
0.997	0.001	0.001	0.001
0.001	0.997	0.001	0.001
0.001	0.286	0.001	0.712
0.273	0.193	0.046	0.488
0.260	0.227	0.187	0.327
0.355	0.101	0.263	0.281
0.361	0.212	0.202	0.225
>HAAGTCAAMN	15-HAAGTCAAMN	8.541717	-0.002127	0	T:26.0(0.12%),B:113.4(0.22%),P:1e0	Tpos:24.0,Tstd:11.2,Bpos:294.8,Bstd:455.3,StrandBias:0.2,Multiplicity:1.00
0.308	0.255	0.147	0.290
0.460	0.136	0.182	0.223
0.643	0.001	0.319	0.037
0.001	0.001	0.997	0.001
0.001	0.001	0.001	0.997
0.001	0.997	0.001	0.001
0.784	0.152	0.001	0.063
0.689	0.046	0.208	0.057
0.381	0.370	0.061	0.188
0.247	0.237	0.263	0.253
>AGAGAGAGAG	16-AGAGAGAGAG	10.092810	-0.000084	0	T:192.0(0.91%),B:636.4(1.22%),P:1e0	Tpos:23.7,Tstd:15.5,Bpos:253.1,Bstd:456.7,StrandBias:-0.5,Multiplicity:1.00
0.505	0.029	0.236	0.230
0.164	0.062	0.709	0.065
0.616	0.009	0.024	0.351
0.045	0.091	0.841	0.023
0.743	0.001	0.007	0.249
0.119	0.001	0.874	0.006
0.690	0.004	0.010	0.296
0.133	0.106	0.749	0.012
0.605	0.031	0.079	0.285
0.230	0.133	0.612	0.025
>AGAGAGAGAG	17-AGAGAGAGAG	9.353398	-0.000003	0	T:210.0(0.99%),B:725.6(1.39%),P:1e0	Tpos:25.7,Tstd:10.0,Bpos:179.6,Bstd:272.1,StrandBias:2.3,Multiplicity:1.00
0.507	0.014	0.160	0.319
0.125	0.043	0.780	0.052
0.646	0.001	0.001	0.352
0.001	0.060	0.884	0.055
0.685	0.001	0.001	0.313
0.084	0.001	0.914	0.001
0.675	0.001	0.001	0.323
0.113	0.112	0.712	0.063
0.491	0.030	0.167	0.312
0.324	0.131	0.519	0.026
>GWGAGAGAGA	18-GWGAGAGAGA	9.677981	-0.000002	0	T:196.0(0.92%),B:687.8(1.32%),P:1e0	Tpos:25.0,Tstd:12.4,Bpos:194.4,Bstd:361.8,StrandBias:-0.2,Multiplicity:1.00
0.237	0.080	0.575	0.108
0.529	0.001	0.088	0.382
0.168	0.005	0.791	0.036
0.628	0.006	0.032	0.334
0.076	0.001	0.922	0.001
0.620	0.001	0.001	0.378
0.074	0.030	0.895	0.001
0.626	0.019	0.001	0.354
0.212	0.095	0.612	0.081
0.514	0.017	0.239	0.230
>NGAGAGAGAN	19-NGAGAGAGAN	6.597254	-0.000002	0	T:265.0(1.25%),B:891.1(1.71%),P:1e0	Tpos:27.3,Tstd:12.4,Bpos:311.0,Bstd:562.2,StrandBias:-0.1,Multiplicity:1.02
0.296	0.220	0.240	0.244
0.167	0.132	0.550	0.151
0.558	0.137	0.135	0.170
0.160	0.149	0.553	0.138
0.562	0.128	0.132	0.178
0.156	0.148	0.549	0.147
0.561	0.128	0.142	0.169
0.161	0.146	0.551	0.142
0.570	0.127	0.150	0.153
0.256	0.251	0.259	0.233
>GAGAGAGAGA	20-GAGAGAGAGA	9.761828	-0.000000	0	T:222.0(1.05%),B:792.2(1.52%),P:1e0	Tpos:27.6,Tstd:13.0,Bpos:241.9,Bstd:483.7,StrandBias:-0.2,Multiplicity:1.00
0.147	0.001	0.792	0.060
0.689	0.001	0.001	0.309
0.050	0.001	0.892	0.057
0.652	0.001	0.001	0.346
0.030	0.001	0.968	0.001
0.635	0.001	0.001	0.363
0.071	0.001	0.927	0.001
0.606	0.031	0.001	0.362
0.198	0.101	0.580	0.121
0.436	0.116	0.246	0.202
>NDNARGTCAA	21-NDNARGTCAA	8.102726	-0.000000	0	T:39.0(0.18%),B:219.6(0.42%),P:1e0	Tpos:21.5,Tstd:13.8,Bpos:576.4,Bstd:834.6,StrandBias:-1.4,Multiplicity:1.05
0.304	0.198	0.240	0.258
0.328	0.171	0.211	0.290
0.328	0.189	0.243	0.240
0.410	0.165	0.210	0.215
0.480	0.057	0.400	0.063
0.001	0.001	0.997	0.001
0.043	0.001	0.001	0.955
0.001	0.997	0.001	0.001
0.812	0.001	0.072	0.115
0.635	0.056	0.308	0.001
>TCTCTCTCTC	22-TCTCTCTCTC	9.871763	-0.000000	0	T:220.0(1.04%),B:804.7(1.54%),P:1e0	Tpos:25.1,Tstd:16.2,Bpos:114.4,Bstd:171.7,StrandBias:-0.6,Multiplicity:1.00
0.179	0.010	0.228	0.583
0.030	0.619	0.061	0.290
0.072	0.044	0.028	0.856
0.020	0.849	0.012	0.119
0.068	0.037	0.179	0.716
0.030	0.897	0.036	0.037
0.196	0.028	0.050	0.726
0.050	0.886	0.027	0.037
0.070	0.035	0.079	0.816
0.177	0.418	0.209	0.196
>GAGAGAGAGR	23-GAGAGAGAGR	8.571308	-0.000000	0	T:220.0(1.04%),B:807.6(1.55%),P:1e0	Tpos:20.9,Tstd:14.2,Bpos:244.8,Bstd:534.6,StrandBias:0.6,Multiplicity:1.00
0.248	0.077	0.458	0.217
0.474	0.045	0.189	0.292
0.229	0.097	0.584	0.090
0.606	0.004	0.001	0.389
0.087	0.001	0.905	0.007
0.659	0.013	0.001	0.327
0.110	0.001	0.879	0.010
0.609	0.001	0.001	0.389
0.168	0.045	0.698	0.089
0.411	0.086	0.294	0.209
>GAGAGAGAGA	24-GAGAGAGAGA	9.085936	-0.000000	0	T:211.0(0.99%),B:784.5(1.50%),P:1e0	Tpos:23.1,Tstd:9.7,Bpos:211.8,Bstd:455.6,StrandBias:0.5,Multiplicity:1.00
0.255	0.067	0.546	0.132
0.537	0.024	0.103	0.336
0.132	0.001	0.797	0.070
0.592	0.001	0.001	0.406
0.080	0.096	0.823	0.001
0.647	0.001	0.001	0.351
0.088	0.001	0.910	0.001
0.622	0.001	0.001	0.376
0.174	0.109	0.620	0.097
0.475	0.064	0.213	0.247
>CTCTCTCTCT	25-CTCTCTCTCT	10.229658	-0.000000	0	T:237.0(1.12%),B:870.9(1.67%),P:1e0	Tpos:25.4,Tstd:12.4,Bpos:324.1,Bstd:561.2,StrandBias:-0.4,Multiplicity:1.00
0.104	0.667	0.082	0.147
0.163	0.141	0.001	0.695
0.068	0.761	0.004	0.167
0.190	0.001	0.001	0.808
0.001	0.826	0.004	0.169
0.001	0.001	0.001	0.997
0.016	0.756	0.001	0.227
0.198	0.037	0.001	0.764
0.093	0.565	0.024	0.318
0.120	0.223	0.044	0.613
