>NKTTGACTWN	1-NKTTGACTWN	9.555425	-2.964314	0	T:60.0(0.28%),B:112.6(0.22%),P:1e-1	Tpos:21.9,Tstd:11.8,Bpos:401.9,Bstd:687.0,StrandBias:-0.5,Multiplicity:1.02
0.262	0.327	0.200	0.210
0.167	0.001	0.469	0.363
0.001	0.009	0.001	0.989
0.001	0.001	0.001	0.997
0.001	0.001	0.997	0.001
0.997	0.001	0.001	0.001
0.001	0.997	0.001	0.001
0.001	0.166	0.001	0.832
0.325	0.231	0.001	0.443
0.315	0.213	0.199	0.274
>WNWRGTCAAC	2-WNWRGTCAAC	8.433972	-1.589604	0	T:16.0(0.08%),B:29.5(0.06%),P:1e0	Tpos:22.2,Tstd:10.7,Bpos:432.0,Bstd:485.2,StrandBias:0.7,Multiplicity:1.00
0.384	0.184	0.196	0.235
0.252	0.225	0.197	0.327
0.385	0.093	0.208	0.313
0.408	0.128	0.353	0.112
0.001	0.001	0.997	0.001
0.001	0.001	0.001	0.997
0.011	0.987	0.001	0.001
0.821	0.177	0.001	0.001
0.665	0.048	0.240	0.047
0.306	0.480	0.069	0.145
>DNBHCACGTG	3-DNBHCACGTG	7.133203	-1.299127	0	T:19.0(0.09%),B:38.9(0.07%),P:1e0	Tpos:23.1,Tstd:12.9,Bpos:337.8,Bstd:719.3,StrandBias:-0.4,Multiplicity:1.00
0.334	0.156	0.245	0.266
0.246	0.231	0.225	0.298
0.147	0.270	0.353	0.230
0.264	0.285	0.145	0.305
0.018	0.605	0.207	0.170
0.805	0.001	0.193	0.001
0.001	0.898	0.001	0.100
0.253	0.001	0.679	0.067
0.001	0.258	0.001	0.740
0.179	0.211	0.543	0.067
>AGTCAAMDNN	4-AGTCAAMDNN	7.672786	-1.045066	0	T:66.0(0.31%),B:153.0(0.29%),P:1e0	Tpos:23.3,Tstd:14.5,Bpos:330.0,Bstd:742.1,StrandBias:0.6,Multiplicity:1.00
0.561	0.050	0.347	0.042
0.067	0.067	0.801	0.065
0.027	0.002	0.061	0.910
0.040	0.829	0.051	0.080
0.821	0.117	0.001	0.061
0.731	0.073	0.107	0.089
0.363	0.437	0.001	0.199
0.254	0.135	0.313	0.298
0.301	0.221	0.260	0.217
0.248	0.208	0.257	0.287
>NNARGTCAAM	5-NNARGTCAAM	8.186748	-0.986226	0	T:85.0(0.40%),B:199.7(0.38%),P:1e0	Tpos:24.6,Tstd:12.7,Bpos:365.7,Bstd:626.9,StrandBias:0.1,Multiplicity:1.02
0.342	0.223	0.197	0.239
0.285	0.238	0.199	0.278
0.427	0.128	0.205	0.241
0.499	0.144	0.356	0.001
0.001	0.001	0.955	0.043
0.060	0.001	0.001	0.938
0.001	0.997	0.001	0.001
0.785	0.165	0.001	0.049
0.693	0.019	0.263	0.025
0.334	0.476	0.052	0.138
>AGTCAACKWT	6-AGTCAACKWT	10.485744	-0.787253	0	T:17.0(0.08%),B:39.0(0.07%),P:1e0	Tpos:27.1,Tstd:13.3,Bpos:1139.1,Bstd:1079.8,StrandBias:1.3,Multiplicity:1.00
0.726	0.001	0.250	0.023
0.001	0.001	0.997	0.001
0.001	0.001	0.001	0.997
0.001	0.997	0.001	0.001
0.997	0.001	0.001	0.001
0.997	0.001	0.001	0.001
0.239	0.755	0.001	0.005
0.120	0.189	0.303	0.387
0.368	0.217	0.129	0.286
0.268	0.135	0.153	0.444
>NSHCACGTGD	7-NSHCACGTGD	8.134009	-0.665652	0	T:7.0(0.03%),B:16.1(0.03%),P:1e0	Tpos:14.0,Tstd:11.8,Bpos:155.2,Bstd:177.8,StrandBias:-10.0,Multiplicity:1.00
0.265	0.253	0.187	0.296
0.168	0.275	0.367	0.190
0.299	0.258	0.111	0.332
0.011	0.772	0.108	0.109
0.822	0.001	0.116	0.061
0.027	0.857	0.012	0.104
0.173	0.024	0.786	0.017
0.023	0.071	0.001	0.905
0.077	0.122	0.706	0.095
0.280	0.083	0.306	0.330
>HCACGTGDCA	8-HCACGTGDCA	9.295616	-0.554578	0	T:14.0(0.07%),B:35.1(0.07%),P:1e0	Tpos:20.1,Tstd:12.1,Bpos:387.9,Bstd:626.7,StrandBias:-0.4,Multiplicity:1.00
0.299	0.345	0.051	0.305
0.084	0.696	0.142	0.078
0.997	0.001	0.001	0.001
0.019	0.822	0.001	0.158
0.110	0.016	0.794	0.080
0.001	0.086	0.003	0.910
0.053	0.001	0.945	0.001
0.269	0.002	0.369	0.360
0.157	0.533	0.164	0.146
0.393	0.211	0.193	0.203
>HCACGTGDCN	9-HCACGTGDCN	7.898429	-0.353370	0	T:7.0(0.03%),B:20.2(0.04%),P:1e0	Tpos:17.2,Tstd:10.8,Bpos:445.0,Bstd:555.1,StrandBias:-2.0,Multiplicity:1.00
0.314	0.282	0.076	0.327
0.106	0.570	0.230	0.094
0.972	0.001	0.001	0.026
0.022	0.747	0.004	0.227
0.144	0.069	0.743	0.044
0.009	0.137	0.014	0.840
0.095	0.223	0.681	0.001
0.341	0.071	0.265	0.324
0.190	0.417	0.212	0.181
0.314	0.252	0.203	0.231
>WWAGTCAACN	10-WWAGTCAACN	8.956956	-0.336068	0	T:120.0(0.57%),B:312.2(0.60%),P:1e0	Tpos:25.6,Tstd:13.6,Bpos:513.7,Bstd:793.8,StrandBias:0.6,Multiplicity:1.00
0.290	0.189	0.175	0.346
0.393	0.096	0.186	0.324
0.651	0.086	0.158	0.105
0.001	0.001	0.997	0.001
0.001	0.001	0.001	0.997
0.001	0.997	0.001	0.001
0.953	0.024	0.001	0.022
0.903	0.001	0.084	0.012
0.282	0.481	0.062	0.175
0.237	0.218	0.295	0.250
>DRGTCAAMNH	11-DRGTCAAMNH	8.443310	-0.249686	0	T:82.0(0.39%),B:221.0(0.42%),P:1e0	Tpos:27.5,Tstd:11.2,Bpos:439.7,Bstd:655.5,StrandBias:-0.4,Multiplicity:1.02
0.341	0.101	0.222	0.337
0.463	0.098	0.346	0.093
0.001	0.001	0.987	0.011
0.001	0.001	0.001	0.997
0.007	0.991	0.001	0.001
0.892	0.075	0.001	0.032
0.770	0.001	0.228	0.001
0.369	0.461	0.012	0.158
0.207	0.197	0.287	0.309
0.321	0.234	0.151	0.294
>TTGACACGTG	12-TTGACACGTG	10.287967	-0.111213	0	T:14.0(0.07%),B:48.7(0.09%),P:1e0	Tpos:22.9,Tstd:11.5,Bpos:340.2,Bstd:617.5,StrandBias:-0.4,Multiplicity:1.00
0.139	0.096	0.114	0.651
0.110	0.105	0.094	0.691
0.097	0.101	0.697	0.105
0.666	0.125	0.083	0.126
0.067	0.755	0.092	0.086
0.693	0.082	0.103	0.122
0.108	0.701	0.081	0.110
0.105	0.083	0.690	0.122
0.080	0.081	0.074	0.765
0.098	0.102	0.693	0.107
>TTGACTHNNH	13-TTGACTHNNH	7.507244	-0.063844	0	T:19.0(0.09%),B:67.5(0.13%),P:1e0	Tpos:27.0,Tstd:13.2,Bpos:629.3,Bstd:718.7,StrandBias:-1.6,Multiplicity:1.00
0.001	0.154	0.116	0.729
0.001	0.123	0.046	0.830
0.001	0.096	0.741	0.162
0.641	0.101	0.128	0.130
0.036	0.962	0.001	0.001
0.001	0.384	0.002	0.613
0.311	0.285	0.084	0.321
0.297	0.211	0.207	0.285
0.265	0.204	0.223	0.308
0.270	0.209	0.172	0.349
>TTGACTTNDH	14-TTGACTTNDH	9.596180	-0.031693	0	T:17.0(0.08%),B:66.2(0.13%),P:1e0	Tpos:33.1,Tstd:9.7,Bpos:384.2,Bstd:520.5,StrandBias:-0.8,Multiplicity:1.00
0.001	0.023	0.001	0.975
0.001	0.001	0.001	0.997
0.001	0.001	0.997	0.001
0.997	0.001	0.001	0.001
0.001	0.997	0.001	0.001
0.001	0.286	0.001	0.712
0.273	0.193	0.046	0.488
0.260	0.227	0.187	0.327
0.355	0.101	0.263	0.281
0.361	0.212	0.202	0.225
>HAAGTCAAMN	15-HAAGTCAAMN	8.541717	-0.002127	0	T:26.0(0.12%),B:113.4(0.22%),P:1e0	Tpos:24.0,Tstd:11.2,Bpos:294.8,Bstd:455.3,StrandBias:0.2,Multiplicity:1.00
0.308	0.255	0.147	0.290
0.460	0.136	0.182	0.223
0.643	0.001	0.319	0.037
0.001	0.001	0.997	0.001
0.001	0.001	0.001	0.997
0.001	0.997	0.001	0.001
0.784	0.152	0.001	0.063
0.689	0.046	0.208	0.057
0.381	0.370	0.061	0.188
0.247	0.237	0.263	0.253
>AGAGAGAGAG	16-AGAGAGAGAG	10.092810	-0.000084	0	T:192.0(0.91%),B:636.4(1.22%),P:1e0	Tpos:23.7,Tstd:15.5,Bpos:253.1,Bstd:456.7,StrandBias:-0.5,Multiplicity:1.00
0.505	0.029	0.236	0.230
0.164	0.062	0.709	0.065
0.616	0.009	0.024	0.351
0.045	0.091	0.841	0.023
0.743	0.001	0.007	0.249
0.119	0.001	0.874	0.006
0.690	0.004	0.010	0.296
0.133	0.106	0.749	0.012
0.605	0.031	0.079	0.285
0.230	0.133	0.612	0.025
>AGAGAGAGAG	17-AGAGAGAGAG	9.353398	-0.000003	0	T:210.0(0.99%),B:725.6(1.39%),P:1e0	Tpos:25.7,Tstd:10.0,Bpos:179.6,Bstd:272.1,StrandBias:2.3,Multiplicity:1.00
0.507	0.014	0.160	0.319
0.125	0.043	0.780	0.052
0.646	0.001	0.001	0.352
0.001	0.060	0.884	0.055
0.685	0.001	0.001	0.313
0.084	0.001	0.914	0.001
0.675	0.001	0.001	0.323
0.113	0.112	0.712	0.063
0.491	0.030	0.167	0.312
0.324	0.131	0.519	0.026
>GWGAGAGAGA	18-GWGAGAGAGA	9.677981	-0.000002	0	T:196.0(0.92%),B:687.8(1.32%),P:1e0	Tpos:25.0,Tstd:12.4,Bpos:194.4,Bstd:361.8,StrandBias:-0.2,Multiplicity:1.00
0.237	0.080	0.575	0.108
0.529	0.001	0.088	0.382
0.168	0.005	0.791	0.036
0.628	0.006	0.032	0.334
0.076	0.001	0.922	0.001
0.620	0.001	0.001	0.378
0.074	0.030	0.895	0.001
0.626	0.019	0.001	0.354
0.212	0.095	0.612	0.081
0.514	0.017	0.239	0.230
>NGAGAGAGAN	19-NGAGAGAGAN	6.597254	-0.000002	0	T:265.0(1.25%),B:891.1(1.71%),P:1e0	Tpos:27.3,Tstd:12.4,Bpos:311.0,Bstd:562.2,StrandBias:-0.1,Multiplicity:1.02
0.296	0.220	0.240	0.244
0.167	0.132	0.550	0.151
0.558	0.137	0.135	0.170
0.160	0.149	0.553	0.138
0.562	0.128	0.132	0.178
0.156	0.148	0.549	0.147
0.561	0.128	0.142	0.169
0.161	0.146	0.551	0.142
0.570	0.127	0.150	0.153
0.256	0.251	0.259	0.233
>GAGAGAGAGA	20-GAGAGAGAGA	9.761828	-0.000000	0	T:222.0(1.05%),B:792.2(1.52%),P:1e0	Tpos:27.6,Tstd:13.0,Bpos:241.9,Bstd:483.7,StrandBias:-0.2,Multiplicity:1.00
0.147	0.001	0.792	0.060
0.689	0.001	0.001	0.309
0.050	0.001	0.892	0.057
0.652	0.001	0.001	0.346
0.030	0.001	0.968	0.001
0.635	0.001	0.001	0.363
0.071	0.001	0.927	0.001
0.606	0.031	0.001	0.362
0.198	0.101	0.580	0.121
0.436	0.116	0.246	0.202
>NDNARGTCAA	21-NDNARGTCAA	8.102726	-0.000000	0	T:39.0(0.18%),B:219.6(0.42%),P:1e0	Tpos:21.5,Tstd:13.8,Bpos:576.4,Bstd:834.6,StrandBias:-1.4,Multiplicity:1.05
0.304	0.198	0.240	0.258
0.328	0.171	0.211	0.290
0.328	0.189	0.243	0.240
0.410	0.165	0.210	0.215
0.480	0.057	0.400	0.063
0.001	0.001	0.997	0.001
0.043	0.001	0.001	0.955
0.001	0.997	0.001	0.001
0.812	0.001	0.072	0.115
0.635	0.056	0.308	0.001
>TCTCTCTCTC	22-TCTCTCTCTC	9.871763	-0.000000	0	T:220.0(1.04%),B:804.7(1.54%),P:1e0	Tpos:25.1,Tstd:16.2,Bpos:114.4,Bstd:171.7,StrandBias:-0.6,Multiplicity:1.00
0.179	0.010	0.228	0.583
0.030	0.619	0.061	0.290
0.072	0.044	0.028	0.856
0.020	0.849	0.012	0.119
0.068	0.037	0.179	0.716
0.030	0.897	0.036	0.037
0.196	0.028	0.050	0.726
0.050	0.886	0.027	0.037
0.070	0.035	0.079	0.816
0.177	0.418	0.209	0.196
>GAGAGAGAGR	23-GAGAGAGAGR	8.571308	-0.000000	0	T:220.0(1.04%),B:807.6(1.55%),P:1e0	Tpos:20.9,Tstd:14.2,Bpos:244.8,Bstd:534.6,StrandBias:0.6,Multiplicity:1.00
0.248	0.077	0.458	0.217
0.474	0.045	0.189	0.292
0.229	0.097	0.584	0.090
0.606	0.004	0.001	0.389
0.087	0.001	0.905	0.007
0.659	0.013	0.001	0.327
0.110	0.001	0.879	0.010
0.609	0.001	0.001	0.389
0.168	0.045	0.698	0.089
0.411	0.086	0.294	0.209
>GAGAGAGAGA	24-GAGAGAGAGA	9.085936	-0.000000	0	T:211.0(0.99%),B:784.5(1.50%),P:1e0	Tpos:23.1,Tstd:9.7,Bpos:211.8,Bstd:455.6,StrandBias:0.5,Multiplicity:1.00
0.255	0.067	0.546	0.132
0.537	0.024	0.103	0.336
0.132	0.001	0.797	0.070
0.592	0.001	0.001	0.406
0.080	0.096	0.823	0.001
0.647	0.001	0.001	0.351
0.088	0.001	0.910	0.001
0.622	0.001	0.001	0.376
0.174	0.109	0.620	0.097
0.475	0.064	0.213	0.247
>CTCTCTCTCT	25-CTCTCTCTCT	10.229658	-0.000000	0	T:237.0(1.12%),B:870.9(1.67%),P:1e0	Tpos:25.4,Tstd:12.4,Bpos:324.1,Bstd:561.2,StrandBias:-0.4,Multiplicity:1.00
0.104	0.667	0.082	0.147
0.163	0.141	0.001	0.695
0.068	0.761	0.004	0.167
0.190	0.001	0.001	0.808
0.001	0.826	0.004	0.169
0.001	0.001	0.001	0.997
0.016	0.756	0.001	0.227
0.198	0.037	0.001	0.764
0.093	0.565	0.024	0.318
0.120	0.223	0.044	0.613
>DGHGGTCGAGTG	1-DGHGGTCGAGTG	12.628417	-13.219315	0	T:14.0(0.07%),B:2.8(0.01%),P:1e-5	Tpos:26.7,Tstd:11.6,Bpos:25.0,Bstd:33.9,StrandBias:0.2,Multiplicity:1.07
0.253	0.063	0.317	0.366
0.063	0.042	0.894	0.001
0.382	0.298	0.003	0.317
0.250	0.001	0.748	0.001
0.311	0.001	0.687	0.001
0.001	0.123	0.001	0.875
0.001	0.813	0.061	0.125
0.001	0.001	0.997	0.001
0.997	0.001	0.001	0.001
0.001	0.001	0.997	0.001
0.001	0.001	0.001	0.997
0.251	0.001	0.747	0.001
>GTGTCGATCGAC	2-GTGTCGATCGAC	12.972841	-9.912120	0	T:11.0(0.05%),B:2.2(0.00%),P:1e-4	Tpos:24.4,Tstd:11.7,Bpos:1125.1,Bstd:347.9,StrandBias:-0.2,Multiplicity:1.09
0.029	0.001	0.969	0.001
0.001	0.001	0.001	0.997
0.211	0.001	0.787	0.001
0.001	0.001	0.001	0.997
0.001	0.757	0.091	0.151
0.393	0.001	0.605	0.001
0.697	0.001	0.151	0.151
0.030	0.182	0.030	0.758
0.001	0.605	0.001	0.393
0.001	0.001	0.997	0.001
0.997	0.001	0.001	0.001
0.001	0.969	0.001	0.029
>BWNNKTTGACTT	3-BWNNKTTGACTT	10.090734	-2.982219	0	T:46.0(0.22%),B:82.8(0.16%),P:1e-1	Tpos:26.1,Tstd:11.8,Bpos:374.3,Bstd:655.9,StrandBias:-0.6,Multiplicity:1.00
0.142	0.320	0.297	0.241
0.354	0.135	0.171	0.340
0.223	0.280	0.253	0.244
0.225	0.271	0.238	0.266
0.132	0.146	0.419	0.303
0.001	0.001	0.001	0.997
0.001	0.001	0.001	0.997
0.001	0.001	0.997	0.001
0.997	0.001	0.001	0.001
0.001	0.997	0.001	0.001
0.001	0.001	0.001	0.997
0.351	0.086	0.001	0.562
>WYHCACGTGTCA	4-WYHCACGTGTCA	11.162484	-2.074076	0	T:10.0(0.05%),B:14.9(0.03%),P:1e0	Tpos:23.0,Tstd:9.0,Bpos:141.2,Bstd:105.7,StrandBias:-0.6,Multiplicity:1.00
0.282	0.139	0.167	0.412
0.228	0.282	0.108	0.381
0.320	0.318	0.025	0.337
0.024	0.974	0.001	0.001
0.983	0.008	0.001	0.008
0.017	0.928	0.008	0.047
0.259	0.014	0.710	0.017
0.025	0.117	0.017	0.841
0.008	0.025	0.950	0.017
0.165	0.001	0.234	0.600
0.036	0.714	0.042	0.208
0.523	0.147	0.112	0.218
>AGTCAAAGTCAA	5-AGTCAAAGTCAA	14.377922	-1.399001	0	T:6.0(0.03%),B:9.6(0.02%),P:1e0	Tpos:21.3,Tstd:11.2,Bpos:256.3,Bstd:313.3,StrandBias:1.0,Multiplicity:1.00
0.773	0.038	0.059	0.130
0.157	0.061	0.693	0.089
0.127	0.124	0.001	0.748
0.206	0.675	0.083	0.036
0.901	0.035	0.063	0.001
0.942	0.001	0.056	0.001
0.890	0.050	0.001	0.059
0.001	0.001	0.889	0.109
0.114	0.050	0.001	0.835
0.043	0.955	0.001	0.001
0.920	0.029	0.001	0.050
0.785	0.021	0.043	0.151
>WWWAGTCAACDA	6-WWWAGTCAACDA	10.448704	-0.941130	0	T:11.0(0.05%),B:23.7(0.05%),P:1e0	Tpos:21.4,Tstd:12.5,Bpos:509.1,Bstd:651.5,StrandBias:-0.3,Multiplicity:1.00
0.389	0.143	0.160	0.307
0.329	0.178	0.131	0.362
0.423	0.137	0.160	0.280
0.538	0.114	0.197	0.151
0.015	0.005	0.949	0.031
0.003	0.001	0.001	0.995
0.002	0.996	0.001	0.001
0.997	0.001	0.001	0.001
0.992	0.001	0.001	0.006
0.295	0.636	0.012	0.057
0.325	0.120	0.262	0.292
0.414	0.204	0.119	0.262
>WWWWAGTCAAMN	7-WWWWAGTCAAMN	10.567193	-0.903474	0	T:10.0(0.05%),B:21.8(0.04%),P:1e0	Tpos:18.9,Tstd:10.9,Bpos:223.7,Bstd:284.7,StrandBias:-1.2,Multiplicity:1.00
0.357	0.151	0.166	0.325
0.436	0.187	0.079	0.298
0.399	0.141	0.176	0.284
0.465	0.050	0.133	0.352
0.643	0.054	0.302	0.001
0.001	0.001	0.997	0.001
0.001	0.001	0.001	0.997
0.001	0.997	0.001	0.001
0.997	0.001	0.001	0.001
0.946	0.001	0.052	0.001
0.468	0.405	0.003	0.124
0.285	0.178	0.282	0.255
>DNHKTTGACTTW	8-DNHKTTGACTTW	10.875154	-0.158088	0	T:22.0(0.10%),B:68.4(0.13%),P:1e0	Tpos:24.9,Tstd:9.7,Bpos:284.9,Bstd:356.2,StrandBias:0.7,Multiplicity:1.00
0.390	0.077	0.246	0.286
0.264	0.206	0.264	0.266
0.326	0.263	0.140	0.271
0.104	0.001	0.409	0.485
0.001	0.001	0.001	0.997
0.001	0.001	0.001	0.997
0.001	0.001	0.997	0.001
0.997	0.001	0.001	0.001
0.001	0.997	0.001	0.001
0.001	0.001	0.001	0.997
0.339	0.037	0.001	0.623
0.264	0.191	0.170	0.375
>DWWAAAGTCAAM	9-DWWAAAGTCAAM	12.014662	-0.123795	0	T:3.0(0.01%),B:13.2(0.03%),P:1e0	Tpos:32.0,Tstd:9.2,Bpos:773.2,Bstd:1050.6,StrandBias:-1.0,Multiplicity:1.00
0.288	0.129	0.226	0.357
0.374	0.218	0.100	0.307
0.436	0.251	0.001	0.312
0.434	0.175	0.143	0.248
0.818	0.001	0.031	0.150
0.997	0.001	0.001	0.001
0.001	0.001	0.997	0.001
0.001	0.001	0.001	0.997
0.001	0.997	0.001	0.001
0.997	0.001	0.001	0.001
0.997	0.001	0.001	0.001
0.482	0.485	0.001	0.032
>HYYTCTCTCTCT	10-HYYTCTCTCTCT	11.967012	-0.054804	0	T:46.0(0.22%),B:146.3(0.28%),P:1e0	Tpos:20.8,Tstd:12.1,Bpos:196.4,Bstd:399.0,StrandBias:-1.0,Multiplicity:1.00
0.214	0.352	0.120	0.314
0.172	0.354	0.016	0.458
0.224	0.329	0.061	0.387
0.067	0.209	0.001	0.723
0.096	0.563	0.051	0.290
0.130	0.001	0.001	0.868
0.004	0.756	0.001	0.239
0.028	0.001	0.001	0.970
0.005	0.846	0.001	0.148
0.001	0.001	0.001	0.997
0.057	0.837	0.001	0.105
0.046	0.031	0.001	0.922
>TCTCTCTCTHWH	11-TCTCTCTCTHWH	11.326491	-0.041525	0	T:30.0(0.14%),B:103.4(0.20%),P:1e0	Tpos:30.6,Tstd:13.6,Bpos:158.5,Bstd:197.2,StrandBias:-2.0,Multiplicity:1.00
0.138	0.034	0.008	0.820
0.075	0.699	0.055	0.171
0.079	0.001	0.005	0.915
0.039	0.796	0.001	0.164
0.049	0.001	0.001	0.949
0.032	0.812	0.023	0.133
0.155	0.004	0.015	0.826
0.160	0.531	0.094	0.215
0.146	0.144	0.057	0.653
0.322	0.367	0.086	0.225
0.319	0.169	0.149	0.363
0.403	0.277	0.062	0.258
>CTCTCTCTCTCT	12-CTCTCTCTCTCT	12.938830	-0.010134	0	T:136.0(0.64%),B:417.4(0.80%),P:1e0	Tpos:44.0,Tstd:0.0,Bpos:47.0,Bstd:0.0,StrandBias:-10.0,Multiplicity:1.00
0.037	0.543	0.031	0.389
0.005	0.054	0.001	0.940
0.022	0.853	0.039	0.086
0.043	0.008	0.001	0.948
0.005	0.913	0.001	0.081
0.040	0.001	0.001	0.958
0.001	0.921	0.001	0.077
0.001	0.001	0.001	0.997
0.094	0.704	0.033	0.169
0.065	0.037	0.089	0.809
0.206	0.461	0.063	0.270
0.213	0.285	0.025	0.477
>CTCTCTCTCTYW	13-CTCTCTCTCTYW	11.697514	-0.010062	0	T:41.0(0.19%),B:148.4(0.28%),P:1e0	Tpos:23.9,Tstd:14.9,Bpos:275.8,Bstd:442.0,StrandBias:0.4,Multiplicity:1.00
0.099	0.591	0.063	0.247
0.103	0.109	0.014	0.774
0.091	0.687	0.048	0.174
0.123	0.016	0.005	0.856
0.039	0.736	0.051	0.174
0.055	0.026	0.016	0.903
0.030	0.724	0.047	0.199
0.107	0.068	0.011	0.814
0.130	0.618	0.060	0.192
0.131	0.107	0.072	0.690
0.153	0.334	0.093	0.421
0.301	0.221	0.099	0.379
>AGAGAGAGAGAG	14-AGAGAGAGAGAG	13.055866	-0.007425	0	T:106.0(0.50%),B:338.5(0.65%),P:1e0	Tpos:33.8,Tstd:12.1,Bpos:235.4,Bstd:376.5,StrandBias:0.4,Multiplicity:1.00
0.725	0.066	0.098	0.111
0.134	0.074	0.697	0.095
0.789	0.042	0.069	0.100
0.129	0.067	0.724	0.080
0.816	0.020	0.069	0.095
0.131	0.079	0.715	0.075
0.824	0.015	0.065	0.096
0.131	0.069	0.718	0.082
0.781	0.036	0.071	0.112
0.135	0.076	0.696	0.093
0.765	0.049	0.089	0.097
0.123	0.090	0.673	0.114
>AGAGAGAGAGAR	15-AGAGAGAGAGAR	11.753887	-0.006326	0	T:147.0(0.69%),B:455.0(0.87%),P:1e0	Tpos:26.8,Tstd:9.8,Bpos:423.1,Bstd:753.4,StrandBias:1.4,Multiplicity:1.00
0.667	0.093	0.108	0.132
0.214	0.093	0.621	0.072
0.910	0.003	0.005	0.082
0.278	0.024	0.639	0.059
0.993	0.005	0.001	0.001
0.221	0.004	0.772	0.003
0.894	0.005	0.062	0.039
0.229	0.057	0.707	0.007
0.822	0.001	0.113	0.064
0.318	0.062	0.502	0.118
0.602	0.017	0.217	0.164
0.335	0.114	0.413	0.137
>AGAGAGAGARRD	16-AGAGAGAGARRD	10.807923	-0.006313	0	T:163.0(0.77%),B:498.0(0.95%),P:1e0	Tpos:27.5,Tstd:14.3,Bpos:359.4,Bstd:655.2,StrandBias:1.6,Multiplicity:1.00
0.727	0.013	0.018	0.242
0.255	0.021	0.567	0.157
0.956	0.005	0.023	0.016
0.311	0.015	0.650	0.024
0.978	0.008	0.002	0.012
0.297	0.007	0.686	0.010
0.802	0.013	0.009	0.176
0.324	0.008	0.650	0.018
0.780	0.004	0.200	0.016
0.355	0.024	0.405	0.217
0.410	0.017	0.373	0.200
0.279	0.165	0.318	0.238
>AGAGAGAGAGAG	17-AGAGAGAGAGAG	14.328631	-0.006065	0	T:128.0(0.60%),B:402.6(0.77%),P:1e0	Tpos:25.6,Tstd:14.3,Bpos:258.8,Bstd:377.4,StrandBias:0.8,Multiplicity:1.00
0.875	0.034	0.057	0.034
0.099	0.043	0.844	0.014
0.935	0.001	0.001	0.063
0.060	0.001	0.938	0.001
0.991	0.001	0.001	0.007
0.052	0.001	0.946	0.001
0.996	0.001	0.001	0.002
0.060	0.001	0.937	0.002
0.969	0.001	0.016	0.014
0.107	0.025	0.856	0.012
0.834	0.001	0.074	0.091
0.254	0.045	0.622	0.079
>GAGAGAGAGAGA	18-GAGAGAGAGAGA	12.328326	-0.002194	0	T:116.0(0.55%),B:381.8(0.73%),P:1e0	Tpos:21.5,Tstd:9.6,Bpos:199.3,Bstd:319.0,StrandBias:0.0,Multiplicity:1.00
0.143	0.093	0.620	0.144
0.809	0.004	0.021	0.166
0.221	0.049	0.672	0.058
0.865	0.001	0.001	0.133
0.113	0.004	0.878	0.005
0.952	0.002	0.001	0.045
0.160	0.001	0.792	0.047
0.737	0.042	0.038	0.183
0.224	0.051	0.660	0.065
0.835	0.001	0.147	0.017
0.268	0.145	0.537	0.050
0.598	0.005	0.320	0.077
>GAGAGAGAGAGA	19-GAGAGAGAGAGA	13.324633	-0.001136	0	T:104.0(0.49%),B:354.1(0.68%),P:1e0	Tpos:24.3,Tstd:11.6,Bpos:178.4,Bstd:343.1,StrandBias:-0.4,Multiplicity:1.00
0.250	0.059	0.525	0.166
0.644	0.042	0.142	0.172
0.106	0.024	0.708	0.162
0.896	0.005	0.006	0.093
0.098	0.002	0.893	0.007
0.922	0.001	0.001	0.076
0.105	0.001	0.887	0.007
0.843	0.001	0.030	0.126
0.123	0.007	0.834	0.036
0.783	0.003	0.051	0.163
0.241	0.060	0.601	0.098
0.704	0.005	0.193	0.098
>TCTCTCTCTYTC	20-TCTCTCTCTYTC	10.872883	-0.000378	0	T:153.0(0.72%),B:508.0(0.97%),P:1e0	Tpos:28.3,Tstd:13.2,Bpos:361.6,Bstd:528.4,StrandBias:-0.8,Multiplicity:1.00
0.148	0.106	0.029	0.717
0.088	0.641	0.101	0.170
0.202	0.078	0.054	0.666
0.053	0.729	0.055	0.163
0.090	0.060	0.033	0.817
0.058	0.743	0.045	0.154
0.113	0.063	0.014	0.810
0.062	0.717	0.086	0.135
0.122	0.128	0.040	0.710
0.124	0.487	0.052	0.337
0.218	0.117	0.073	0.592
0.147	0.530	0.098	0.225
>YHTCTCTCTCTC	21-YHTCTCTCTCTC	12.145143	-0.000375	0	T:122.0(0.58%),B:418.9(0.80%),P:1e0	Tpos:16.3,Tstd:4.6,Bpos:153.0,Bstd:124.7,StrandBias:-1.0,Multiplicity:1.00
0.227	0.335	0.053	0.386
0.269	0.357	0.122	0.252
0.124	0.166	0.003	0.707
0.101	0.619	0.097	0.183
0.139	0.035	0.011	0.815
0.013	0.788	0.001	0.198
0.123	0.001	0.001	0.875
0.015	0.842	0.010	0.133
0.104	0.001	0.001	0.894
0.012	0.869	0.007	0.112
0.022	0.001	0.001	0.976
0.113	0.688	0.068	0.131
>TCTCTCTCTTTH	22-TCTCTCTCTTTH	11.006521	-0.000308	0	T:123.0(0.58%),B:423.4(0.81%),P:1e0	Tpos:31.1,Tstd:10.7,Bpos:353.0,Bstd:573.0,StrandBias:-0.2,Multiplicity:1.00
0.211	0.166	0.001	0.622
0.099	0.741	0.002	0.158
0.143	0.002	0.001	0.854
0.001	0.825	0.001	0.173
0.091	0.001	0.001	0.907
0.002	0.853	0.001	0.144
0.004	0.001	0.001	0.994
0.075	0.625	0.101	0.199
0.180	0.135	0.006	0.679
0.179	0.286	0.095	0.441
0.252	0.214	0.123	0.411
0.305	0.264	0.085	0.346
>KTTGACTTWTWW	23-KTTGACTTWTWW	10.921421	-0.000191	0	T:31.0(0.15%),B:145.5(0.28%),P:1e0	Tpos:26.3,Tstd:12.7,Bpos:675.6,Bstd:859.2,StrandBias:-0.4,Multiplicity:1.00
0.144	0.008	0.418	0.430
0.021	0.042	0.001	0.936
0.001	0.001	0.001	0.997
0.001	0.001	0.997	0.001
0.997	0.001	0.001	0.001
0.001	0.997	0.001	0.001
0.001	0.025	0.001	0.973
0.248	0.216	0.001	0.535
0.273	0.183	0.169	0.375
0.269	0.056	0.217	0.457
0.349	0.147	0.141	0.363
0.362	0.140	0.169	0.329
>TCTCTCTCTCTC	24-TCTCTCTCTCTC	11.411576	-0.000106	0	T:124.0(0.58%),B:437.1(0.84%),P:1e0	Tpos:22.5,Tstd:6.5,Bpos:237.0,Bstd:457.8,StrandBias:-10.0,Multiplicity:1.00
0.156	0.227	0.012	0.605
0.128	0.507	0.090	0.275
0.139	0.088	0.001	0.772
0.079	0.662	0.045	0.214
0.154	0.041	0.012	0.793
0.008	0.799	0.001	0.192
0.087	0.001	0.001	0.911
0.034	0.755	0.001	0.210
0.123	0.001	0.001	0.875
0.162	0.585	0.081	0.172
0.159	0.191	0.046	0.604
0.203	0.455	0.087	0.255
>GAGAGAGAGAGA	25-GAGAGAGAGAGA	11.492635	-0.000023	0	T:175.0(0.82%),B:602.4(1.15%),P:1e0	Tpos:19.1,Tstd:12.2,Bpos:266.0,Bstd:411.2,StrandBias:-0.7,Multiplicity:1.00
0.250	0.082	0.474	0.194
0.487	0.074	0.273	0.166
0.258	0.046	0.434	0.263
0.786	0.030	0.111	0.073
0.222	0.072	0.659	0.047
0.955	0.006	0.014	0.025
0.116	0.018	0.850	0.016
0.964	0.006	0.001	0.029
0.196	0.005	0.785	0.014
0.902	0.001	0.021	0.076
0.214	0.026	0.706	0.054
0.847	0.011	0.078	0.064
>AGAGTGAR	1-AGAGTGAR	5.155897	-0.000000	0	T:2978.0(14.04%),B:15007.4(28.76%),P:1e0	Tpos:25.4,Tstd:12.9,Bpos:323.4,Bstd:560.7,StrandBias:0.0,Multiplicity:1.13
0.429	0.181	0.211	0.180
0.294	0.013	0.533	0.160
0.674	0.001	0.001	0.324
0.043	0.001	0.955	0.001
0.180	0.001	0.129	0.690
0.109	0.307	0.583	0.001
0.518	0.001	0.249	0.232
0.365	0.149	0.485	0.001
>TTTTTTTW	2-TTTTTTTW	4.748453	-0.000000	0	T:7440.0(35.07%),B:29080.1(55.73%),P:1e0	Tpos:24.8,Tstd:13.4,Bpos:516.1,Bstd:720.3,StrandBias:0.1,Multiplicity:1.10
0.052	0.151	0.070	0.727
0.073	0.175	0.043	0.709
0.053	0.041	0.001	0.905
0.114	0.083	0.001	0.802
0.091	0.094	0.114	0.701
0.094	0.128	0.113	0.665
0.211	0.146	0.125	0.518
0.261	0.167	0.165	0.407
>TYTTTTTT	3-TYTTTTTT	6.031668	-0.000000	0	T:4076.0(19.21%),B:20514.3(39.31%),P:1e0	Tpos:25.0,Tstd:13.7,Bpos:503.2,Bstd:711.3,StrandBias:-0.1,Multiplicity:1.07
0.190	0.132	0.078	0.600
0.109	0.469	0.001	0.422
0.065	0.178	0.001	0.756
0.020	0.146	0.001	0.833
0.011	0.168	0.001	0.820
0.001	0.106	0.001	0.892
0.014	0.372	0.024	0.590
0.122	0.241	0.015	0.622
>WAAWWAAW	4-WAAWWAAW	2.749319	-0.000000	0	T:14647.0(69.04%),B:43508.4(83.38%),P:1e0	Tpos:24.8,Tstd:13.7,Bpos:432.3,Bstd:653.0,StrandBias:-0.0,Multiplicity:1.08
0.378	0.152	0.128	0.342
0.430	0.177	0.132	0.262
0.458	0.103	0.187	0.252
0.342	0.092	0.082	0.483
0.296	0.182	0.184	0.338
0.559	0.075	0.157	0.209
0.537	0.060	0.153	0.250
0.395	0.101	0.084	0.420
>WTTWWTTW	5-WTTWWTTW	2.995213	-0.000000	0	T:12603.0(59.41%),B:39302.5(75.32%),P:1e0	Tpos:24.7,Tstd:13.6,Bpos:463.8,Bstd:672.2,StrandBias:-0.0,Multiplicity:1.08
0.366	0.135	0.114	0.385
0.132	0.127	0.126	0.615
0.273	0.069	0.116	0.542
0.345	0.136	0.136	0.383
0.371	0.083	0.132	0.414
0.219	0.110	0.147	0.524
0.265	0.112	0.164	0.459
0.386	0.146	0.164	0.304
>DRAAAAAA	6-DRAAAAAA	5.078068	-0.000000	0	T:5711.0(26.92%),B:25524.1(48.92%),P:1e0	Tpos:24.6,Tstd:13.5,Bpos:495.6,Bstd:710.3,StrandBias:-0.0,Multiplicity:1.05
0.347	0.120	0.251	0.282
0.384	0.151	0.317	0.149
0.638	0.091	0.154	0.117
0.642	0.034	0.219	0.105
0.831	0.001	0.099	0.069
0.793	0.022	0.129	0.056
0.675	0.011	0.276	0.038
0.747	0.022	0.143	0.088
>WWATWAAA	7-WWATWAAA	4.054691	-0.000000	0	T:9308.0(43.87%),B:31656.1(60.67%),P:1e0	Tpos:24.8,Tstd:13.5,Bpos:495.1,Bstd:693.2,StrandBias:-0.1,Multiplicity:1.05
0.474	0.009	0.011	0.506
0.358	0.114	0.138	0.390
0.539	0.092	0.086	0.283
0.219	0.134	0.241	0.406
0.438	0.001	0.043	0.518
0.499	0.118	0.102	0.281
0.538	0.033	0.043	0.386
0.556	0.019	0.042	0.383
>TTWTTWWW	8-TTWTTWWW	3.959192	-0.000000	0	T:8920.0(42.05%),B:30425.1(58.31%),P:1e0	Tpos:25.3,Tstd:14.2,Bpos:489.7,Bstd:677.8,StrandBias:-0.3,Multiplicity:1.00
0.381	0.016	0.019	0.584
0.333	0.068	0.076	0.523
0.428	0.060	0.078	0.433
0.139	0.123	0.171	0.567
0.391	0.001	0.001	0.607
0.320	0.144	0.128	0.408
0.420	0.062	0.149	0.369
0.340	0.171	0.152	0.337
>TWWTWWAA	9-TWWTWWAA	4.089735	-0.000000	0	T:4489.0(21.16%),B:18707.5(35.85%),P:1e0	Tpos:27.0,Tstd:13.1,Bpos:572.7,Bstd:829.3,StrandBias:-0.7,Multiplicity:1.00
0.303	0.124	0.120	0.453
0.388	0.181	0.140	0.291
0.366	0.135	0.145	0.354
0.142	0.210	0.151	0.497
0.324	0.131	0.108	0.437
0.397	0.101	0.116	0.386
0.774	0.001	0.162	0.063
0.468	0.115	0.100	0.317
>GAGAGAGA	10-GAGAGAGA	5.715855	-0.000000	0	T:2164.0(10.20%),B:12423.9(23.81%),P:1e0	Tpos:25.0,Tstd:12.8,Bpos:326.2,Bstd:551.2,StrandBias:-0.0,Multiplicity:1.05
0.211	0.097	0.569	0.123
0.952	0.001	0.001	0.046
0.014	0.001	0.984	0.001
0.983	0.005	0.008	0.004
0.001	0.001	0.997	0.001
0.935	0.001	0.007	0.057
0.161	0.001	0.837	0.001
0.860	0.023	0.051	0.066
>WAATTWAW	11-WAATTWAW	4.524345	-0.000000	0	T:5911.0(27.86%),B:22288.7(42.72%),P:1e0	Tpos:46.0,Tstd:0.0,Bpos:631.1,Bstd:762.3,StrandBias:-10.0,Multiplicity:1.00
0.413	0.044	0.033	0.510
0.510	0.066	0.075	0.349
0.552	0.076	0.076	0.296
0.235	0.100	0.081	0.584
0.279	0.081	0.087	0.553
0.495	0.082	0.075	0.347
0.588	0.057	0.103	0.252
0.378	0.061	0.084	0.476
>WWWWTWAW	12-WWWWTWAW	3.242070	-0.000000	0	T:11013.0(51.91%),B:36209.9(69.39%),P:1e0	Tpos:25.1,Tstd:13.8,Bpos:463.3,Bstd:678.7,StrandBias:-0.1,Multiplicity:1.09
0.393	0.090	0.091	0.425
0.424	0.092	0.087	0.397
0.406	0.085	0.092	0.417
0.376	0.101	0.083	0.440
0.203	0.167	0.120	0.510
0.357	0.136	0.134	0.373
0.519	0.198	0.229	0.054
0.322	0.128	0.127	0.423
>TTTAWTWA	13-TTTAWTWA	3.859834	-0.000000	0	T:9625.0(45.37%),B:32036.6(61.40%),P:1e0	Tpos:24.6,Tstd:13.3,Bpos:566.6,Bstd:745.5,StrandBias:-0.0,Multiplicity:1.16
0.333	0.065	0.058	0.544
0.291	0.056	0.055	0.598
0.227	0.062	0.075	0.636
0.558	0.010	0.049	0.383
0.511	0.022	0.066	0.401
0.197	0.072	0.051	0.680
0.355	0.099	0.088	0.458
0.492	0.091	0.118	0.300
>AAAAGTGA	14-AAAAGTGA	4.387242	-0.000000	0	T:5189.0(24.46%),B:24720.8(47.38%),P:1e0	Tpos:25.3,Tstd:13.2,Bpos:414.2,Bstd:643.3,StrandBias:0.0,Multiplicity:1.07
0.691	0.053	0.090	0.166
0.744	0.053	0.043	0.160
0.928	0.001	0.003	0.068
0.912	0.001	0.001	0.086
0.001	0.001	0.997	0.001
0.114	0.001	0.001	0.884
0.001	0.161	0.837	0.001
0.773	0.001	0.074	0.152
>VATTCACT	15-VATTCACT	8.026609	-0.000000	0	T:184.0(0.87%),B:1705.8(3.27%),P:1e0	Tpos:39.7,Tstd:16.4,Bpos:106.7,Bstd:107.3,StrandBias:2.3,Multiplicity:1.00
0.334	0.271	0.222	0.173
0.775	0.046	0.046	0.133
0.058	0.062	0.038	0.842
0.038	0.029	0.030	0.903
0.094	0.753	0.053	0.100
0.846	0.035	0.013	0.106
0.114	0.754	0.029	0.103
0.044	0.001	0.001	0.954
>WTTTTTWW	16-WTTTTTWW	3.756250	-0.000000	0	T:8589.0(40.49%),B:29869.9(57.24%),P:1e0	Tpos:25.5,Tstd:14.5,Bpos:468.5,Bstd:697.8,StrandBias:0.2,Multiplicity:1.01
0.376	0.086	0.067	0.471
0.259	0.105	0.108	0.528
0.281	0.119	0.084	0.516
0.199	0.087	0.108	0.606
0.289	0.074	0.097	0.540
0.217	0.136	0.119	0.528
0.313	0.110	0.145	0.432
0.414	0.139	0.120	0.327
>AAGTGAAT	17-AAGTGAAT	1.899276	-0.000000	0	T:3592.0(16.93%),B:18818.3(36.06%),P:1e0	Tpos:25.1,Tstd:12.9,Bpos:421.3,Bstd:654.5,StrandBias:0.1,Multiplicity:1.08
0.581	0.001	0.417	0.001
0.997	0.001	0.001	0.001
0.001	0.001	0.997	0.001
0.001	0.001	0.001	0.997
0.001	0.392	0.606	0.001
0.997	0.001	0.001	0.001
0.997	0.001	0.001	0.001
0.022	0.264	0.279	0.434
>AAGTGAAN	18-AAGTGAAN	8.935109	-0.000000	0	T:42.0(0.20%),B:364.4(0.70%),P:1e0	Tpos:26.7,Tstd:14.1,Bpos:395.7,Bstd:618.7,StrandBias:0.2,Multiplicity:1.00
0.709	0.001	0.289	0.001
0.918	0.001	0.001	0.080
0.001	0.001	0.997	0.001
0.001	0.001	0.001	0.997
0.001	0.343	0.655	0.001
0.905	0.001	0.001	0.093
0.924	0.001	0.074	0.001
0.201	0.327	0.205	0.267
>NHWDWAAW	19-NHWDWAAW	3.503323	-0.000000	0	T:3922.0(18.49%),B:17614.7(33.76%),P:1e0	Tpos:28.6,Tstd:13.5,Bpos:412.9,Bstd:591.1,StrandBias:-3.0,Multiplicity:1.00
0.238	0.237	0.203	0.322
0.320	0.184	0.173	0.323
0.355	0.164	0.131	0.350
0.338	0.182	0.201	0.280
0.393	0.120	0.159	0.328
0.483	0.179	0.149	0.189
0.565	0.001	0.084	0.350
0.476	0.001	0.001	0.522
>CTTTTCTC	20-CTTTTCTC	4.916941	-0.000000	0	T:4230.0(19.94%),B:22325.3(42.79%),P:1e0	Tpos:24.8,Tstd:13.0,Bpos:425.4,Bstd:655.4,StrandBias:0.0,Multiplicity:1.11
0.120	0.601	0.067	0.212
0.154	0.117	0.080	0.649
0.147	0.239	0.028	0.586
0.090	0.161	0.056	0.693
0.122	0.066	0.032	0.780
0.134	0.493	0.120	0.253
0.266	0.091	0.056	0.587
0.105	0.611	0.075	0.209
>WNDWWWWA	21-WNDWWWWA	3.243017	-0.000000	0	T:10039.0(47.32%),B:33766.4(64.71%),P:1e0	Tpos:24.9,Tstd:14.1,Bpos:477.6,Bstd:678.2,StrandBias:-0.1,Multiplicity:1.03
0.359	0.196	0.174	0.271
0.279	0.186	0.226	0.310
0.332	0.152	0.191	0.326
0.357	0.173	0.136	0.334
0.424	0.079	0.127	0.369
0.450	0.040	0.101	0.409
0.480	0.040	0.071	0.409
0.704	0.001	0.001	0.294
>WWAAAAAA	22-WWAAAAAA	4.431923	-0.000000	0	T:8556.0(40.33%),B:30564.7(58.58%),P:1e0	Tpos:25.1,Tstd:13.4,Bpos:574.6,Bstd:756.8,StrandBias:0.1,Multiplicity:1.13
0.436	0.096	0.135	0.333
0.422	0.149	0.001	0.428
0.615	0.066	0.060	0.259
0.646	0.031	0.073	0.250
0.738	0.037	0.103	0.122
0.639	0.055	0.094	0.212
0.707	0.046	0.098	0.149
0.753	0.026	0.080	0.141
>WWWAAWWW	23-WWWAAWWW	4.225015	-0.000000	0	T:5463.0(25.75%),B:21303.7(40.83%),P:1e0	Tpos:46.0,Tstd:0.0,Bpos:256.7,Bstd:389.5,StrandBias:-10.0,Multiplicity:1.00
0.392	0.105	0.112	0.390
0.376	0.148	0.112	0.364
0.418	0.090	0.100	0.392
0.630	0.155	0.152	0.063
0.613	0.162	0.142	0.083
0.422	0.118	0.102	0.358
0.410	0.104	0.132	0.354
0.442	0.114	0.131	0.313
>TTTTTTTT	24-TTTTTTTT	5.908619	-0.000000	0	T:3692.0(17.40%),B:18339.7(35.15%),P:1e0	Tpos:25.0,Tstd:13.3,Bpos:495.8,Bstd:702.2,StrandBias:0.1,Multiplicity:1.03
0.086	0.274	0.001	0.639
0.001	0.201	0.001	0.797
0.036	0.064	0.001	0.899
0.045	0.124	0.001	0.830
0.058	0.150	0.001	0.791
0.144	0.107	0.095	0.654
0.184	0.191	0.195	0.430
0.245	0.188	0.155	0.412
>DWAGAGWG	25-DWAGAGWG	7.934506	-0.000000	0	T:47.0(0.22%),B:299.6(0.57%),P:1e0	Tpos:25.1,Tstd:14.3,Bpos:313.0,Bstd:524.6,StrandBias:-0.5,Multiplicity:1.00
0.259	0.100	0.299	0.342
0.434	0.001	0.197	0.368
0.785	0.001	0.060	0.154
0.345	0.001	0.653	0.001
0.997	0.001	0.001	0.001
0.001	0.001	0.997	0.001
0.433	0.001	0.001	0.565
0.001	0.001	0.997	0.001
