>AGAGTGAR	1-AGAGTGAR	5.155897	-0.000000	0	T:2978.0(14.04%),B:15007.4(28.76%),P:1e0	Tpos:25.4,Tstd:12.9,Bpos:323.4,Bstd:560.7,StrandBias:0.0,Multiplicity:1.13
0.429	0.181	0.211	0.180
0.294	0.013	0.533	0.160
0.674	0.001	0.001	0.324
0.043	0.001	0.955	0.001
0.180	0.001	0.129	0.690
0.109	0.307	0.583	0.001
0.518	0.001	0.249	0.232
0.365	0.149	0.485	0.001
>TTTTTTTW	2-TTTTTTTW	4.748453	-0.000000	0	T:7440.0(35.07%),B:29080.1(55.73%),P:1e0	Tpos:24.8,Tstd:13.4,Bpos:516.1,Bstd:720.3,StrandBias:0.1,Multiplicity:1.10
0.052	0.151	0.070	0.727
0.073	0.175	0.043	0.709
0.053	0.041	0.001	0.905
0.114	0.083	0.001	0.802
0.091	0.094	0.114	0.701
0.094	0.128	0.113	0.665
0.211	0.146	0.125	0.518
0.261	0.167	0.165	0.407
>TYTTTTTT	3-TYTTTTTT	6.031668	-0.000000	0	T:4076.0(19.21%),B:20514.3(39.31%),P:1e0	Tpos:25.0,Tstd:13.7,Bpos:503.2,Bstd:711.3,StrandBias:-0.1,Multiplicity:1.07
0.190	0.132	0.078	0.600
0.109	0.469	0.001	0.422
0.065	0.178	0.001	0.756
0.020	0.146	0.001	0.833
0.011	0.168	0.001	0.820
0.001	0.106	0.001	0.892
0.014	0.372	0.024	0.590
0.122	0.241	0.015	0.622
>WAAWWAAW	4-WAAWWAAW	2.749319	-0.000000	0	T:14647.0(69.04%),B:43508.4(83.38%),P:1e0	Tpos:24.8,Tstd:13.7,Bpos:432.3,Bstd:653.0,StrandBias:-0.0,Multiplicity:1.08
0.378	0.152	0.128	0.342
0.430	0.177	0.132	0.262
0.458	0.103	0.187	0.252
0.342	0.092	0.082	0.483
0.296	0.182	0.184	0.338
0.559	0.075	0.157	0.209
0.537	0.060	0.153	0.250
0.395	0.101	0.084	0.420
>WTTWWTTW	5-WTTWWTTW	2.995213	-0.000000	0	T:12603.0(59.41%),B:39302.5(75.32%),P:1e0	Tpos:24.7,Tstd:13.6,Bpos:463.8,Bstd:672.2,StrandBias:-0.0,Multiplicity:1.08
0.366	0.135	0.114	0.385
0.132	0.127	0.126	0.615
0.273	0.069	0.116	0.542
0.345	0.136	0.136	0.383
0.371	0.083	0.132	0.414
0.219	0.110	0.147	0.524
0.265	0.112	0.164	0.459
0.386	0.146	0.164	0.304
>DRAAAAAA	6-DRAAAAAA	5.078068	-0.000000	0	T:5711.0(26.92%),B:25524.1(48.92%),P:1e0	Tpos:24.6,Tstd:13.5,Bpos:495.6,Bstd:710.3,StrandBias:-0.0,Multiplicity:1.05
0.347	0.120	0.251	0.282
0.384	0.151	0.317	0.149
0.638	0.091	0.154	0.117
0.642	0.034	0.219	0.105
0.831	0.001	0.099	0.069
0.793	0.022	0.129	0.056
0.675	0.011	0.276	0.038
0.747	0.022	0.143	0.088
>WWATWAAA	7-WWATWAAA	4.054691	-0.000000	0	T:9308.0(43.87%),B:31656.1(60.67%),P:1e0	Tpos:24.8,Tstd:13.5,Bpos:495.1,Bstd:693.2,StrandBias:-0.1,Multiplicity:1.05
0.474	0.009	0.011	0.506
0.358	0.114	0.138	0.390
0.539	0.092	0.086	0.283
0.219	0.134	0.241	0.406
0.438	0.001	0.043	0.518
0.499	0.118	0.102	0.281
0.538	0.033	0.043	0.386
0.556	0.019	0.042	0.383
>TTWTTWWW	8-TTWTTWWW	3.959192	-0.000000	0	T:8920.0(42.05%),B:30425.1(58.31%),P:1e0	Tpos:25.3,Tstd:14.2,Bpos:489.7,Bstd:677.8,StrandBias:-0.3,Multiplicity:1.00
0.381	0.016	0.019	0.584
0.333	0.068	0.076	0.523
0.428	0.060	0.078	0.433
0.139	0.123	0.171	0.567
0.391	0.001	0.001	0.607
0.320	0.144	0.128	0.408
0.420	0.062	0.149	0.369
0.340	0.171	0.152	0.337
>TWWTWWAA	9-TWWTWWAA	4.089735	-0.000000	0	T:4489.0(21.16%),B:18707.5(35.85%),P:1e0	Tpos:27.0,Tstd:13.1,Bpos:572.7,Bstd:829.3,StrandBias:-0.7,Multiplicity:1.00
0.303	0.124	0.120	0.453
0.388	0.181	0.140	0.291
0.366	0.135	0.145	0.354
0.142	0.210	0.151	0.497
0.324	0.131	0.108	0.437
0.397	0.101	0.116	0.386
0.774	0.001	0.162	0.063
0.468	0.115	0.100	0.317
>GAGAGAGA	10-GAGAGAGA	5.715855	-0.000000	0	T:2164.0(10.20%),B:12423.9(23.81%),P:1e0	Tpos:25.0,Tstd:12.8,Bpos:326.2,Bstd:551.2,StrandBias:-0.0,Multiplicity:1.05
0.211	0.097	0.569	0.123
0.952	0.001	0.001	0.046
0.014	0.001	0.984	0.001
0.983	0.005	0.008	0.004
0.001	0.001	0.997	0.001
0.935	0.001	0.007	0.057
0.161	0.001	0.837	0.001
0.860	0.023	0.051	0.066
>WAATTWAW	11-WAATTWAW	4.524345	-0.000000	0	T:5911.0(27.86%),B:22288.7(42.72%),P:1e0	Tpos:46.0,Tstd:0.0,Bpos:631.1,Bstd:762.3,StrandBias:-10.0,Multiplicity:1.00
0.413	0.044	0.033	0.510
0.510	0.066	0.075	0.349
0.552	0.076	0.076	0.296
0.235	0.100	0.081	0.584
0.279	0.081	0.087	0.553
0.495	0.082	0.075	0.347
0.588	0.057	0.103	0.252
0.378	0.061	0.084	0.476
>WWWWTWAW	12-WWWWTWAW	3.242070	-0.000000	0	T:11013.0(51.91%),B:36209.9(69.39%),P:1e0	Tpos:25.1,Tstd:13.8,Bpos:463.3,Bstd:678.7,StrandBias:-0.1,Multiplicity:1.09
0.393	0.090	0.091	0.425
0.424	0.092	0.087	0.397
0.406	0.085	0.092	0.417
0.376	0.101	0.083	0.440
0.203	0.167	0.120	0.510
0.357	0.136	0.134	0.373
0.519	0.198	0.229	0.054
0.322	0.128	0.127	0.423
>TTTAWTWA	13-TTTAWTWA	3.859834	-0.000000	0	T:9625.0(45.37%),B:32036.6(61.40%),P:1e0	Tpos:24.6,Tstd:13.3,Bpos:566.6,Bstd:745.5,StrandBias:-0.0,Multiplicity:1.16
0.333	0.065	0.058	0.544
0.291	0.056	0.055	0.598
0.227	0.062	0.075	0.636
0.558	0.010	0.049	0.383
0.511	0.022	0.066	0.401
0.197	0.072	0.051	0.680
0.355	0.099	0.088	0.458
0.492	0.091	0.118	0.300
>AAAAGTGA	14-AAAAGTGA	4.387242	-0.000000	0	T:5189.0(24.46%),B:24720.8(47.38%),P:1e0	Tpos:25.3,Tstd:13.2,Bpos:414.2,Bstd:643.3,StrandBias:0.0,Multiplicity:1.07
0.691	0.053	0.090	0.166
0.744	0.053	0.043	0.160
0.928	0.001	0.003	0.068
0.912	0.001	0.001	0.086
0.001	0.001	0.997	0.001
0.114	0.001	0.001	0.884
0.001	0.161	0.837	0.001
0.773	0.001	0.074	0.152
>VATTCACT	15-VATTCACT	8.026609	-0.000000	0	T:184.0(0.87%),B:1705.8(3.27%),P:1e0	Tpos:39.7,Tstd:16.4,Bpos:106.7,Bstd:107.3,StrandBias:2.3,Multiplicity:1.00
0.334	0.271	0.222	0.173
0.775	0.046	0.046	0.133
0.058	0.062	0.038	0.842
0.038	0.029	0.030	0.903
0.094	0.753	0.053	0.100
0.846	0.035	0.013	0.106
0.114	0.754	0.029	0.103
0.044	0.001	0.001	0.954
>WTTTTTWW	16-WTTTTTWW	3.756250	-0.000000	0	T:8589.0(40.49%),B:29869.9(57.24%),P:1e0	Tpos:25.5,Tstd:14.5,Bpos:468.5,Bstd:697.8,StrandBias:0.2,Multiplicity:1.01
0.376	0.086	0.067	0.471
0.259	0.105	0.108	0.528
0.281	0.119	0.084	0.516
0.199	0.087	0.108	0.606
0.289	0.074	0.097	0.540
0.217	0.136	0.119	0.528
0.313	0.110	0.145	0.432
0.414	0.139	0.120	0.327
>AAGTGAAT	17-AAGTGAAT	1.899276	-0.000000	0	T:3592.0(16.93%),B:18818.3(36.06%),P:1e0	Tpos:25.1,Tstd:12.9,Bpos:421.3,Bstd:654.5,StrandBias:0.1,Multiplicity:1.08
0.581	0.001	0.417	0.001
0.997	0.001	0.001	0.001
0.001	0.001	0.997	0.001
0.001	0.001	0.001	0.997
0.001	0.392	0.606	0.001
0.997	0.001	0.001	0.001
0.997	0.001	0.001	0.001
0.022	0.264	0.279	0.434
>AAGTGAAN	18-AAGTGAAN	8.935109	-0.000000	0	T:42.0(0.20%),B:364.4(0.70%),P:1e0	Tpos:26.7,Tstd:14.1,Bpos:395.7,Bstd:618.7,StrandBias:0.2,Multiplicity:1.00
0.709	0.001	0.289	0.001
0.918	0.001	0.001	0.080
0.001	0.001	0.997	0.001
0.001	0.001	0.001	0.997
0.001	0.343	0.655	0.001
0.905	0.001	0.001	0.093
0.924	0.001	0.074	0.001
0.201	0.327	0.205	0.267
>NHWDWAAW	19-NHWDWAAW	3.503323	-0.000000	0	T:3922.0(18.49%),B:17614.7(33.76%),P:1e0	Tpos:28.6,Tstd:13.5,Bpos:412.9,Bstd:591.1,StrandBias:-3.0,Multiplicity:1.00
0.238	0.237	0.203	0.322
0.320	0.184	0.173	0.323
0.355	0.164	0.131	0.350
0.338	0.182	0.201	0.280
0.393	0.120	0.159	0.328
0.483	0.179	0.149	0.189
0.565	0.001	0.084	0.350
0.476	0.001	0.001	0.522
>CTTTTCTC	20-CTTTTCTC	4.916941	-0.000000	0	T:4230.0(19.94%),B:22325.3(42.79%),P:1e0	Tpos:24.8,Tstd:13.0,Bpos:425.4,Bstd:655.4,StrandBias:0.0,Multiplicity:1.11
0.120	0.601	0.067	0.212
0.154	0.117	0.080	0.649
0.147	0.239	0.028	0.586
0.090	0.161	0.056	0.693
0.122	0.066	0.032	0.780
0.134	0.493	0.120	0.253
0.266	0.091	0.056	0.587
0.105	0.611	0.075	0.209
>WNDWWWWA	21-WNDWWWWA	3.243017	-0.000000	0	T:10039.0(47.32%),B:33766.4(64.71%),P:1e0	Tpos:24.9,Tstd:14.1,Bpos:477.6,Bstd:678.2,StrandBias:-0.1,Multiplicity:1.03
0.359	0.196	0.174	0.271
0.279	0.186	0.226	0.310
0.332	0.152	0.191	0.326
0.357	0.173	0.136	0.334
0.424	0.079	0.127	0.369
0.450	0.040	0.101	0.409
0.480	0.040	0.071	0.409
0.704	0.001	0.001	0.294
>WWAAAAAA	22-WWAAAAAA	4.431923	-0.000000	0	T:8556.0(40.33%),B:30564.7(58.58%),P:1e0	Tpos:25.1,Tstd:13.4,Bpos:574.6,Bstd:756.8,StrandBias:0.1,Multiplicity:1.13
0.436	0.096	0.135	0.333
0.422	0.149	0.001	0.428
0.615	0.066	0.060	0.259
0.646	0.031	0.073	0.250
0.738	0.037	0.103	0.122
0.639	0.055	0.094	0.212
0.707	0.046	0.098	0.149
0.753	0.026	0.080	0.141
>WWWAAWWW	23-WWWAAWWW	4.225015	-0.000000	0	T:5463.0(25.75%),B:21303.7(40.83%),P:1e0	Tpos:46.0,Tstd:0.0,Bpos:256.7,Bstd:389.5,StrandBias:-10.0,Multiplicity:1.00
0.392	0.105	0.112	0.390
0.376	0.148	0.112	0.364
0.418	0.090	0.100	0.392
0.630	0.155	0.152	0.063
0.613	0.162	0.142	0.083
0.422	0.118	0.102	0.358
0.410	0.104	0.132	0.354
0.442	0.114	0.131	0.313
>TTTTTTTT	24-TTTTTTTT	5.908619	-0.000000	0	T:3692.0(17.40%),B:18339.7(35.15%),P:1e0	Tpos:25.0,Tstd:13.3,Bpos:495.8,Bstd:702.2,StrandBias:0.1,Multiplicity:1.03
0.086	0.274	0.001	0.639
0.001	0.201	0.001	0.797
0.036	0.064	0.001	0.899
0.045	0.124	0.001	0.830
0.058	0.150	0.001	0.791
0.144	0.107	0.095	0.654
0.184	0.191	0.195	0.430
0.245	0.188	0.155	0.412
>DWAGAGWG	25-DWAGAGWG	7.934506	-0.000000	0	T:47.0(0.22%),B:299.6(0.57%),P:1e0	Tpos:25.1,Tstd:14.3,Bpos:313.0,Bstd:524.6,StrandBias:-0.5,Multiplicity:1.00
0.259	0.100	0.299	0.342
0.434	0.001	0.197	0.368
0.785	0.001	0.060	0.154
0.345	0.001	0.653	0.001
0.997	0.001	0.001	0.001
0.001	0.001	0.997	0.001
0.433	0.001	0.001	0.565
0.001	0.001	0.997	0.001
