>CGGCTCTGGGTN	9-CGGCTCTGGGTN,BestGuess:RAP1(MacIsaac)/Yeast(0.649)	9.491768	-2.903319	0	T:2.0(0.51%),B:57.6(0.09%),P:1e-1
0.101	0.417	0.258	0.223
0.045	0.119	0.787	0.049
0.064	0.234	0.596	0.106
0.120	0.544	0.205	0.131
0.077	0.072	0.214	0.637
0.117	0.617	0.144	0.122
0.055	0.230	0.141	0.574
0.086	0.105	0.700	0.109
0.077	0.147	0.634	0.142
0.173	0.083	0.635	0.109
0.125	0.191	0.120	0.564
0.214	0.297	0.283	0.207
