>SGSRCKCCGSTA	16-SGSRCKCCGSTA,BestGuess:SeqBias: CG bias(0.611)	7.128403	-0.083990	0	T:3.0(0.77%),B:873.0(1.44%),P:1e0
0.001	0.454	0.318	0.227
0.001	0.318	0.680	0.001
0.227	0.409	0.363	0.001
0.408	0.137	0.455	0.001
0.181	0.502	0.001	0.316
0.001	0.181	0.456	0.363
0.001	0.501	0.272	0.226
0.001	0.633	0.365	0.001
0.182	0.320	0.498	0.001
0.001	0.318	0.454	0.226
0.317	0.001	0.182	0.499
0.544	0.227	0.001	0.228
