>BTTCTGGCGGCN	10-BTTCTGGCGGCN,BestGuess:ERF1B/MA0567.1/Jaspar(0.813)	9.647809	-2.687473	0	T:1.0(0.26%),B:10.1(0.02%),P:1e-1
0.167	0.272	0.351	0.209
0.096	0.219	0.162	0.523
0.051	0.194	0.223	0.532
0.053	0.730	0.114	0.103
0.114	0.147	0.113	0.626
0.055	0.128	0.738	0.079
0.091	0.149	0.683	0.077
0.128	0.651	0.148	0.073
0.161	0.142	0.575	0.122
0.095	0.132	0.682	0.091
0.093	0.667	0.170	0.070
0.241	0.296	0.256	0.207
