>SCGKBCGCSCKN	15-SCGKBCGCSCKN,BestGuess:SeqBias: CG-repeat(0.740)	7.677468	-0.212113	0	T:3.0(0.77%),B:675.8(1.11%),P:1e0
0.195	0.387	0.246	0.173
0.022	0.740	0.108	0.130
0.001	0.151	0.632	0.216
0.130	0.139	0.363	0.368
0.001	0.340	0.292	0.367
0.087	0.556	0.238	0.119
0.086	0.184	0.569	0.161
0.130	0.678	0.116	0.076
0.065	0.321	0.453	0.162
0.001	0.766	0.147	0.086
0.108	0.127	0.332	0.433
0.238	0.279	0.226	0.257
