>CGCGGCGCCCTC	8-CGCGGCGCCCTC,BestGuess:abi4/MA0123.1/Jaspar(0.750)	11.732474	-3.277777	0	T:1.0(0.26%),B:5.3(0.01%),P:1e-1
0.089	0.693	0.143	0.075
0.089	0.175	0.624	0.112
0.077	0.730	0.130	0.063
0.119	0.170	0.600	0.111
0.081	0.151	0.721	0.047
0.119	0.661	0.138	0.082
0.070	0.171	0.661	0.098
0.063	0.691	0.170	0.076
0.068	0.699	0.122	0.111
0.081	0.716	0.118	0.085
0.089	0.190	0.188	0.533
0.069	0.675	0.161	0.095
