# universalmotif version 1.16.0

---
name: motif2.motif_ja_25
alphabet: DNA
type: PPM
icscore: 8.4800000000000004263256
nsites: 22.0
pseudocount: 0.3333333333333333148296
bkg:
  A: 0.3246883316991175383315
  C: 0.175335107624784047875
  G: 0.1754490358126721827325
  T: 0.324527524863426231061
  AA: 0.119177630958273716999
  AC: 0.0520059399098086738711
  AG: 0.0580365310648853216513
  AT: 0.095696794620925215713
  CA: 0.0629853294290914633713
  CC: 0.0314809775223847260195
  CG: 0.0224865332098840402242
  CT: 0.0580253601743860522588
  GA: 0.0628000240690447381064
  GC: 0.0287694550680030296241
  GG: 0.0317464504495438559761
  GT: 0.0518798684313169083948
  TA: 0.0799398311430721680848
  TC: 0.0628390752492774817828
  TG: 0.0628948358287444303505
  TT: 0.1192353628713581775722
bkgsites: 8.9000000000000003552714
consensus: KTYRAWYRACAC
strand: +-
pval: 9.9999999999999995474811e-07
extrainfo:
  logodds.threshold: '9.839833'
motif:
- 1.610e-01 1.500e-02 5.580e-01 2.660e-01
- 1.860e-01 1.520e-01 2.000e-02 6.420e-01
- 1.500e-02 6.090e-01 1.900e-02 3.570e-01
- 3.270e-01 2.500e-02 5.900e-01 5.800e-02
- 6.570e-01 4.600e-02 2.430e-01 5.400e-02
- 2.560e-01 1.420e-01 2.000e-02 5.820e-01
- 3.100e-02 5.960e-01 3.500e-02 3.380e-01
- 3.610e-01 2.000e-02 6.090e-01 1.000e-02
- 7.070e-01 2.000e-02 3.000e-02 2.430e-01
- 2.280e-01 5.650e-01 3.400e-02 1.730e-01
- 9.450e-01 1.000e-02 1.000e-02 3.500e-02
- 4.100e-02 5.870e-01 1.450e-01 2.270e-01

