# universalmotif version 1.16.0

---
name: motif2.motif_ja_100
family: BLH
alphabet: DNA
type: PPM
icscore: 6.1200000000000001065814
nsites: 19166.0
pseudocount: 0.3333333333333333148296
bkg:
  A: 0.3246883316991175383315
  C: 0.175335107624784047875
  G: 0.1754490358126721827325
  T: 0.324527524863426231061
  AA: 0.119177630958273716999
  AC: 0.0520059399098086738711
  AG: 0.0580365310648853216513
  AT: 0.095696794620925215713
  CA: 0.0629853294290914633713
  CC: 0.0314809775223847260195
  CG: 0.0224865332098840402242
  CT: 0.0580253601743860522588
  GA: 0.0628000240690447381064
  GC: 0.0287694550680030296241
  GG: 0.0317464504495438559761
  GT: 0.0518798684313169083948
  TA: 0.0799398311430721680848
  TC: 0.0628390752492774817828
  TG: 0.0628948358287444303505
  TT: 0.1192353628713581775722
bkgsites: 48213.0999999999985448084772
consensus: DWGWNRWGWNRD
strand: +-
pval: 0.0
extrainfo:
  logodds.threshold: '3.358351'
motif:
- 3.350e-01 1.460e-01 2.560e-01 2.630e-01
- 4.560e-01 1.000e-03 1.840e-01 3.590e-01
- 2.020e-01 1.600e-01 5.080e-01 1.300e-01
- 6.280e-01 1.000e-03 1.000e-03 3.700e-01
- 2.100e-01 4.200e-02 4.620e-01 2.860e-01
- 6.280e-01 8.000e-03 3.620e-01 2.000e-03
- 3.370e-01 1.000e-03 1.600e-01 5.020e-01
- 1.340e-01 1.990e-01 6.660e-01 1.000e-03
- 6.700e-01 1.000e-03 1.000e-03 3.280e-01
- 1.460e-01 2.150e-01 4.190e-01 2.200e-01
- 4.960e-01 1.000e-03 2.620e-01 2.410e-01
- 2.940e-01 1.200e-01 2.550e-01 3.310e-01

