# universalmotif version 1.16.0

---
name: motif3.motif_ja_25
alphabet: DNA
type: PPM
icscore: 12.5
nsites: 18.0
pseudocount: 0.3333333333333333148296
bkg:
  A: 0.3246883316991175383315
  C: 0.175335107624784047875
  G: 0.1754490358126721827325
  T: 0.324527524863426231061
  AA: 0.119177630958273716999
  AC: 0.0520059399098086738711
  AG: 0.0580365310648853216513
  AT: 0.095696794620925215713
  CA: 0.0629853294290914633713
  CC: 0.0314809775223847260195
  CG: 0.0224865332098840402242
  CT: 0.0580253601743860522588
  GA: 0.0628000240690447381064
  GC: 0.0287694550680030296241
  GG: 0.0317464504495438559761
  GT: 0.0518798684313169083948
  TA: 0.0799398311430721680848
  TC: 0.0628390752492774817828
  TG: 0.0628948358287444303505
  TT: 0.1192353628713581775722
bkgsites: 16.1000000000000014210855
consensus: AACCTACTATCA
strand: +-
pval: 0.0010000000000000000208
extrainfo:
  logodds.threshold: '11.807533'
motif:
- 8.330e-01 1.110e-01 1.000e-03 5.500e-02
- 8.490e-01 7.500e-02 1.000e-03 7.500e-02
- 7.500e-02 7.830e-01 8.300e-02 5.900e-02
- 1.310e-01 7.450e-01 2.800e-02 9.600e-02
- 3.000e-02 5.500e-02 1.000e-03 9.140e-01
- 7.830e-01 5.600e-02 8.300e-02 7.800e-02
- 4.900e-02 8.340e-01 5.600e-02 6.100e-02
- 5.500e-02 1.000e-03 2.700e-02 9.170e-01
- 7.670e-01 8.300e-02 4.700e-02 1.030e-01
- 5.700e-02 8.300e-02 2.800e-02 8.320e-01
- 3.000e-02 8.580e-01 5.600e-02 5.600e-02
- 8.850e-01 2.700e-02 1.000e-03 8.700e-02

