>TCGAACACYT	1-TCGAACACYT	8.987428	-121.562838	0	T:51.0(16.56%),B:258.9(0.61%),P:1e-52	Tpos:23.3,Tstd:11.7,Bpos:190.3,Bstd:290.1,StrandBias:0.8,Multiplicity:1.00
0.001	0.001	0.001	0.997
0.001	0.997	0.001	0.001
0.022	0.001	0.976	0.001
0.961	0.001	0.001	0.037
0.961	0.001	0.037	0.001
0.001	0.961	0.037	0.001
0.997	0.001	0.001	0.001
0.096	0.834	0.027	0.043
0.047	0.485	0.001	0.466
0.023	0.001	0.001	0.975
>AGGCATTTCA	2-AGGCATTTCA	9.339651	-60.937692	0	T:32.0(10.39%),B:276.5(0.66%),P:1e-26	Tpos:24.1,Tstd:13.0,Bpos:244.9,Bstd:308.9,StrandBias:0.7,Multiplicity:1.00
0.997	0.001	0.001	0.001
0.001	0.286	0.712	0.001
0.136	0.001	0.862	0.001
0.159	0.839	0.001	0.001
0.997	0.001	0.001	0.001
0.001	0.001	0.001	0.997
0.279	0.001	0.001	0.719
0.001	0.001	0.001	0.997
0.001	0.618	0.001	0.380
0.509	0.182	0.308	0.001
>TCGAACAGDC	3-TCGAACAGDC	9.776307	-44.291142	0	T:18.0(5.84%),B:85.4(0.20%),P:1e-19	Tpos:25.4,Tstd:12.3,Bpos:262.1,Bstd:757.4,StrandBias:2.0,Multiplicity:1.00
0.202	0.001	0.001	0.796
0.001	0.885	0.113	0.001
0.224	0.001	0.774	0.001
0.997	0.001	0.001	0.001
0.997	0.001	0.001	0.001
0.110	0.888	0.001	0.001
0.843	0.001	0.001	0.155
0.113	0.171	0.715	0.001
0.316	0.001	0.269	0.414
0.001	0.722	0.008	0.269
>CTYTCAGGCA	4-CTYTCAGGCA	11.229884	-30.095973	0	T:8.0(2.60%),B:8.6(0.02%),P:1e-13	Tpos:15.5,Tstd:14.8,Bpos:117.8,Bstd:57.7,StrandBias:1.6,Multiplicity:1.00
0.152	0.846	0.001	0.001
0.001	0.001	0.172	0.826
0.153	0.398	0.153	0.296
0.001	0.001	0.098	0.900
0.141	0.454	0.153	0.251
0.997	0.001	0.001	0.001
0.001	0.001	0.997	0.001
0.001	0.140	0.858	0.001
0.109	0.889	0.001	0.001
0.834	0.001	0.164	0.001
>TGATGCACGC	5-TGATGCACGC	7.706082	-23.633698	0	T:23.0(7.47%),B:552.7(1.31%),P:1e-10	Tpos:24.4,Tstd:7.8,Bpos:206.2,Bstd:437.7,StrandBias:-0.2,Multiplicity:1.04
0.176	0.001	0.001	0.822
0.047	0.001	0.686	0.266
0.876	0.002	0.067	0.055
0.147	0.043	0.116	0.694
0.001	0.086	0.870	0.043
0.001	0.956	0.001	0.042
0.738	0.164	0.001	0.097
0.001	0.997	0.001	0.001
0.258	0.001	0.641	0.100
0.079	0.726	0.101	0.094
>ACARAGYCAR	6-ACARAGYCAR	11.683398	-21.256094	0	T:12.0(3.90%),B:129.0(0.31%),P:1e-9	Tpos:22.2,Tstd:11.7,Bpos:280.9,Bstd:359.0,StrandBias:1.6,Multiplicity:1.00
0.997	0.001	0.001	0.001
0.001	0.997	0.001	0.001
0.997	0.001	0.001	0.001
0.573	0.001	0.425	0.001
0.997	0.001	0.001	0.001
0.001	0.001	0.997	0.001
0.001	0.543	0.001	0.455
0.001	0.997	0.001	0.001
0.997	0.001	0.001	0.001
0.555	0.001	0.443	0.001
>GTACTCAATC	7-GTACTCAATC	11.433349	-18.022190	0	T:7.0(2.27%),B:33.4(0.08%),P:1e-7	Tpos:31.1,Tstd:13.7,Bpos:369.8,Bstd:341.4,StrandBias:0.4,Multiplicity:1.00
0.281	0.001	0.717	0.001
0.001	0.001	0.001	0.997
0.997	0.001	0.001	0.001
0.001	0.633	0.365	0.001
0.013	0.001	0.001	0.985
0.001	0.997	0.001	0.001
0.997	0.001	0.001	0.001
0.997	0.001	0.001	0.001
0.226	0.001	0.001	0.772
0.001	0.661	0.001	0.337
>TTGGTTAGTG	8-TTGGTTAGTG	9.232384	-15.904872	0	T:14.0(4.55%),B:308.9(0.73%),P:1e-6	Tpos:27.4,Tstd:13.1,Bpos:278.1,Bstd:728.7,StrandBias:0.2,Multiplicity:1.00
0.001	0.001	0.001	0.997
0.001	0.001	0.164	0.834
0.001	0.195	0.803	0.001
0.001	0.001	0.997	0.001
0.001	0.001	0.172	0.826
0.001	0.001	0.345	0.653
0.756	0.242	0.001	0.001
0.001	0.001	0.997	0.001
0.103	0.316	0.001	0.580
0.114	0.229	0.656	0.001
>CTACACCATG	9-CTACACCATG	11.581616	-15.141569	0	T:6.0(1.95%),B:31.0(0.07%),P:1e-6	Tpos:27.3,Tstd:16.8,Bpos:305.9,Bstd:436.5,StrandBias:2.3,Multiplicity:1.00
0.001	0.853	0.145	0.001
0.001	0.001	0.001	0.997
0.997	0.001	0.001	0.001
0.001	0.997	0.001	0.001
0.997	0.001	0.001	0.001
0.127	0.871	0.001	0.001
0.001	0.997	0.001	0.001
0.997	0.001	0.001	0.001
0.001	0.001	0.001	0.997
0.172	0.001	0.826	0.001
>AAGCTTTGAG	10-AAGCTTTGAG	10.296193	-14.975808	0	T:6.0(1.95%),B:33.0(0.08%),P:1e-6	Tpos:35.2,Tstd:8.3,Bpos:284.2,Bstd:323.2,StrandBias:1.0,Multiplicity:1.00
0.700	0.100	0.100	0.100
0.700	0.100	0.100	0.100
0.100	0.100	0.700	0.100
0.100	0.700	0.100	0.100
0.100	0.100	0.100	0.700
0.100	0.100	0.100	0.700
0.100	0.100	0.100	0.700
0.100	0.100	0.700	0.100
0.700	0.100	0.100	0.100
0.100	0.100	0.700	0.100
>TGGACTTTGG	11-TGGACTTTGG	11.605418	-14.842647	0	T:5.0(1.62%),B:16.5(0.04%),P:1e-6	Tpos:23.2,Tstd:9.3,Bpos:215.9,Bstd:216.3,StrandBias:2.0,Multiplicity:1.00
0.097	0.118	0.001	0.784
0.001	0.001	0.891	0.107
0.081	0.001	0.818	0.100
0.666	0.332	0.001	0.001
0.175	0.750	0.001	0.074
0.001	0.001	0.001	0.997
0.135	0.084	0.001	0.780
0.001	0.001	0.225	0.773
0.097	0.001	0.662	0.240
0.001	0.001	0.921	0.077
>TTGCGGTTTA	12-TTGCGGTTTA	10.296193	-14.842647	0	T:5.0(1.62%),B:16.8(0.04%),P:1e-6	Tpos:28.2,Tstd:5.8,Bpos:270.2,Bstd:257.8,StrandBias:10.0,Multiplicity:1.00
0.100	0.100	0.100	0.700
0.100	0.100	0.100	0.700
0.100	0.100	0.700	0.100
0.100	0.700	0.100	0.100
0.100	0.100	0.700	0.100
0.100	0.100	0.700	0.100
0.100	0.100	0.100	0.700
0.100	0.100	0.100	0.700
0.100	0.100	0.100	0.700
0.700	0.100	0.100	0.100
>GGCTCCTAAG	13-GGCTCCTAAG	9.045115	-12.727760	0	T:6.0(1.95%),B:49.3(0.12%),P:1e-5	Tpos:19.0,Tstd:13.2,Bpos:213.7,Bstd:192.7,StrandBias:10.0,Multiplicity:1.00
0.001	0.001	0.997	0.001
0.001	0.001	0.997	0.001
0.001	0.997	0.001	0.001
0.001	0.001	0.001	0.997
0.001	0.829	0.001	0.169
0.120	0.830	0.001	0.049
0.001	0.001	0.001	0.997
0.997	0.001	0.001	0.001
0.997	0.001	0.001	0.001
0.001	0.001	0.997	0.001
>GTCATATTCG	14-GTCATATTCG	11.590470	-10.392714	0	T:3.0(0.97%),B:7.0(0.02%),P:1e-4	Tpos:24.7,Tstd:12.7,Bpos:442.4,Bstd:304.3,StrandBias:1.0,Multiplicity:1.00
0.001	0.001	0.905	0.093
0.001	0.129	0.001	0.869
0.001	0.632	0.168	0.199
0.647	0.161	0.053	0.139
0.142	0.001	0.055	0.802
0.892	0.054	0.001	0.053
0.071	0.001	0.054	0.874
0.001	0.174	0.001	0.824
0.071	0.844	0.084	0.001
0.056	0.059	0.737	0.148
>AAACACTTGK	15-AAACACTTGK	11.011029	-9.938482	0	T:4.0(1.30%),B:24.4(0.06%),P:1e-4	Tpos:22.5,Tstd:10.1,Bpos:228.4,Bstd:270.0,StrandBias:0.0,Multiplicity:1.00
0.674	0.001	0.324	0.001
0.997	0.001	0.001	0.001
0.997	0.001	0.001	0.001
0.143	0.643	0.001	0.213
0.963	0.001	0.001	0.035
0.304	0.694	0.001	0.001
0.001	0.001	0.296	0.702
0.001	0.001	0.183	0.815
0.159	0.139	0.701	0.001
0.001	0.001	0.500	0.498
>GTGTCKCCTT	16-GTGTCKCCTT	10.559304	-9.289762	0	T:7.0(2.27%),B:137.1(0.32%),P:1e-4	Tpos:20.7,Tstd:11.8,Bpos:183.0,Bstd:204.3,StrandBias:2.6,Multiplicity:1.00
0.001	0.001	0.997	0.001
0.001	0.001	0.001	0.997
0.001	0.001	0.997	0.001
0.001	0.001	0.001	0.997
0.001	0.866	0.001	0.132
0.001	0.001	0.517	0.481
0.001	0.657	0.001	0.341
0.001	0.897	0.001	0.101
0.001	0.001	0.001	0.997
0.001	0.001	0.001	0.997
