>TCGAACACYT	1-TCGAACACYT	8.987428	-121.562838	0	T:51.0(16.56%),B:258.9(0.61%),P:1e-52	Tpos:23.3,Tstd:11.7,Bpos:190.3,Bstd:290.1,StrandBias:0.8,Multiplicity:1.00
0.001	0.001	0.001	0.997
0.001	0.997	0.001	0.001
0.022	0.001	0.976	0.001
0.961	0.001	0.001	0.037
0.961	0.001	0.037	0.001
0.001	0.961	0.037	0.001
0.997	0.001	0.001	0.001
0.096	0.834	0.027	0.043
0.047	0.485	0.001	0.466
0.023	0.001	0.001	0.975
>AGGCATTTCA	2-AGGCATTTCA	9.339651	-60.937692	0	T:32.0(10.39%),B:276.5(0.66%),P:1e-26	Tpos:24.1,Tstd:13.0,Bpos:244.9,Bstd:308.9,StrandBias:0.7,Multiplicity:1.00
0.997	0.001	0.001	0.001
0.001	0.286	0.712	0.001
0.136	0.001	0.862	0.001
0.159	0.839	0.001	0.001
0.997	0.001	0.001	0.001
0.001	0.001	0.001	0.997
0.279	0.001	0.001	0.719
0.001	0.001	0.001	0.997
0.001	0.618	0.001	0.380
0.509	0.182	0.308	0.001
>TCGAACAGDC	3-TCGAACAGDC	9.776307	-44.291142	0	T:18.0(5.84%),B:85.4(0.20%),P:1e-19	Tpos:25.4,Tstd:12.3,Bpos:262.1,Bstd:757.4,StrandBias:2.0,Multiplicity:1.00
0.202	0.001	0.001	0.796
0.001	0.885	0.113	0.001
0.224	0.001	0.774	0.001
0.997	0.001	0.001	0.001
0.997	0.001	0.001	0.001
0.110	0.888	0.001	0.001
0.843	0.001	0.001	0.155
0.113	0.171	0.715	0.001
0.316	0.001	0.269	0.414
0.001	0.722	0.008	0.269
>CTYTCAGGCA	4-CTYTCAGGCA	11.229884	-30.095973	0	T:8.0(2.60%),B:8.6(0.02%),P:1e-13	Tpos:15.5,Tstd:14.8,Bpos:117.8,Bstd:57.7,StrandBias:1.6,Multiplicity:1.00
0.152	0.846	0.001	0.001
0.001	0.001	0.172	0.826
0.153	0.398	0.153	0.296
0.001	0.001	0.098	0.900
0.141	0.454	0.153	0.251
0.997	0.001	0.001	0.001
0.001	0.001	0.997	0.001
0.001	0.140	0.858	0.001
0.109	0.889	0.001	0.001
0.834	0.001	0.164	0.001
>TGATGCACGC	5-TGATGCACGC	7.706082	-23.633698	0	T:23.0(7.47%),B:552.7(1.31%),P:1e-10	Tpos:24.4,Tstd:7.8,Bpos:206.2,Bstd:437.7,StrandBias:-0.2,Multiplicity:1.04
0.176	0.001	0.001	0.822
0.047	0.001	0.686	0.266
0.876	0.002	0.067	0.055
0.147	0.043	0.116	0.694
0.001	0.086	0.870	0.043
0.001	0.956	0.001	0.042
0.738	0.164	0.001	0.097
0.001	0.997	0.001	0.001
0.258	0.001	0.641	0.100
0.079	0.726	0.101	0.094
>ACARAGYCAR	6-ACARAGYCAR	11.683398	-21.256094	0	T:12.0(3.90%),B:129.0(0.31%),P:1e-9	Tpos:22.2,Tstd:11.7,Bpos:280.9,Bstd:359.0,StrandBias:1.6,Multiplicity:1.00
0.997	0.001	0.001	0.001
0.001	0.997	0.001	0.001
0.997	0.001	0.001	0.001
0.573	0.001	0.425	0.001
0.997	0.001	0.001	0.001
0.001	0.001	0.997	0.001
0.001	0.543	0.001	0.455
0.001	0.997	0.001	0.001
0.997	0.001	0.001	0.001
0.555	0.001	0.443	0.001
>GTACTCAATC	7-GTACTCAATC	11.433349	-18.022190	0	T:7.0(2.27%),B:33.4(0.08%),P:1e-7	Tpos:31.1,Tstd:13.7,Bpos:369.8,Bstd:341.4,StrandBias:0.4,Multiplicity:1.00
0.281	0.001	0.717	0.001
0.001	0.001	0.001	0.997
0.997	0.001	0.001	0.001
0.001	0.633	0.365	0.001
0.013	0.001	0.001	0.985
0.001	0.997	0.001	0.001
0.997	0.001	0.001	0.001
0.997	0.001	0.001	0.001
0.226	0.001	0.001	0.772
0.001	0.661	0.001	0.337
>TTGGTTAGTG	8-TTGGTTAGTG	9.232384	-15.904872	0	T:14.0(4.55%),B:308.9(0.73%),P:1e-6	Tpos:27.4,Tstd:13.1,Bpos:278.1,Bstd:728.7,StrandBias:0.2,Multiplicity:1.00
0.001	0.001	0.001	0.997
0.001	0.001	0.164	0.834
0.001	0.195	0.803	0.001
0.001	0.001	0.997	0.001
0.001	0.001	0.172	0.826
0.001	0.001	0.345	0.653
0.756	0.242	0.001	0.001
0.001	0.001	0.997	0.001
0.103	0.316	0.001	0.580
0.114	0.229	0.656	0.001
>CTACACCATG	9-CTACACCATG	11.581616	-15.141569	0	T:6.0(1.95%),B:31.0(0.07%),P:1e-6	Tpos:27.3,Tstd:16.8,Bpos:305.9,Bstd:436.5,StrandBias:2.3,Multiplicity:1.00
0.001	0.853	0.145	0.001
0.001	0.001	0.001	0.997
0.997	0.001	0.001	0.001
0.001	0.997	0.001	0.001
0.997	0.001	0.001	0.001
0.127	0.871	0.001	0.001
0.001	0.997	0.001	0.001
0.997	0.001	0.001	0.001
0.001	0.001	0.001	0.997
0.172	0.001	0.826	0.001
>AAGCTTTGAG	10-AAGCTTTGAG	10.296193	-14.975808	0	T:6.0(1.95%),B:33.0(0.08%),P:1e-6	Tpos:35.2,Tstd:8.3,Bpos:284.2,Bstd:323.2,StrandBias:1.0,Multiplicity:1.00
0.700	0.100	0.100	0.100
0.700	0.100	0.100	0.100
0.100	0.100	0.700	0.100
0.100	0.700	0.100	0.100
0.100	0.100	0.100	0.700
0.100	0.100	0.100	0.700
0.100	0.100	0.100	0.700
0.100	0.100	0.700	0.100
0.700	0.100	0.100	0.100
0.100	0.100	0.700	0.100
>TGGACTTTGG	11-TGGACTTTGG	11.605418	-14.842647	0	T:5.0(1.62%),B:16.5(0.04%),P:1e-6	Tpos:23.2,Tstd:9.3,Bpos:215.9,Bstd:216.3,StrandBias:2.0,Multiplicity:1.00
0.097	0.118	0.001	0.784
0.001	0.001	0.891	0.107
0.081	0.001	0.818	0.100
0.666	0.332	0.001	0.001
0.175	0.750	0.001	0.074
0.001	0.001	0.001	0.997
0.135	0.084	0.001	0.780
0.001	0.001	0.225	0.773
0.097	0.001	0.662	0.240
0.001	0.001	0.921	0.077
>TTGCGGTTTA	12-TTGCGGTTTA	10.296193	-14.842647	0	T:5.0(1.62%),B:16.8(0.04%),P:1e-6	Tpos:28.2,Tstd:5.8,Bpos:270.2,Bstd:257.8,StrandBias:10.0,Multiplicity:1.00
0.100	0.100	0.100	0.700
0.100	0.100	0.100	0.700
0.100	0.100	0.700	0.100
0.100	0.700	0.100	0.100
0.100	0.100	0.700	0.100
0.100	0.100	0.700	0.100
0.100	0.100	0.100	0.700
0.100	0.100	0.100	0.700
0.100	0.100	0.100	0.700
0.700	0.100	0.100	0.100
>GGCTCCTAAG	13-GGCTCCTAAG	9.045115	-12.727760	0	T:6.0(1.95%),B:49.3(0.12%),P:1e-5	Tpos:19.0,Tstd:13.2,Bpos:213.7,Bstd:192.7,StrandBias:10.0,Multiplicity:1.00
0.001	0.001	0.997	0.001
0.001	0.001	0.997	0.001
0.001	0.997	0.001	0.001
0.001	0.001	0.001	0.997
0.001	0.829	0.001	0.169
0.120	0.830	0.001	0.049
0.001	0.001	0.001	0.997
0.997	0.001	0.001	0.001
0.997	0.001	0.001	0.001
0.001	0.001	0.997	0.001
>GTCATATTCG	14-GTCATATTCG	11.590470	-10.392714	0	T:3.0(0.97%),B:7.0(0.02%),P:1e-4	Tpos:24.7,Tstd:12.7,Bpos:442.4,Bstd:304.3,StrandBias:1.0,Multiplicity:1.00
0.001	0.001	0.905	0.093
0.001	0.129	0.001	0.869
0.001	0.632	0.168	0.199
0.647	0.161	0.053	0.139
0.142	0.001	0.055	0.802
0.892	0.054	0.001	0.053
0.071	0.001	0.054	0.874
0.001	0.174	0.001	0.824
0.071	0.844	0.084	0.001
0.056	0.059	0.737	0.148
>AAACACTTGK	15-AAACACTTGK	11.011029	-9.938482	0	T:4.0(1.30%),B:24.4(0.06%),P:1e-4	Tpos:22.5,Tstd:10.1,Bpos:228.4,Bstd:270.0,StrandBias:0.0,Multiplicity:1.00
0.674	0.001	0.324	0.001
0.997	0.001	0.001	0.001
0.997	0.001	0.001	0.001
0.143	0.643	0.001	0.213
0.963	0.001	0.001	0.035
0.304	0.694	0.001	0.001
0.001	0.001	0.296	0.702
0.001	0.001	0.183	0.815
0.159	0.139	0.701	0.001
0.001	0.001	0.500	0.498
>GTGTCKCCTT	16-GTGTCKCCTT	10.559304	-9.289762	0	T:7.0(2.27%),B:137.1(0.32%),P:1e-4	Tpos:20.7,Tstd:11.8,Bpos:183.0,Bstd:204.3,StrandBias:2.6,Multiplicity:1.00
0.001	0.001	0.997	0.001
0.001	0.001	0.001	0.997
0.001	0.001	0.997	0.001
0.001	0.001	0.001	0.997
0.001	0.866	0.001	0.132
0.001	0.001	0.517	0.481
0.001	0.657	0.001	0.341
0.001	0.897	0.001	0.101
0.001	0.001	0.001	0.997
0.001	0.001	0.001	0.997
>TGTTCGATGAAA	1-TGTTCGATGAAA	9.498556	-170.497291	0	T:50.0(16.23%),B:73.9(0.18%),P:1e-74	Tpos:23.0,Tstd:13.1,Bpos:185.8,Bstd:226.2,StrandBias:-1.0,Multiplicity:1.00
0.001	0.001	0.001	0.997
0.001	0.001	0.997	0.001
0.001	0.037	0.001	0.961
0.001	0.001	0.001	0.997
0.001	0.965	0.001	0.033
0.001	0.001	0.997	0.001
0.961	0.001	0.037	0.001
0.001	0.383	0.076	0.540
0.069	0.033	0.897	0.001
0.961	0.001	0.037	0.001
0.961	0.001	0.001	0.037
0.961	0.001	0.001	0.037
>CRAACACTTGGH	2-CRAACACTTGGH	12.351972	-80.011658	0	T:20.0(6.49%),B:12.1(0.03%),P:1e-34	Tpos:18.2,Tstd:13.2,Bpos:120.4,Bstd:36.0,StrandBias:1.0,Multiplicity:1.00
0.001	0.997	0.001	0.001
0.471	0.001	0.527	0.001
0.997	0.001	0.001	0.001
0.997	0.001	0.001	0.001
0.001	0.997	0.001	0.001
0.997	0.001	0.001	0.001
0.001	0.825	0.173	0.001
0.001	0.322	0.001	0.676
0.001	0.168	0.001	0.830
0.001	0.001	0.850	0.148
0.001	0.001	0.997	0.001
0.337	0.339	0.001	0.323
>CTCTCTCAGGCA	3-CTCTCTCAGGCA	11.081023	-64.634890	0	T:15.0(4.87%),B:5.9(0.01%),P:1e-28	Tpos:22.3,Tstd:13.0,Bpos:111.8,Bstd:134.0,StrandBias:0.6,Multiplicity:1.00
0.001	0.924	0.001	0.074
0.001	0.084	0.001	0.914
0.001	0.997	0.001	0.001
0.001	0.001	0.001	0.997
0.085	0.829	0.085	0.001
0.254	0.001	0.001	0.744
0.001	0.924	0.001	0.074
0.997	0.001	0.001	0.001
0.001	0.001	0.997	0.001
0.001	0.001	0.997	0.001
0.001	0.997	0.001	0.001
0.997	0.001	0.001	0.001
>ACAAAGCCAAAG	4-ACAAAGCCAAAG	12.355432	-29.789448	0	T:7.0(2.27%),B:3.8(0.01%),P:1e-12	Tpos:21.9,Tstd:10.7,Bpos:683.6,Bstd:390.1,StrandBias:1.3,Multiplicity:1.00
0.700	0.100	0.100	0.100
0.100	0.700	0.100	0.100
0.700	0.100	0.100	0.100
0.700	0.100	0.100	0.100
0.700	0.100	0.100	0.100
0.100	0.100	0.700	0.100
0.100	0.700	0.100	0.100
0.100	0.700	0.100	0.100
0.700	0.100	0.100	0.100
0.700	0.100	0.100	0.100
0.700	0.100	0.100	0.100
0.100	0.100	0.700	0.100
>GGCTACACCATG	5-GGCTACACCATG	14.325043	-29.611598	0	T:6.0(1.95%),B:0.8(0.00%),P:1e-12	Tpos:26.7,Tstd:16.3,Bpos:515.4,Bstd:145.8,StrandBias:2.3,Multiplicity:1.00
0.001	0.001	0.997	0.001
0.001	0.001	0.826	0.172
0.001	0.826	0.172	0.001
0.001	0.001	0.001	0.997
0.997	0.001	0.001	0.001
0.001	0.997	0.001	0.001
0.997	0.001	0.001	0.001
0.132	0.866	0.001	0.001
0.001	0.997	0.001	0.001
0.997	0.001	0.001	0.001
0.001	0.001	0.001	0.997
0.172	0.001	0.826	0.001
>ACTCATATGGAC	6-ACTCATATGGAC	14.204681	-26.291614	0	T:6.0(1.95%),B:2.9(0.01%),P:1e-11	Tpos:20.2,Tstd:7.5,Bpos:465.9,Bstd:340.5,StrandBias:2.3,Multiplicity:1.00
0.997	0.001	0.001	0.001
0.001	0.997	0.001	0.001
0.001	0.001	0.001	0.997
0.001	0.794	0.001	0.204
0.997	0.001	0.001	0.001
0.001	0.204	0.001	0.794
0.794	0.001	0.204	0.001
0.001	0.001	0.001	0.997
0.001	0.180	0.818	0.001
0.001	0.001	0.997	0.001
0.997	0.001	0.001	0.001
0.001	0.997	0.001	0.001
>GCCTTGAGAAGG	7-GCCTTGAGAAGG	12.687495	-25.199110	0	T:6.0(1.95%),B:3.3(0.01%),P:1e-10	Tpos:33.8,Tstd:8.4,Bpos:721.3,Bstd:373.8,StrandBias:1.0,Multiplicity:1.00
0.001	0.001	0.997	0.001
0.001	0.997	0.001	0.001
0.001	0.857	0.001	0.141
0.001	0.001	0.001	0.997
0.001	0.001	0.001	0.997
0.001	0.001	0.997	0.001
0.997	0.001	0.001	0.001
0.001	0.001	0.997	0.001
0.997	0.001	0.001	0.001
0.997	0.001	0.001	0.001
0.001	0.001	0.997	0.001
0.001	0.141	0.857	0.001
>GCTTTTAAGATC	8-GCTTTTAAGATC	14.537564	-23.506578	0	T:6.0(1.95%),B:5.3(0.01%),P:1e-10	Tpos:12.8,Tstd:6.1,Bpos:293.1,Bstd:206.5,StrandBias:2.3,Multiplicity:1.00
0.001	0.001	0.997	0.001
0.001	0.997	0.001	0.001
0.001	0.264	0.001	0.734
0.001	0.001	0.001	0.997
0.234	0.001	0.001	0.764
0.001	0.001	0.001	0.997
0.997	0.001	0.001	0.001
0.997	0.001	0.001	0.001
0.001	0.001	0.997	0.001
0.997	0.001	0.001	0.001
0.001	0.001	0.001	0.997
0.001	0.734	0.264	0.001
>ATGTTTGAGAAT	9-ATGTTTGAGAAT	9.973163	-22.248054	0	T:7.0(2.27%),B:16.6(0.04%),P:1e-9	Tpos:25.4,Tstd:15.0,Bpos:455.2,Bstd:369.3,StrandBias:-2.6,Multiplicity:1.00
0.930	0.001	0.068	0.001
0.001	0.001	0.001	0.997
0.001	0.001	0.997	0.001
0.123	0.001	0.001	0.875
0.001	0.001	0.001	0.997
0.001	0.001	0.001	0.997
0.001	0.001	0.997	0.001
0.997	0.001	0.001	0.001
0.001	0.001	0.997	0.001
0.841	0.001	0.001	0.157
0.997	0.001	0.001	0.001
0.001	0.001	0.001	0.997
>GTGCATCATTCA	10-GTGCATCATTCA	11.352572	-21.135661	0	T:8.0(2.60%),B:34.7(0.08%),P:1e-9	Tpos:26.9,Tstd:7.2,Bpos:164.9,Bstd:217.8,StrandBias:0.7,Multiplicity:1.00
0.001	0.209	0.789	0.001
0.186	0.001	0.186	0.627
0.001	0.001	0.997	0.001
0.001	0.990	0.008	0.001
0.997	0.001	0.001	0.001
0.001	0.001	0.001	0.997
0.008	0.990	0.001	0.001
0.997	0.001	0.001	0.001
0.186	0.245	0.001	0.568
0.001	0.218	0.001	0.780
0.172	0.617	0.001	0.210
0.997	0.001	0.001	0.001
>GTTGCGGGTTGA	11-GTTGCGGGTTGA	9.393663	-20.684475	0	T:6.0(1.95%),B:10.7(0.03%),P:1e-8	Tpos:26.5,Tstd:6.5,Bpos:326.2,Bstd:288.6,StrandBias:10.0,Multiplicity:1.00
0.001	0.001	0.997	0.001
0.001	0.001	0.001	0.997
0.001	0.001	0.001	0.997
0.001	0.001	0.997	0.001
0.001	0.997	0.001	0.001
0.001	0.001	0.997	0.001
0.001	0.001	0.997	0.001
0.001	0.001	0.857	0.141
0.001	0.001	0.001	0.997
0.001	0.001	0.001	0.997
0.141	0.001	0.857	0.001
0.961	0.001	0.037	0.001
>GGTTGGTTAGTG	12-GGTTGGTTAGTG	15.119676	-20.660714	0	T:5.0(1.62%),B:3.4(0.01%),P:1e-8	Tpos:23.4,Tstd:10.2,Bpos:328.0,Bstd:180.5,StrandBias:-0.6,Multiplicity:1.00
0.001	0.001	0.997	0.001
0.227	0.001	0.515	0.257
0.001	0.001	0.001	0.997
0.001	0.001	0.001	0.997
0.001	0.001	0.997	0.001
0.001	0.001	0.997	0.001
0.001	0.001	0.001	0.997
0.001	0.001	0.001	0.997
0.997	0.001	0.001	0.001
0.001	0.001	0.997	0.001
0.001	0.001	0.001	0.997
0.001	0.001	0.997	0.001
>AGAAGTGTTTCC	13-AGAAGTGTTTCC	8.166259	-20.552240	0	T:8.0(2.60%),B:37.0(0.09%),P:1e-8	Tpos:18.2,Tstd:11.4,Bpos:247.2,Bstd:354.2,StrandBias:0.0,Multiplicity:1.00
0.997	0.001	0.001	0.001
0.001	0.001	0.997	0.001
0.599	0.399	0.001	0.001
0.997	0.001	0.001	0.001
0.001	0.200	0.599	0.200
0.001	0.001	0.001	0.997
0.001	0.001	0.997	0.001
0.001	0.399	0.001	0.599
0.200	0.200	0.001	0.599
0.001	0.001	0.001	0.997
0.001	0.997	0.001	0.001
0.001	0.997	0.001	0.001
>AGGTTCATGACC	14-AGGTTCATGACC	14.640156	-19.728052	0	T:4.0(1.30%),B:0.7(0.00%),P:1e-8	Tpos:27.8,Tstd:9.9,Bpos:1807.4,Bstd:592.2,StrandBias:0.0,Multiplicity:1.00
0.997	0.001	0.001	0.001
0.001	0.001	0.997	0.001
0.001	0.001	0.997	0.001
0.001	0.001	0.001	0.997
0.249	0.001	0.001	0.749
0.001	0.997	0.001	0.001
0.997	0.001	0.001	0.001
0.001	0.001	0.001	0.997
0.001	0.249	0.749	0.001
0.997	0.001	0.001	0.001
0.001	0.997	0.001	0.001
0.001	0.749	0.249	0.001
>CTTTATCGGTTC	15-CTTTATCGGTTC	14.640156	-16.189918	0	T:4.0(1.30%),B:3.7(0.01%),P:1e-7	Tpos:19.8,Tstd:6.8,Bpos:229.6,Bstd:168.6,StrandBias:0.0,Multiplicity:1.00
0.001	0.997	0.001	0.001
0.001	0.001	0.001	0.997
0.001	0.001	0.001	0.997
0.001	0.001	0.001	0.997
0.749	0.001	0.001	0.249
0.001	0.001	0.249	0.749
0.001	0.997	0.001	0.001
0.001	0.001	0.997	0.001
0.249	0.001	0.749	0.001
0.001	0.001	0.001	0.997
0.001	0.001	0.001	0.997
0.001	0.997	0.001	0.001
>TGTTCGAC	1-TGTTCGAC	10.112210	-89.301560	0	T:49.0(15.91%),B:465.4(1.10%),P:1e-38	Tpos:24.6,Tstd:13.2,Bpos:213.8,Bstd:469.9,StrandBias:-0.7,Multiplicity:1.00
0.001	0.001	0.001	0.997
0.001	0.001	0.997	0.001
0.001	0.001	0.001	0.997
0.001	0.001	0.001	0.997
0.001	0.997	0.001	0.001
0.001	0.001	0.997	0.001
0.997	0.001	0.001	0.001
0.001	0.614	0.001	0.384
>CGAACACC	2-CGAACACC	7.354502	-45.599303	0	T:38.0(12.34%),B:730.7(1.73%),P:1e-19	Tpos:21.3,Tstd:14.3,Bpos:184.5,Bstd:511.8,StrandBias:0.6,Multiplicity:1.00
0.001	0.965	0.001	0.033
0.020	0.001	0.978	0.001
0.848	0.081	0.001	0.070
0.878	0.033	0.053	0.036
0.001	0.903	0.095	0.001
0.888	0.001	0.065	0.046
0.039	0.848	0.065	0.048
0.039	0.827	0.001	0.133
>AGGCATAT	3-AGGCATAT	4.635648	-33.469010	0	T:34.0(11.04%),B:846.9(2.01%),P:1e-14	Tpos:25.3,Tstd:14.4,Bpos:215.9,Bstd:307.6,StrandBias:0.5,Multiplicity:1.00
0.997	0.001	0.001	0.001
0.001	0.006	0.992	0.001
0.001	0.001	0.997	0.001
0.001	0.997	0.001	0.001
0.997	0.001	0.001	0.001
0.001	0.001	0.001	0.997
0.586	0.001	0.001	0.412
0.001	0.352	0.001	0.646
>GGCATTTC	4-GGCATTTC	8.612338	-28.145055	0	T:26.0(8.44%),B:580.4(1.38%),P:1e-12	Tpos:34.0,Tstd:9.5,Bpos:240.1,Bstd:719.2,StrandBias:0.6,Multiplicity:1.00
0.001	0.187	0.777	0.035
0.275	0.001	0.681	0.043
0.096	0.902	0.001	0.001
0.997	0.001	0.001	0.001
0.063	0.077	0.001	0.859
0.083	0.001	0.001	0.915
0.001	0.001	0.001	0.997
0.001	0.935	0.001	0.063
>ACACTTGG	5-ACACTTGG	8.605765	-17.909214	0	T:16.0(5.19%),B:354.3(0.84%),P:1e-7	Tpos:28.4,Tstd:14.4,Bpos:193.4,Bstd:274.5,StrandBias:-0.7,Multiplicity:1.00
0.997	0.001	0.001	0.001
0.001	0.997	0.001	0.001
0.997	0.001	0.001	0.001
0.001	0.997	0.001	0.001
0.001	0.001	0.117	0.881
0.106	0.090	0.118	0.686
0.001	0.001	0.946	0.052
0.043	0.001	0.955	0.001
>TACGCCTA	6-TACGCCTA	8.172219	-9.465123	0	T:13.0(4.22%),B:482.2(1.14%),P:1e-4	Tpos:16.7,Tstd:11.2,Bpos:251.8,Bstd:400.9,StrandBias:0.0,Multiplicity:1.00
0.001	0.001	0.001	0.997
0.916	0.001	0.001	0.082
0.163	0.835	0.001	0.001
0.001	0.120	0.767	0.112
0.001	0.997	0.001	0.001
0.001	0.997	0.001	0.001
0.001	0.001	0.218	0.780
0.816	0.001	0.001	0.182
>ATGCACGC	7-ATGCACGC	6.308238	-7.630605	0	T:22.0(7.14%),B:1350.7(3.20%),P:1e-3	Tpos:25.2,Tstd:7.3,Bpos:191.7,Bstd:400.8,StrandBias:0.1,Multiplicity:1.00
0.631	0.119	0.137	0.113
0.065	0.084	0.180	0.671
0.117	0.064	0.802	0.017
0.120	0.782	0.039	0.059
0.701	0.144	0.095	0.060
0.052	0.887	0.050	0.011
0.084	0.068	0.763	0.085
0.084	0.777	0.116	0.023
>TTGGTTAG	8-TTGGTTAG	8.340127	-7.501016	0	T:12.0(3.90%),B:518.2(1.23%),P:1e-3	Tpos:30.1,Tstd:9.6,Bpos:295.5,Bstd:467.7,StrandBias:0.5,Multiplicity:1.00
0.001	0.001	0.001	0.997
0.001	0.001	0.087	0.911
0.001	0.001	0.997	0.001
0.001	0.001	0.997	0.001
0.001	0.001	0.250	0.748
0.001	0.001	0.001	0.997
0.997	0.001	0.001	0.001
0.001	0.001	0.997	0.001
>TTGGCTAC	9-TTGGCTAC	10.904448	-6.114453	0	T:6.0(1.95%),B:176.9(0.42%),P:1e-2	Tpos:29.0,Tstd:10.7,Bpos:224.6,Bstd:262.3,StrandBias:1.0,Multiplicity:1.00
0.001	0.001	0.001	0.997
0.001	0.001	0.001	0.997
0.001	0.001	0.997	0.001
0.001	0.001	0.997	0.001
0.001	0.848	0.150	0.001
0.001	0.001	0.001	0.997
0.997	0.001	0.001	0.001
0.001	0.997	0.001	0.001
>TTCTTAWA	10-TTCTTAWA	8.591213	-4.690173	0	T:9.0(2.92%),B:474.1(1.12%),P:1e-2	Tpos:32.3,Tstd:13.6,Bpos:362.3,Bstd:359.8,StrandBias:0.6,Multiplicity:1.11
0.111	0.063	0.136	0.690
0.032	0.042	0.164	0.762
0.001	0.921	0.077	0.001
0.083	0.020	0.144	0.753
0.132	0.311	0.027	0.530
0.997	0.001	0.001	0.001
0.323	0.132	0.078	0.466
0.915	0.020	0.041	0.024
>ACMCAAAG	11-ACMCAAAG	8.981421	-3.513499	0	T:9.0(2.92%),B:583.7(1.38%),P:1e-1	Tpos:20.0,Tstd:11.0,Bpos:221.6,Bstd:290.1,StrandBias:0.3,Multiplicity:1.00
0.953	0.045	0.001	0.001
0.001	0.626	0.335	0.038
0.447	0.493	0.001	0.059
0.001	0.873	0.040	0.086
0.826	0.001	0.105	0.068
0.861	0.001	0.071	0.067
0.962	0.001	0.001	0.036
0.001	0.001	0.762	0.236
>TTTGAGAA	12-TTTGAGAA	10.639491	-3.418238	0	T:10.0(3.25%),B:690.7(1.64%),P:1e-1	Tpos:27.2,Tstd:12.2,Bpos:263.6,Bstd:399.5,StrandBias:-0.6,Multiplicity:1.00
0.001	0.001	0.001	0.997
0.042	0.001	0.001	0.956
0.001	0.001	0.001	0.997
0.001	0.001	0.997	0.001
0.870	0.001	0.128	0.001
0.001	0.001	0.874	0.124
0.887	0.001	0.001	0.111
0.997	0.001	0.001	0.001
>NCYCATAC	13-NCYCATAC	5.810861	-3.219743	0	T:24.0(7.79%),B:2233.9(5.29%),P:1e-1	Tpos:25.0,Tstd:12.8,Bpos:266.4,Bstd:364.9,StrandBias:0.7,Multiplicity:1.00
0.331	0.285	0.195	0.189
0.184	0.598	0.028	0.190
0.142	0.356	0.001	0.501
0.186	0.623	0.001	0.190
0.764	0.234	0.001	0.001
0.111	0.029	0.001	0.859
0.610	0.134	0.096	0.160
0.001	0.690	0.025	0.284
>GCAGTTTA	14-GCAGTTTA	6.959161	-2.204659	0	T:15.0(4.87%),B:1440.2(3.41%),P:1e0	Tpos:28.4,Tstd:10.9,Bpos:244.2,Bstd:330.4,StrandBias:1.5,Multiplicity:1.00
0.001	0.145	0.853	0.001
0.001	0.946	0.052	0.001
0.932	0.001	0.066	0.001
0.001	0.234	0.764	0.001
0.001	0.001	0.001	0.997
0.211	0.001	0.001	0.787
0.179	0.141	0.101	0.579
0.869	0.001	0.129	0.001
