>TGTTCGAC	1-TGTTCGAC	10.112210	-89.301560	0	T:49.0(15.91%),B:465.4(1.10%),P:1e-38	Tpos:24.6,Tstd:13.2,Bpos:213.8,Bstd:469.9,StrandBias:-0.7,Multiplicity:1.00
0.001	0.001	0.001	0.997
0.001	0.001	0.997	0.001
0.001	0.001	0.001	0.997
0.001	0.001	0.001	0.997
0.001	0.997	0.001	0.001
0.001	0.001	0.997	0.001
0.997	0.001	0.001	0.001
0.001	0.614	0.001	0.384
>CGAACACC	2-CGAACACC	7.354502	-45.599303	0	T:38.0(12.34%),B:730.7(1.73%),P:1e-19	Tpos:21.3,Tstd:14.3,Bpos:184.5,Bstd:511.8,StrandBias:0.6,Multiplicity:1.00
0.001	0.965	0.001	0.033
0.020	0.001	0.978	0.001
0.848	0.081	0.001	0.070
0.878	0.033	0.053	0.036
0.001	0.903	0.095	0.001
0.888	0.001	0.065	0.046
0.039	0.848	0.065	0.048
0.039	0.827	0.001	0.133
>AGGCATAT	3-AGGCATAT	4.635648	-33.469010	0	T:34.0(11.04%),B:846.9(2.01%),P:1e-14	Tpos:25.3,Tstd:14.4,Bpos:215.9,Bstd:307.6,StrandBias:0.5,Multiplicity:1.00
0.997	0.001	0.001	0.001
0.001	0.006	0.992	0.001
0.001	0.001	0.997	0.001
0.001	0.997	0.001	0.001
0.997	0.001	0.001	0.001
0.001	0.001	0.001	0.997
0.586	0.001	0.001	0.412
0.001	0.352	0.001	0.646
>GGCATTTC	4-GGCATTTC	8.612338	-28.145055	0	T:26.0(8.44%),B:580.4(1.38%),P:1e-12	Tpos:34.0,Tstd:9.5,Bpos:240.1,Bstd:719.2,StrandBias:0.6,Multiplicity:1.00
0.001	0.187	0.777	0.035
0.275	0.001	0.681	0.043
0.096	0.902	0.001	0.001
0.997	0.001	0.001	0.001
0.063	0.077	0.001	0.859
0.083	0.001	0.001	0.915
0.001	0.001	0.001	0.997
0.001	0.935	0.001	0.063
>ACACTTGG	5-ACACTTGG	8.605765	-17.909214	0	T:16.0(5.19%),B:354.3(0.84%),P:1e-7	Tpos:28.4,Tstd:14.4,Bpos:193.4,Bstd:274.5,StrandBias:-0.7,Multiplicity:1.00
0.997	0.001	0.001	0.001
0.001	0.997	0.001	0.001
0.997	0.001	0.001	0.001
0.001	0.997	0.001	0.001
0.001	0.001	0.117	0.881
0.106	0.090	0.118	0.686
0.001	0.001	0.946	0.052
0.043	0.001	0.955	0.001
>TACGCCTA	6-TACGCCTA	8.172219	-9.465123	0	T:13.0(4.22%),B:482.2(1.14%),P:1e-4	Tpos:16.7,Tstd:11.2,Bpos:251.8,Bstd:400.9,StrandBias:0.0,Multiplicity:1.00
0.001	0.001	0.001	0.997
0.916	0.001	0.001	0.082
0.163	0.835	0.001	0.001
0.001	0.120	0.767	0.112
0.001	0.997	0.001	0.001
0.001	0.997	0.001	0.001
0.001	0.001	0.218	0.780
0.816	0.001	0.001	0.182
>ATGCACGC	7-ATGCACGC	6.308238	-7.630605	0	T:22.0(7.14%),B:1350.7(3.20%),P:1e-3	Tpos:25.2,Tstd:7.3,Bpos:191.7,Bstd:400.8,StrandBias:0.1,Multiplicity:1.00
0.631	0.119	0.137	0.113
0.065	0.084	0.180	0.671
0.117	0.064	0.802	0.017
0.120	0.782	0.039	0.059
0.701	0.144	0.095	0.060
0.052	0.887	0.050	0.011
0.084	0.068	0.763	0.085
0.084	0.777	0.116	0.023
>TTGGTTAG	8-TTGGTTAG	8.340127	-7.501016	0	T:12.0(3.90%),B:518.2(1.23%),P:1e-3	Tpos:30.1,Tstd:9.6,Bpos:295.5,Bstd:467.7,StrandBias:0.5,Multiplicity:1.00
0.001	0.001	0.001	0.997
0.001	0.001	0.087	0.911
0.001	0.001	0.997	0.001
0.001	0.001	0.997	0.001
0.001	0.001	0.250	0.748
0.001	0.001	0.001	0.997
0.997	0.001	0.001	0.001
0.001	0.001	0.997	0.001
>TTGGCTAC	9-TTGGCTAC	10.904448	-6.114453	0	T:6.0(1.95%),B:176.9(0.42%),P:1e-2	Tpos:29.0,Tstd:10.7,Bpos:224.6,Bstd:262.3,StrandBias:1.0,Multiplicity:1.00
0.001	0.001	0.001	0.997
0.001	0.001	0.001	0.997
0.001	0.001	0.997	0.001
0.001	0.001	0.997	0.001
0.001	0.848	0.150	0.001
0.001	0.001	0.001	0.997
0.997	0.001	0.001	0.001
0.001	0.997	0.001	0.001
>TTCTTAWA	10-TTCTTAWA	8.591213	-4.690173	0	T:9.0(2.92%),B:474.1(1.12%),P:1e-2	Tpos:32.3,Tstd:13.6,Bpos:362.3,Bstd:359.8,StrandBias:0.6,Multiplicity:1.11
0.111	0.063	0.136	0.690
0.032	0.042	0.164	0.762
0.001	0.921	0.077	0.001
0.083	0.020	0.144	0.753
0.132	0.311	0.027	0.530
0.997	0.001	0.001	0.001
0.323	0.132	0.078	0.466
0.915	0.020	0.041	0.024
>ACMCAAAG	11-ACMCAAAG	8.981421	-3.513499	0	T:9.0(2.92%),B:583.7(1.38%),P:1e-1	Tpos:20.0,Tstd:11.0,Bpos:221.6,Bstd:290.1,StrandBias:0.3,Multiplicity:1.00
0.953	0.045	0.001	0.001
0.001	0.626	0.335	0.038
0.447	0.493	0.001	0.059
0.001	0.873	0.040	0.086
0.826	0.001	0.105	0.068
0.861	0.001	0.071	0.067
0.962	0.001	0.001	0.036
0.001	0.001	0.762	0.236
>TTTGAGAA	12-TTTGAGAA	10.639491	-3.418238	0	T:10.0(3.25%),B:690.7(1.64%),P:1e-1	Tpos:27.2,Tstd:12.2,Bpos:263.6,Bstd:399.5,StrandBias:-0.6,Multiplicity:1.00
0.001	0.001	0.001	0.997
0.042	0.001	0.001	0.956
0.001	0.001	0.001	0.997
0.001	0.001	0.997	0.001
0.870	0.001	0.128	0.001
0.001	0.001	0.874	0.124
0.887	0.001	0.001	0.111
0.997	0.001	0.001	0.001
>NCYCATAC	13-NCYCATAC	5.810861	-3.219743	0	T:24.0(7.79%),B:2233.9(5.29%),P:1e-1	Tpos:25.0,Tstd:12.8,Bpos:266.4,Bstd:364.9,StrandBias:0.7,Multiplicity:1.00
0.331	0.285	0.195	0.189
0.184	0.598	0.028	0.190
0.142	0.356	0.001	0.501
0.186	0.623	0.001	0.190
0.764	0.234	0.001	0.001
0.111	0.029	0.001	0.859
0.610	0.134	0.096	0.160
0.001	0.690	0.025	0.284
>GCAGTTTA	14-GCAGTTTA	6.959161	-2.204659	0	T:15.0(4.87%),B:1440.2(3.41%),P:1e0	Tpos:28.4,Tstd:10.9,Bpos:244.2,Bstd:330.4,StrandBias:1.5,Multiplicity:1.00
0.001	0.145	0.853	0.001
0.001	0.946	0.052	0.001
0.932	0.001	0.066	0.001
0.001	0.234	0.764	0.001
0.001	0.001	0.001	0.997
0.211	0.001	0.001	0.787
0.179	0.141	0.101	0.579
0.869	0.001	0.129	0.001
