# universalmotif version 1.16.0

---
name: motif_refined_bio_raw
alphabet: DNA
type: PPM
icscore: 10.7699999999999995736744
nsites: 10244
pseudocount: 0.3333333333333333148296
bkg:
  A: 0.2856602519965287800829
  AA: 0.0921065956232380300683
  AC: 0.0505694230625429938519
  AG: 0.0717884491420850007204
  AT: 0.0712014850579675145914
  C: 0.2138880414880616198658
  CA: 0.073603320599594207474
  CC: 0.0568245042557005211603
  CG: 0.0115561369746991059876
  CT: 0.0718952565151840111701
  G: 0.2141303788709418287617
  GA: 0.0600080170254320421908
  GC: 0.0464661632476187774765
  GG: 0.0569482048930810558218
  GT: 0.0507033532443075182772
  T: 0.2863213276444677712895
  TA: 0.0599547584993621110461
  TC: 0.0600278886412003304107
  TG: 0.0738151831734152746867
  TT: 0.0925312600445715033315
consensus: AGATNAGANAGA
strand: +-
motif:
- 8.673e-01 4.490e-03 4.969e-02 7.848e-02
- 1.624e-01 2.763e-02 7.277e-01 8.219e-02
- 8.748e-01 1.865e-02 7.331e-02 3.329e-02
- 2.286e-01 2.772e-02 1.554e-01 5.882e-01
- 3.910e-01 9.225e-02 1.912e-01 3.256e-01
- 8.933e-01 2.538e-03 4.842e-02 5.574e-02
- 1.719e-01 6.384e-02 6.816e-01 8.268e-02
- 8.786e-01 3.944e-02 5.525e-02 2.675e-02
- 2.070e-01 3.818e-01 2.338e-01 1.774e-01
- 9.420e-01 1.855e-03 1.660e-02 3.954e-02
- 1.405e-01 6.687e-02 7.088e-01 8.385e-02
- 8.463e-01 4.959e-02 5.672e-02 4.744e-02

