>GTCGAACA	1-GTCGAACA	8.191172	-478.593487	0	T:214.0(32.23%),B:568.9(1.36%),P:1e-207	Tpos:100.2,Tstd:41.8,Bpos:223.1,Bstd:387.7,StrandBias:0.5,Multiplicity:1.03
0.368	0.001	0.630	0.001
0.001	0.001	0.001	0.997
0.001	0.997	0.001	0.001
0.001	0.001	0.997	0.001
0.997	0.001	0.001	0.001
0.997	0.001	0.001	0.001
0.001	0.909	0.001	0.089
0.997	0.001	0.001	0.001
>AAATGCCT	2-AAATGCCT	8.604218	-177.141170	0	T:92.0(13.86%),B:322.2(0.77%),P:1e-76	Tpos:99.9,Tstd:41.7,Bpos:195.5,Bstd:268.3,StrandBias:-0.2,Multiplicity:1.01
0.913	0.001	0.085	0.001
0.997	0.001	0.001	0.001
0.997	0.001	0.001	0.001
0.001	0.001	0.001	0.997
0.001	0.001	0.997	0.001
0.001	0.997	0.001	0.001
0.001	0.997	0.001	0.001
0.001	0.001	0.001	0.997
>GGTTAGTG	3-GGTTAGTG	4.345134	-81.988307	0	T:534.0(80.42%),B:23902.0(57.20%),P:1e-35	Tpos:100.1,Tstd:56.0,Bpos:221.7,Bstd:353.9,StrandBias:-0.1,Multiplicity:2.06
0.100	0.100	0.700	0.100
0.100	0.100	0.700	0.100
0.100	0.100	0.100	0.700
0.100	0.100	0.100	0.700
0.700	0.100	0.100	0.100
0.100	0.100	0.700	0.100
0.100	0.100	0.100	0.700
0.100	0.100	0.700	0.100
>WTTTCTYW	4-WTTTCTYW	2.909329	-76.712224	0	T:661.0(99.55%),B:36528.5(87.41%),P:1e-33	Tpos:99.9,Tstd:58.0,Bpos:192.3,Bstd:324.1,StrandBias:-0.2,Multiplicity:1.61
0.314	0.161	0.134	0.391
0.044	0.144	0.037	0.775
0.174	0.311	0.050	0.465
0.231	0.175	0.001	0.593
0.086	0.575	0.179	0.160
0.112	0.242	0.048	0.598
0.149	0.370	0.174	0.307
0.326	0.147	0.073	0.453
>ACACAAAC	5-ACACAAAC	3.847007	-71.289293	0	T:578.0(87.05%),B:28093.6(67.23%),P:1e-30	Tpos:97.8,Tstd:55.9,Bpos:298.1,Bstd:375.1,StrandBias:0.2,Multiplicity:1.98
0.931	0.019	0.009	0.041
0.141	0.722	0.029	0.108
0.545	0.073	0.020	0.362
0.152	0.627	0.030	0.191
0.847	0.148	0.004	0.001
0.889	0.056	0.022	0.033
0.776	0.010	0.009	0.205
0.138	0.669	0.120	0.073
>AAACACTA	6-AAACACTA	-2.821389	-70.960138	0	T:597.0(89.91%),B:29740.4(71.17%),P:1e-30	Tpos:98.9,Tstd:58.7,Bpos:295.2,Bstd:374.1,StrandBias:0.2,Multiplicity:2.05
0.997	0.001	0.001	0.001
0.997	0.001	0.001	0.001
0.922	0.076	0.001	0.001
0.001	0.997	0.001	0.001
0.997	0.001	0.001	0.001
0.001	0.997	0.001	0.001
0.001	0.001	0.001	0.997
0.997	0.001	0.001	0.001
>CACATGAC	7-CACATGAC	4.345134	-67.859818	0	T:521.0(78.46%),B:23937.0(57.28%),P:1e-29	Tpos:97.5,Tstd:55.1,Bpos:228.6,Bstd:354.2,StrandBias:-0.1,Multiplicity:1.76
0.100	0.700	0.100	0.100
0.700	0.100	0.100	0.100
0.100	0.700	0.100	0.100
0.700	0.100	0.100	0.100
0.100	0.100	0.100	0.700
0.100	0.100	0.700	0.100
0.700	0.100	0.100	0.100
0.100	0.700	0.100	0.100
>TGWVHAWW	8-TGWVHAWW	2.965496	-61.826183	0	T:640.0(96.39%),B:34573.2(82.73%),P:1e-26	Tpos:96.5,Tstd:58.0,Bpos:214.6,Bstd:352.8,StrandBias:0.3,Multiplicity:1.50
0.088	0.207	0.058	0.647
0.025	0.260	0.461	0.255
0.297	0.170	0.133	0.399
0.300	0.254	0.310	0.136
0.303	0.311	0.023	0.363
0.683	0.133	0.155	0.029
0.424	0.001	0.001	0.574
0.454	0.093	0.119	0.335
>WWVAWWTT	9-WWVAWWTT	3.394090	-60.744233	0	T:626.0(94.28%),B:33168.9(79.37%),P:1e-26	Tpos:104.7,Tstd:57.7,Bpos:227.3,Bstd:358.9,StrandBias:0.2,Multiplicity:1.58
0.420	0.124	0.123	0.333
0.289	0.150	0.165	0.396
0.333	0.406	0.260	0.001
0.515	0.235	0.146	0.104
0.488	0.001	0.079	0.432
0.511	0.001	0.001	0.487
0.267	0.001	0.001	0.731
0.001	0.192	0.267	0.540
>TTTTTTWW	10-TTTTTTWW	3.416031	-56.641078	0	T:610.0(91.87%),B:31936.8(76.42%),P:1e-24	Tpos:99.7,Tstd:59.7,Bpos:337.8,Bstd:390.6,StrandBias:-0.0,Multiplicity:1.73
0.264	0.012	0.260	0.464
0.167	0.001	0.308	0.524
0.199	0.001	0.237	0.563
0.090	0.001	0.176	0.733
0.039	0.001	0.001	0.959
0.222	0.001	0.153	0.624
0.343	0.001	0.167	0.489
0.293	0.066	0.242	0.398
>CTTGTTAG	11-CTTGTTAG	8.236954	-50.041845	0	T:34.0(5.12%),B:205.4(0.49%),P:1e-21	Tpos:85.9,Tstd:56.4,Bpos:241.6,Bstd:311.7,StrandBias:-0.1,Multiplicity:1.06
0.100	0.700	0.100	0.100
0.100	0.100	0.100	0.700
0.100	0.100	0.100	0.700
0.100	0.100	0.700	0.100
0.100	0.100	0.100	0.700
0.100	0.100	0.100	0.700
0.700	0.100	0.100	0.100
0.100	0.100	0.700	0.100
>AACCAAAW	12-AACCAAAW	2.342721	-48.222222	0	T:663.0(99.85%),B:38602.8(92.38%),P:1e-20	Tpos:103.1,Tstd:58.3,Bpos:185.2,Bstd:333.6,StrandBias:0.0,Multiplicity:1.66
0.579	0.118	0.113	0.190
0.502	0.177	0.117	0.204
0.054	0.576	0.164	0.206
0.150	0.596	0.160	0.094
0.501	0.234	0.148	0.117
0.544	0.197	0.143	0.116
0.658	0.032	0.204	0.106
0.361	0.202	0.168	0.269
>WTYTYTHH	13-WTYTYTHH	2.315166	-47.804349	0	T:663.0(99.85%),B:38627.7(92.44%),P:1e-20	Tpos:105.8,Tstd:58.0,Bpos:185.9,Bstd:308.0,StrandBias:-0.1,Multiplicity:1.53
0.287	0.187	0.167	0.359
0.211	0.181	0.112	0.496
0.001	0.375	0.174	0.450
0.133	0.303	0.001	0.563
0.168	0.343	0.001	0.488
0.001	0.239	0.098	0.662
0.206	0.277	0.175	0.342
0.231	0.242	0.168	0.360
>WWATWAAA	14-WWATWAAA	3.002304	-47.721218	0	T:610.0(91.87%),B:32616.8(78.05%),P:1e-20	Tpos:98.7,Tstd:59.3,Bpos:330.8,Bstd:376.6,StrandBias:0.1,Multiplicity:1.75
0.365	0.047	0.088	0.500
0.427	0.023	0.118	0.432
0.527	0.110	0.146	0.217
0.241	0.120	0.087	0.552
0.343	0.215	0.030	0.412
0.749	0.086	0.037	0.128
0.574	0.075	0.027	0.324
0.631	0.042	0.016	0.311
>TCTCTCTC	15-TCTCTCTC	0.072237	-40.916483	0	T:483.0(72.74%),B:23483.2(56.20%),P:1e-17	Tpos:96.2,Tstd:56.7,Bpos:170.1,Bstd:308.2,StrandBias:-0.4,Multiplicity:1.60
0.001	0.132	0.001	0.866
0.001	0.907	0.001	0.091
0.001	0.192	0.001	0.806
0.001	0.997	0.001	0.001
0.001	0.173	0.001	0.825
0.001	0.997	0.001	0.001
0.091	0.085	0.001	0.823
0.001	0.968	0.030	0.001
>TGACTTGT	16-TGACTTGT	2.399224	-19.017421	0	T:663.0(99.85%),B:40405.8(96.69%),P:1e-8	Tpos:97.5,Tstd:56.9,Bpos:193.8,Bstd:368.4,StrandBias:-0.0,Multiplicity:1.66
0.100	0.100	0.100	0.700
0.100	0.100	0.700	0.100
0.700	0.100	0.100	0.100
0.100	0.700	0.100	0.100
0.100	0.100	0.100	0.700
0.100	0.100	0.100	0.700
0.100	0.100	0.700	0.100
0.100	0.100	0.100	0.700
>CCCACCAA	17-CCCACCAA	0.453314	-0.551991	0	T:664.0(100.00%),B:41753.8(99.92%),P:1e0	Tpos:100.4,Tstd:56.1,Bpos:178.7,Bstd:377.6,StrandBias:-0.0,Multiplicity:3.03
0.100	0.700	0.100	0.100
0.100	0.700	0.100	0.100
0.100	0.700	0.100	0.100
0.700	0.100	0.100	0.100
0.100	0.700	0.100	0.100
0.100	0.700	0.100	0.100
0.700	0.100	0.100	0.100
0.700	0.100	0.100	0.100
>KCAWGRYY	18-KCAWGRYY	-8.583111	-0.015765	0	T:664.0(100.00%),B:41788.0(100.00%),P:1e0	Tpos:100.7,Tstd:58.0,Bpos:195.1,Bstd:336.3,StrandBias:-0.0,Multiplicity:1.65
0.001	0.190	0.379	0.430
0.001	0.809	0.189	0.001
0.997	0.001	0.001	0.001
0.429	0.001	0.001	0.569
0.189	0.001	0.809	0.001
0.240	0.190	0.380	0.190
0.001	0.569	0.001	0.429
0.001	0.430	0.190	0.379
>NNNNNNNN	19-NNNNNNNN	-nan	0.000000	0	T:0.0(0.00%),B:0.0(0.00%),P:1e0	Tpos:0.0,Tstd:0.0,Bpos:0.0,Bstd:0.0,StrandBias:0.0,Multiplicity:1.00
-nan	-nan	-nan	-nan
-nan	-nan	-nan	-nan
-nan	-nan	-nan	-nan
-nan	-nan	-nan	-nan
-nan	-nan	-nan	-nan
-nan	-nan	-nan	-nan
-nan	-nan	-nan	-nan
-nan	-nan	-nan	-nan
>NNNNNNNN	20-NNNNNNNN	-nan	0.000000	0	T:0.0(0.00%),B:0.0(0.00%),P:1e0	Tpos:0.0,Tstd:0.0,Bpos:0.0,Bstd:0.0,StrandBias:0.0,Multiplicity:1.00
-nan	-nan	-nan	-nan
-nan	-nan	-nan	-nan
-nan	-nan	-nan	-nan
-nan	-nan	-nan	-nan
-nan	-nan	-nan	-nan
-nan	-nan	-nan	-nan
-nan	-nan	-nan	-nan
-nan	-nan	-nan	-nan
>NNNNNNNN	21-NNNNNNNN	-nan	0.000000	0	T:0.0(0.00%),B:0.0(0.00%),P:1e0	Tpos:0.0,Tstd:0.0,Bpos:0.0,Bstd:0.0,StrandBias:0.0,Multiplicity:1.00
-nan	-nan	-nan	-nan
-nan	-nan	-nan	-nan
-nan	-nan	-nan	-nan
-nan	-nan	-nan	-nan
-nan	-nan	-nan	-nan
-nan	-nan	-nan	-nan
-nan	-nan	-nan	-nan
-nan	-nan	-nan	-nan
>NNNNNNNN	22-NNNNNNNN	-nan	0.000000	0	T:0.0(0.00%),B:0.0(0.00%),P:1e0	Tpos:0.0,Tstd:0.0,Bpos:0.0,Bstd:0.0,StrandBias:0.0,Multiplicity:1.00
-nan	-nan	-nan	-nan
-nan	-nan	-nan	-nan
-nan	-nan	-nan	-nan
-nan	-nan	-nan	-nan
-nan	-nan	-nan	-nan
-nan	-nan	-nan	-nan
-nan	-nan	-nan	-nan
-nan	-nan	-nan	-nan
>NNNNNNNN	23-NNNNNNNN	-nan	0.000000	0	T:0.0(0.00%),B:0.0(0.00%),P:1e0	Tpos:0.0,Tstd:0.0,Bpos:0.0,Bstd:0.0,StrandBias:0.0,Multiplicity:1.00
-nan	-nan	-nan	-nan
-nan	-nan	-nan	-nan
-nan	-nan	-nan	-nan
-nan	-nan	-nan	-nan
-nan	-nan	-nan	-nan
-nan	-nan	-nan	-nan
-nan	-nan	-nan	-nan
-nan	-nan	-nan	-nan
>NNNNNNNN	24-NNNNNNNN	-nan	0.000000	0	T:0.0(0.00%),B:0.0(0.00%),P:1e0	Tpos:0.0,Tstd:0.0,Bpos:0.0,Bstd:0.0,StrandBias:0.0,Multiplicity:1.00
-nan	-nan	-nan	-nan
-nan	-nan	-nan	-nan
-nan	-nan	-nan	-nan
-nan	-nan	-nan	-nan
-nan	-nan	-nan	-nan
-nan	-nan	-nan	-nan
-nan	-nan	-nan	-nan
-nan	-nan	-nan	-nan
>NNNNNNNN	25-NNNNNNNN	-nan	0.000000	0	T:0.0(0.00%),B:0.0(0.00%),P:1e0	Tpos:0.0,Tstd:0.0,Bpos:0.0,Bstd:0.0,StrandBias:0.0,Multiplicity:1.00
-nan	-nan	-nan	-nan
-nan	-nan	-nan	-nan
-nan	-nan	-nan	-nan
-nan	-nan	-nan	-nan
-nan	-nan	-nan	-nan
-nan	-nan	-nan	-nan
-nan	-nan	-nan	-nan
-nan	-nan	-nan	-nan
