>TTCGTCGAAC	1-TTCGTCGAAC	7.977300	-534.159890	0	T:199.0(29.97%),B:294.3(0.70%),P:1e-231	Tpos:97.5,Tstd:40.1,Bpos:181.5,Bstd:251.5,StrandBias:0.4,Multiplicity:1.03
0.036	0.001	0.001	0.962
0.023	0.011	0.007	0.959
0.001	0.960	0.001	0.038
0.303	0.033	0.648	0.016
0.001	0.001	0.001	0.997
0.001	0.997	0.001	0.001
0.029	0.001	0.969	0.001
0.997	0.001	0.001	0.001
0.943	0.001	0.055	0.001
0.001	0.997	0.001	0.001
>CTMAYASGSA	2-CTMAYASGSA	6.718409	-119.269364	0	T:81.0(12.20%),B:484.3(1.16%),P:1e-51	Tpos:89.6,Tstd:51.2,Bpos:233.8,Bstd:331.5,StrandBias:0.5,Multiplicity:1.31
0.098	0.719	0.073	0.110
0.114	0.096	0.105	0.685
0.356	0.432	0.109	0.102
0.562	0.168	0.128	0.142
0.001	0.513	0.070	0.416
0.975	0.012	0.001	0.012
0.194	0.244	0.383	0.179
0.139	0.092	0.768	0.001
0.006	0.501	0.371	0.122
0.437	0.173	0.272	0.118
>TACACATGAC	3-TACACATGAC	13.771793	-89.384505	0	T:26.0(3.92%),B:10.8(0.03%),P:1e-38	Tpos:109.5,Tstd:56.3,Bpos:514.5,Bstd:447.1,StrandBias:0.2,Multiplicity:1.08
0.001	0.001	0.001	0.997
0.997	0.001	0.001	0.001
0.001	0.997	0.001	0.001
0.997	0.001	0.001	0.001
0.001	0.997	0.001	0.001
0.967	0.031	0.001	0.001
0.001	0.031	0.001	0.967
0.001	0.001	0.997	0.001
0.997	0.001	0.001	0.001
0.001	0.997	0.001	0.001
>CGAATATGAC	4-CGAATATGAC	13.797161	-85.522259	0	T:24.0(3.61%),B:7.2(0.02%),P:1e-37	Tpos:112.6,Tstd:48.4,Bpos:449.9,Bstd:295.7,StrandBias:0.8,Multiplicity:1.04
0.001	0.997	0.001	0.001
0.001	0.001	0.997	0.001
0.997	0.001	0.001	0.001
0.997	0.001	0.001	0.001
0.001	0.001	0.001	0.997
0.997	0.001	0.001	0.001
0.001	0.001	0.001	0.997
0.001	0.001	0.997	0.001
0.962	0.036	0.001	0.001
0.001	0.997	0.001	0.001
>VTACACCATN	5-VTACACCATN	2.581682	-83.725285	0	T:661.0(99.55%),B:36127.2(86.45%),P:1e-36	Tpos:97.8,Tstd:57.3,Bpos:186.7,Bstd:325.3,StrandBias:0.1,Multiplicity:1.64
0.304	0.354	0.207	0.135
0.224	0.270	0.001	0.505
0.461	0.197	0.156	0.186
0.152	0.518	0.165	0.165
0.664	0.148	0.046	0.142
0.186	0.602	0.047	0.165
0.110	0.624	0.169	0.097
0.579	0.257	0.001	0.163
0.173	0.239	0.072	0.516
0.211	0.324	0.190	0.275
>TGGTTAGTGT	6-TGGTTAGTGT	10.296193	-81.194660	0	T:26.0(3.92%),B:18.6(0.04%),P:1e-35	Tpos:118.0,Tstd:50.5,Bpos:406.1,Bstd:416.7,StrandBias:0.6,Multiplicity:1.08
0.100	0.100	0.100	0.700
0.100	0.100	0.700	0.100
0.100	0.100	0.700	0.100
0.100	0.100	0.100	0.700
0.100	0.100	0.100	0.700
0.700	0.100	0.100	0.100
0.100	0.100	0.700	0.100
0.100	0.100	0.100	0.700
0.100	0.100	0.700	0.100
0.100	0.100	0.100	0.700
>TGATTGAGTA	7-TGATTGAGTA	10.296193	-70.826727	0	T:24.0(3.61%),B:22.2(0.05%),P:1e-30	Tpos:99.5,Tstd:54.0,Bpos:431.9,Bstd:468.0,StrandBias:0.1,Multiplicity:1.04
0.100	0.100	0.100	0.700
0.100	0.100	0.700	0.100
0.700	0.100	0.100	0.100
0.100	0.100	0.100	0.700
0.100	0.100	0.100	0.700
0.100	0.100	0.700	0.100
0.700	0.100	0.100	0.100
0.100	0.100	0.700	0.100
0.100	0.100	0.100	0.700
0.700	0.100	0.100	0.100
>ACTACTTAGG	8-ACTACTTAGG	2.512553	-65.089131	0	T:659.0(99.25%),B:36856.0(88.20%),P:1e-28	Tpos:99.8,Tstd:55.8,Bpos:249.9,Bstd:372.0,StrandBias:-0.0,Multiplicity:4.60
0.700	0.100	0.100	0.100
0.100	0.700	0.100	0.100
0.100	0.100	0.100	0.700
0.700	0.100	0.100	0.100
0.100	0.700	0.100	0.100
0.100	0.100	0.100	0.700
0.100	0.100	0.100	0.700
0.700	0.100	0.100	0.100
0.100	0.100	0.700	0.100
0.100	0.100	0.700	0.100
>WTTTTTWTAA	9-WTTTTTWTAA	1.442861	-60.821261	0	T:652.0(98.19%),B:36092.1(86.37%),P:1e-26	Tpos:101.7,Tstd:59.7,Bpos:392.7,Bstd:417.4,StrandBias:-0.0,Multiplicity:1.73
0.402	0.063	0.142	0.393
0.259	0.023	0.001	0.717
0.102	0.047	0.055	0.796
0.268	0.094	0.055	0.583
0.197	0.039	0.001	0.763
0.236	0.016	0.063	0.685
0.456	0.094	0.001	0.449
0.212	0.079	0.110	0.599
0.543	0.236	0.016	0.205
0.582	0.047	0.001	0.370
>TTAAACCGCA	10-TTAAACCGCA	-6.928591	-60.083256	0	T:500.0(75.30%),B:23027.6(55.11%),P:1e-26	Tpos:101.2,Tstd:56.4,Bpos:241.9,Bstd:353.5,StrandBias:0.0,Multiplicity:1.98
0.001	0.047	0.001	0.951
0.001	0.001	0.001	0.997
0.997	0.001	0.001	0.001
0.997	0.001	0.001	0.001
0.997	0.001	0.001	0.001
0.001	0.997	0.001	0.001
0.001	0.997	0.001	0.001
0.001	0.001	0.997	0.001
0.001	0.997	0.001	0.001
0.997	0.001	0.001	0.001
>TTTGAGAAGC	11-TTTGAGAAGC	10.296193	-58.858614	0	T:23.0(3.46%),B:37.2(0.09%),P:1e-25	Tpos:117.3,Tstd:49.1,Bpos:296.7,Bstd:406.6,StrandBias:0.0,Multiplicity:1.04
0.100	0.100	0.100	0.700
0.100	0.100	0.100	0.700
0.100	0.100	0.100	0.700
0.100	0.100	0.700	0.100
0.700	0.100	0.100	0.100
0.100	0.100	0.700	0.100
0.700	0.100	0.100	0.100
0.700	0.100	0.100	0.100
0.100	0.100	0.700	0.100
0.100	0.700	0.100	0.100
>TCTTTGGCTT	12-TCTTTGGCTT	2.512553	-40.177309	0	T:664.0(100.00%),B:39315.7(94.08%),P:1e-17	Tpos:98.5,Tstd:57.9,Bpos:229.4,Bstd:342.7,StrandBias:-0.2,Multiplicity:4.16
0.100	0.100	0.100	0.700
0.100	0.700	0.100	0.100
0.100	0.100	0.100	0.700
0.100	0.100	0.100	0.700
0.100	0.100	0.100	0.700
0.100	0.100	0.700	0.100
0.100	0.100	0.700	0.100
0.100	0.700	0.100	0.100
0.100	0.100	0.100	0.700
0.100	0.100	0.100	0.700
>GWSKTKKGMW	13-GWSKTKKGMW	8.987885	-21.224049	0	T:74.0(11.14%),B:2124.8(5.08%),P:1e-9	Tpos:67.0,Tstd:63.0,Bpos:0.0,Bstd:0.0,StrandBias:-10.0,Multiplicity:1.00
0.001	0.001	0.997	0.001
0.499	0.001	0.001	0.499
0.001	0.499	0.499	0.001
0.001	0.001	0.499	0.499
0.001	0.001	0.001	0.997
0.001	0.001	0.499	0.499
0.001	0.001	0.499	0.499
0.001	0.001	0.997	0.001
0.499	0.499	0.001	0.001
0.499	0.001	0.001	0.499
>GGACAGTTCG	14-GGACAGTTCG	4.706122	-6.165033	0	T:32.0(4.82%),B:1148.1(2.75%),P:1e-2	Tpos:131.7,Tstd:45.4,Bpos:141.4,Bstd:129.1,StrandBias:-10.0,Multiplicity:1.00
0.001	0.001	0.881	0.117
0.001	0.001	0.997	0.001
0.813	0.093	0.093	0.001
0.092	0.906	0.001	0.001
0.788	0.001	0.093	0.118
0.001	0.001	0.906	0.092
0.001	0.001	0.001	0.997
0.185	0.001	0.001	0.813
0.001	0.906	0.092	0.001
0.001	0.001	0.997	0.001
>TATATATATA	15-TATATATATA	-1.379268	-4.254283	0	T:664.0(100.00%),B:41519.7(99.36%),P:1e-1	Tpos:92.5,Tstd:55.6,Bpos:206.0,Bstd:281.7,StrandBias:0.0,Multiplicity:1.00
0.100	0.100	0.100	0.700
0.700	0.100	0.100	0.100
0.100	0.100	0.100	0.700
0.700	0.100	0.100	0.100
0.100	0.100	0.100	0.700
0.700	0.100	0.100	0.100
0.100	0.100	0.100	0.700
0.700	0.100	0.100	0.100
0.100	0.100	0.100	0.700
0.700	0.100	0.100	0.100
>YTYMTCWGMM	16-YTYMTCWGMM	9.053432	-2.240777	0	T:28.0(4.22%),B:1363.8(3.26%),P:1e0	Tpos:124.0,Tstd:48.0,Bpos:49.8,Bstd:33.3,StrandBias:0.0,Multiplicity:1.00
0.001	0.500	0.059	0.441
0.001	0.001	0.058	0.940
0.001	0.499	0.001	0.499
0.558	0.440	0.001	0.001
0.059	0.059	0.001	0.881
0.059	0.881	0.059	0.001
0.440	0.001	0.001	0.558
0.001	0.058	0.940	0.001
0.440	0.558	0.001	0.001
0.500	0.441	0.059	0.001
>CTTAGGCTTT	17-CTTAGGCTTT	0.000000	-1.609942	0	T:664.0(100.00%),B:41686.3(99.76%),P:1e0
0.100	0.700	0.100	0.100
0.100	0.100	0.100	0.700
0.100	0.100	0.100	0.700
0.700	0.100	0.100	0.100
0.100	0.100	0.700	0.100
0.100	0.100	0.700	0.100
0.100	0.700	0.100	0.100
0.100	0.100	0.100	0.700
0.100	0.100	0.100	0.700
0.100	0.100	0.100	0.700
>ACACCATGAA	18-ACACCATGAA	0.566642	-0.662444	0	T:664.0(100.00%),B:41746.1(99.90%),P:1e0	Tpos:101.3,Tstd:57.1,Bpos:174.6,Bstd:320.4,StrandBias:-0.1,Multiplicity:2.14
0.700	0.100	0.100	0.100
0.100	0.700	0.100	0.100
0.700	0.100	0.100	0.100
0.100	0.700	0.100	0.100
0.100	0.700	0.100	0.100
0.700	0.100	0.100	0.100
0.100	0.100	0.100	0.700
0.100	0.100	0.700	0.100
0.700	0.100	0.100	0.100
0.700	0.100	0.100	0.100
>CTTTGGCTTT	19-CTTTGGCTTT	-3.325178	0.000000	0	T:664.0(100.00%),B:41788.5(100.00%),P:1e0	Tpos:102.6,Tstd:58.8,Bpos:186.9,Bstd:383.3,StrandBias:-0.0,Multiplicity:1.74
0.100	0.700	0.100	0.100
0.100	0.100	0.100	0.700
0.100	0.100	0.100	0.700
0.100	0.100	0.100	0.700
0.100	0.100	0.700	0.100
0.100	0.100	0.700	0.100
0.100	0.700	0.100	0.100
0.100	0.100	0.100	0.700
0.100	0.100	0.100	0.700
0.100	0.100	0.100	0.700
>NNNNNNNNNN	20-NNNNNNNNNN	-nan	0.000000	0	T:0.0(0.00%),B:0.0(0.00%),P:1e0	Tpos:0.0,Tstd:0.0,Bpos:0.0,Bstd:0.0,StrandBias:0.0,Multiplicity:1.00
-nan	-nan	-nan	-nan
-nan	-nan	-nan	-nan
-nan	-nan	-nan	-nan
-nan	-nan	-nan	-nan
-nan	-nan	-nan	-nan
-nan	-nan	-nan	-nan
-nan	-nan	-nan	-nan
-nan	-nan	-nan	-nan
-nan	-nan	-nan	-nan
-nan	-nan	-nan	-nan
>NNNNNNNNNN	21-NNNNNNNNNN	-nan	0.000000	0	T:0.0(0.00%),B:0.0(0.00%),P:1e0	Tpos:0.0,Tstd:0.0,Bpos:0.0,Bstd:0.0,StrandBias:0.0,Multiplicity:1.00
-nan	-nan	-nan	-nan
-nan	-nan	-nan	-nan
-nan	-nan	-nan	-nan
-nan	-nan	-nan	-nan
-nan	-nan	-nan	-nan
-nan	-nan	-nan	-nan
-nan	-nan	-nan	-nan
-nan	-nan	-nan	-nan
-nan	-nan	-nan	-nan
-nan	-nan	-nan	-nan
>NNNNNNNNNN	22-NNNNNNNNNN	-nan	0.000000	0	T:0.0(0.00%),B:0.0(0.00%),P:1e0	Tpos:0.0,Tstd:0.0,Bpos:0.0,Bstd:0.0,StrandBias:0.0,Multiplicity:1.00
-nan	-nan	-nan	-nan
-nan	-nan	-nan	-nan
-nan	-nan	-nan	-nan
-nan	-nan	-nan	-nan
-nan	-nan	-nan	-nan
-nan	-nan	-nan	-nan
-nan	-nan	-nan	-nan
-nan	-nan	-nan	-nan
-nan	-nan	-nan	-nan
-nan	-nan	-nan	-nan
>NNNNNNNNNN	23-NNNNNNNNNN	-nan	0.000000	0	T:0.0(0.00%),B:0.0(0.00%),P:1e0	Tpos:0.0,Tstd:0.0,Bpos:0.0,Bstd:0.0,StrandBias:0.0,Multiplicity:1.00
-nan	-nan	-nan	-nan
-nan	-nan	-nan	-nan
-nan	-nan	-nan	-nan
-nan	-nan	-nan	-nan
-nan	-nan	-nan	-nan
-nan	-nan	-nan	-nan
-nan	-nan	-nan	-nan
-nan	-nan	-nan	-nan
-nan	-nan	-nan	-nan
-nan	-nan	-nan	-nan
>NNNNNNNNNN	24-NNNNNNNNNN	-nan	0.000000	0	T:0.0(0.00%),B:0.0(0.00%),P:1e0	Tpos:0.0,Tstd:0.0,Bpos:0.0,Bstd:0.0,StrandBias:0.0,Multiplicity:1.00
-nan	-nan	-nan	-nan
-nan	-nan	-nan	-nan
-nan	-nan	-nan	-nan
-nan	-nan	-nan	-nan
-nan	-nan	-nan	-nan
-nan	-nan	-nan	-nan
-nan	-nan	-nan	-nan
-nan	-nan	-nan	-nan
-nan	-nan	-nan	-nan
-nan	-nan	-nan	-nan
>NNNNNNNNNN	25-NNNNNNNNNN	-nan	0.000000	0	T:0.0(0.00%),B:0.0(0.00%),P:1e0	Tpos:0.0,Tstd:0.0,Bpos:0.0,Bstd:0.0,StrandBias:0.0,Multiplicity:1.00
-nan	-nan	-nan	-nan
-nan	-nan	-nan	-nan
-nan	-nan	-nan	-nan
-nan	-nan	-nan	-nan
-nan	-nan	-nan	-nan
-nan	-nan	-nan	-nan
-nan	-nan	-nan	-nan
-nan	-nan	-nan	-nan
-nan	-nan	-nan	-nan
-nan	-nan	-nan	-nan
>ATTTCGTCGAAC	1-ATTTCGTCGAAC	9.828763	-679.243380	0	T:193.0(29.07%),B:74.4(0.18%),P:1e-294	Tpos:97.4,Tstd:39.4,Bpos:172.2,Bstd:231.0,StrandBias:0.3,Multiplicity:1.02
0.968	0.016	0.008	0.008
0.046	0.001	0.001	0.952
0.040	0.001	0.001	0.958
0.016	0.008	0.008	0.968
0.001	0.948	0.006	0.045
0.315	0.041	0.643	0.001
0.001	0.001	0.001	0.997
0.001	0.997	0.001	0.001
0.036	0.001	0.962	0.001
0.991	0.001	0.001	0.007
0.942	0.001	0.056	0.001
0.001	0.997	0.001	0.001
>GTTCGAYAGAAT	2-GTTCGAYAGAAT	10.005202	-491.801519	0	T:160.0(24.10%),B:129.5(0.31%),P:1e-213	Tpos:115.2,Tstd:44.2,Bpos:292.0,Bstd:340.1,StrandBias:-0.3,Multiplicity:1.00
0.079	0.001	0.869	0.051
0.001	0.081	0.001	0.917
0.001	0.001	0.001	0.997
0.001	0.919	0.001	0.079
0.001	0.001	0.997	0.001
0.919	0.001	0.079	0.001
0.001	0.529	0.079	0.391
0.696	0.065	0.159	0.080
0.145	0.082	0.612	0.161
0.919	0.001	0.001	0.079
0.868	0.001	0.001	0.130
0.082	0.080	0.065	0.773
>ASYTKGTGTGCA	3-ASYTKGTGTGCA	8.885734	-311.276453	0	T:130.0(19.58%),B:262.2(0.63%),P:1e-135	Tpos:104.9,Tstd:32.8,Bpos:223.7,Bstd:383.7,StrandBias:0.4,Multiplicity:1.02
0.997	0.001	0.001	0.001
0.082	0.428	0.368	0.122
0.042	0.440	0.204	0.314
0.001	0.001	0.001	0.997
0.001	0.001	0.476	0.522
0.125	0.234	0.640	0.001
0.123	0.357	0.001	0.519
0.040	0.151	0.808	0.001
0.189	0.001	0.204	0.606
0.001	0.001	0.997	0.001
0.001	0.997	0.001	0.001
0.714	0.001	0.203	0.082
>TTTCTCTCAGGC	4-TTTCTCTCAGGC	9.974075	-224.368283	0	T:85.0(12.80%),B:120.5(0.29%),P:1e-97	Tpos:94.6,Tstd:44.3,Bpos:179.8,Bstd:229.5,StrandBias:0.8,Multiplicity:1.01
0.001	0.064	0.032	0.903
0.001	0.401	0.001	0.597
0.001	0.095	0.001	0.903
0.001	0.997	0.001	0.001
0.160	0.001	0.128	0.711
0.128	0.518	0.066	0.288
0.031	0.001	0.001	0.967
0.032	0.539	0.374	0.055
0.979	0.019	0.001	0.001
0.032	0.118	0.849	0.001
0.157	0.001	0.841	0.001
0.001	0.997	0.001	0.001
>TCGAATATGACT	5-TCGAATATGACT	12.912320	-117.351742	0	T:32.0(4.82%),B:7.6(0.02%),P:1e-50	Tpos:112.3,Tstd:46.4,Bpos:570.7,Bstd:367.4,StrandBias:0.3,Multiplicity:1.03
0.001	0.032	0.001	0.966
0.032	0.966	0.001	0.001
0.087	0.001	0.911	0.001
0.997	0.001	0.001	0.001
0.997	0.001	0.001	0.001
0.001	0.001	0.001	0.997
0.997	0.001	0.001	0.001
0.001	0.001	0.001	0.997
0.032	0.001	0.966	0.001
0.966	0.032	0.001	0.001
0.001	0.966	0.001	0.032
0.032	0.001	0.001	0.966
>CATACACATGAC	6-CATACACATGAC	12.764649	-115.756858	0	T:32.0(4.82%),B:8.9(0.02%),P:1e-50	Tpos:108.8,Tstd:56.3,Bpos:576.9,Bstd:455.3,StrandBias:0.2,Multiplicity:1.09
0.001	0.941	0.029	0.029
0.946	0.001	0.024	0.029
0.023	0.001	0.001	0.975
0.975	0.001	0.023	0.001
0.001	0.997	0.001	0.001
0.969	0.001	0.001	0.029
0.001	0.969	0.001	0.029
0.969	0.029	0.001	0.001
0.001	0.029	0.001	0.969
0.001	0.029	0.969	0.001
0.997	0.001	0.001	0.001
0.001	0.969	0.029	0.001
>GTATCCTTGTTA	7-GTATCCTTGTTA	12.112565	-115.404483	0	T:33.0(4.97%),B:11.3(0.03%),P:1e-50	Tpos:86.1,Tstd:59.6,Bpos:516.0,Bstd:461.7,StrandBias:-0.2,Multiplicity:1.12
0.024	0.029	0.946	0.001
0.001	0.001	0.001	0.997
0.550	0.029	0.029	0.392
0.029	0.029	0.001	0.941
0.001	0.997	0.001	0.001
0.023	0.975	0.001	0.001
0.001	0.001	0.001	0.997
0.001	0.001	0.028	0.970
0.029	0.029	0.941	0.001
0.001	0.001	0.001	0.997
0.001	0.001	0.001	0.997
0.997	0.001	0.001	0.001
>TGGTTAGTGTTC	8-TGGTTAGTGTTC	13.396984	-102.438609	0	T:30.0(4.52%),B:12.5(0.03%),P:1e-44	Tpos:108.5,Tstd:54.5,Bpos:463.5,Bstd:388.9,StrandBias:0.2,Multiplicity:1.07
0.001	0.001	0.001	0.997
0.001	0.001	0.997	0.001
0.001	0.001	0.734	0.264
0.001	0.001	0.323	0.675
0.001	0.001	0.001	0.997
0.997	0.001	0.001	0.001
0.338	0.068	0.593	0.001
0.001	0.001	0.001	0.997
0.001	0.001	0.675	0.323
0.001	0.001	0.001	0.997
0.001	0.068	0.001	0.930
0.001	0.602	0.001	0.396
>GACTCATAYGGA	9-GACTCATAYGGA	12.679917	-88.190411	0	T:23.0(3.46%),B:4.0(0.01%),P:1e-38	Tpos:85.4,Tstd:56.8,Bpos:800.5,Bstd:485.5,StrandBias:0.1,Multiplicity:1.09
0.001	0.044	0.954	0.001
0.997	0.001	0.001	0.001
0.044	0.911	0.044	0.001
0.001	0.001	0.001	0.997
0.001	0.997	0.001	0.001
0.997	0.001	0.001	0.001
0.001	0.001	0.001	0.997
0.997	0.001	0.001	0.001
0.001	0.536	0.001	0.462
0.044	0.001	0.954	0.001
0.001	0.001	0.997	0.001
0.954	0.001	0.044	0.001
>CTTAAACCGCAA	10-CTTAAACCGCAA	12.775391	-88.186070	0	T:26.0(3.92%),B:12.0(0.03%),P:1e-38	Tpos:91.1,Tstd:54.2,Bpos:359.3,Bstd:344.3,StrandBias:0.4,Multiplicity:1.08
0.001	0.957	0.001	0.041
0.001	0.041	0.001	0.957
0.001	0.001	0.041	0.957
0.997	0.001	0.001	0.001
0.957	0.041	0.001	0.001
0.997	0.001	0.001	0.001
0.029	0.928	0.001	0.042
0.001	0.957	0.001	0.041
0.041	0.001	0.957	0.001
0.001	0.957	0.041	0.001
0.997	0.001	0.001	0.001
0.997	0.001	0.001	0.001
>ATTGAGTATAAG	11-ATTGAGTATAAG	12.746300	-88.026516	0	T:29.0(4.37%),B:23.8(0.06%),P:1e-38	Tpos:97.2,Tstd:52.5,Bpos:405.2,Bstd:421.4,StrandBias:0.0,Multiplicity:1.03
0.997	0.001	0.001	0.001
0.001	0.001	0.041	0.957
0.001	0.001	0.001	0.997
0.042	0.001	0.915	0.042
0.997	0.001	0.001	0.001
0.001	0.001	0.964	0.034
0.001	0.001	0.001	0.997
0.923	0.034	0.042	0.001
0.001	0.041	0.001	0.957
0.923	0.034	0.042	0.001
0.964	0.001	0.034	0.001
0.042	0.072	0.885	0.001
>GCTTTTAAGATC	12-GCTTTTAAGATC	12.894787	-85.522259	0	T:24.0(3.61%),B:7.6(0.02%),P:1e-37	Tpos:98.5,Tstd:52.0,Bpos:283.2,Bstd:226.8,StrandBias:-0.6,Multiplicity:1.04
0.001	0.001	0.997	0.001
0.001	0.949	0.049	0.001
0.001	0.397	0.001	0.601
0.001	0.001	0.001	0.997
0.084	0.001	0.001	0.914
0.001	0.001	0.001	0.997
0.997	0.001	0.001	0.001
0.997	0.001	0.001	0.001
0.001	0.001	0.997	0.001
0.949	0.049	0.001	0.001
0.001	0.001	0.001	0.997
0.001	0.949	0.049	0.001
>GCTTTGAGAAGC	13-GCTTTGAGAAGC	13.046297	-83.231841	0	T:25.0(3.77%),B:12.2(0.03%),P:1e-36	Tpos:115.0,Tstd:47.3,Bpos:473.8,Bstd:513.0,StrandBias:0.2,Multiplicity:1.04
0.001	0.044	0.954	0.001
0.053	0.945	0.001	0.001
0.001	0.001	0.001	0.997
0.044	0.044	0.001	0.911
0.001	0.001	0.001	0.997
0.001	0.001	0.954	0.044
0.997	0.001	0.001	0.001
0.001	0.001	0.997	0.001
0.997	0.001	0.001	0.001
0.997	0.001	0.001	0.001
0.001	0.001	0.997	0.001
0.001	0.962	0.001	0.036
>GCTACACCATGA	14-GCTACACCATGA	10.783213	-82.987290	0	T:26.0(3.92%),B:17.0(0.04%),P:1e-36	Tpos:101.0,Tstd:45.5,Bpos:480.1,Bstd:480.9,StrandBias:0.7,Multiplicity:1.00
0.001	0.046	0.915	0.038
0.046	0.862	0.046	0.046
0.001	0.001	0.001	0.997
0.997	0.001	0.001	0.001
0.001	0.997	0.001	0.001
0.953	0.001	0.045	0.001
0.045	0.953	0.001	0.001
0.001	0.997	0.001	0.001
0.997	0.001	0.001	0.001
0.037	0.001	0.001	0.961
0.046	0.090	0.818	0.046
0.997	0.001	0.001	0.001
>TTGTTTCTTGGA	15-TTGTTTCTTGGA	10.882677	-75.725027	0	T:38.0(5.72%),B:122.1(0.29%),P:1e-32	Tpos:96.4,Tstd:56.4,Bpos:241.1,Bstd:334.6,StrandBias:-0.3,Multiplicity:1.03
0.001	0.001	0.001	0.997
0.065	0.001	0.318	0.616
0.056	0.001	0.942	0.001
0.065	0.001	0.065	0.869
0.053	0.001	0.379	0.567
0.139	0.065	0.070	0.726
0.001	0.881	0.065	0.053
0.065	0.001	0.065	0.869
0.001	0.001	0.001	0.997
0.001	0.064	0.934	0.001
0.001	0.001	0.881	0.117
0.946	0.001	0.001	0.052
>GAAGACACAAAG	16-GAAGACACAAAG	12.691787	-69.168613	0	T:25.0(3.77%),B:30.1(0.07%),P:1e-30	Tpos:80.0,Tstd:49.5,Bpos:311.3,Bstd:304.5,StrandBias:0.8,Multiplicity:1.00
0.040	0.040	0.919	0.001
0.997	0.001	0.001	0.001
0.997	0.001	0.001	0.001
0.039	0.001	0.959	0.001
0.997	0.001	0.001	0.001
0.001	0.760	0.001	0.238
0.997	0.001	0.001	0.001
0.001	0.949	0.001	0.049
0.959	0.001	0.039	0.001
0.949	0.049	0.001	0.001
0.997	0.001	0.001	0.001
0.001	0.001	0.964	0.034
>GCTGGTTGWAGA	17-GCTGGTTGWAGA	-2.460679	-60.910087	0	T:519.0(78.16%),B:24316.3(58.19%),P:1e-26	Tpos:98.3,Tstd:54.3,Bpos:208.9,Bstd:320.9,StrandBias:-0.1,Multiplicity:1.62
0.001	0.005	0.737	0.257
0.001	0.636	0.235	0.128
0.001	0.001	0.001	0.997
0.001	0.001	0.997	0.001
0.001	0.133	0.865	0.001
0.001	0.001	0.001	0.997
0.258	0.001	0.245	0.497
0.001	0.001	0.865	0.133
0.441	0.002	0.105	0.452
0.492	0.001	0.329	0.178
0.003	0.001	0.953	0.043
0.769	0.224	0.001	0.006
>GTTTGTTAAAAT	18-GTTTGTTAAAAT	9.293803	-60.612199	0	T:62.0(9.34%),B:672.6(1.61%),P:1e-26	Tpos:102.3,Tstd:56.5,Bpos:437.3,Bstd:467.0,StrandBias:0.4,Multiplicity:1.09
0.164	0.029	0.772	0.035
0.049	0.092	0.001	0.858
0.001	0.069	0.001	0.929
0.028	0.001	0.069	0.902
0.123	0.035	0.693	0.149
0.182	0.070	0.035	0.713
0.057	0.060	0.053	0.830
0.754	0.049	0.080	0.117
0.964	0.001	0.034	0.001
0.873	0.001	0.028	0.098
0.848	0.001	0.069	0.082
0.098	0.001	0.028	0.873
>TGATTTCTGGGT	19-TGATTTCTGGGT	9.812466	-57.723892	0	T:36.0(5.42%),B:185.8(0.44%),P:1e-25	Tpos:89.7,Tstd:62.4,Bpos:220.0,Bstd:293.0,StrandBias:-0.3,Multiplicity:1.12
0.034	0.001	0.062	0.903
0.033	0.001	0.965	0.001
0.707	0.063	0.229	0.001
0.059	0.062	0.001	0.878
0.126	0.069	0.001	0.804
0.104	0.001	0.127	0.768
0.069	0.742	0.098	0.091
0.069	0.001	0.001	0.929
0.034	0.028	0.882	0.056
0.001	0.090	0.875	0.034
0.103	0.001	0.671	0.225
0.052	0.062	0.001	0.885
>GAGGAARABAAA	20-GAGGAARABAAA	1.496134	-54.107822	0	T:520.0(78.31%),B:24931.0(59.66%),P:1e-23	Tpos:98.4,Tstd:58.3,Bpos:278.9,Bstd:371.4,StrandBias:0.1,Multiplicity:1.57
0.126	0.103	0.649	0.122
0.637	0.038	0.060	0.265
0.097	0.255	0.586	0.062
0.001	0.001	0.836	0.162
0.684	0.162	0.153	0.001
0.997	0.001	0.001	0.001
0.378	0.120	0.501	0.001
0.939	0.059	0.001	0.001
0.113	0.265	0.364	0.259
0.997	0.001	0.001	0.001
0.589	0.001	0.409	0.001
0.997	0.001	0.001	0.001
>AGAGRGAGAGAG	21-AGAGRGAGAGAG	-6.149875	-18.831385	0	T:404.0(60.84%),B:20766.4(49.69%),P:1e-8	Tpos:101.3,Tstd:56.1,Bpos:179.1,Bstd:294.1,StrandBias:0.4,Multiplicity:1.79
0.833	0.001	0.165	0.001
0.001	0.001	0.997	0.001
0.800	0.001	0.189	0.010
0.001	0.001	0.997	0.001
0.500	0.001	0.498	0.001
0.001	0.001	0.997	0.001
0.763	0.001	0.235	0.001
0.037	0.001	0.961	0.001
0.785	0.001	0.204	0.010
0.041	0.001	0.957	0.001
0.727	0.001	0.251	0.021
0.001	0.001	0.997	0.001
>CYVGCGRSCAKK	22-CYVGCGRSCAKK	8.188100	-12.787101	0	T:14.0(2.11%),B:181.5(0.43%),P:1e-5	Tpos:78.7,Tstd:65.0,Bpos:187.7,Bstd:737.0,StrandBias:-1.2,Multiplicity:1.00
0.002	0.647	0.291	0.060
0.060	0.426	0.237	0.278
0.399	0.290	0.309	0.001
0.001	0.001	0.997	0.001
0.059	0.823	0.117	0.001
0.001	0.001	0.997	0.001
0.440	0.117	0.442	0.001
0.001	0.443	0.555	0.001
0.198	0.800	0.001	0.001
0.430	0.175	0.279	0.115
0.166	0.001	0.432	0.401
0.224	0.175	0.374	0.226
>GAGAGAHGGAGA	23-GAGAGAHGGAGA	9.036335	-10.903252	0	T:39.0(5.87%),B:1162.8(2.78%),P:1e-4	Tpos:108.2,Tstd:65.6,Bpos:185.7,Bstd:229.7,StrandBias:-0.2,Multiplicity:1.00
0.001	0.114	0.813	0.072
0.855	0.072	0.072	0.001
0.001	0.001	0.997	0.001
0.741	0.114	0.001	0.144
0.236	0.072	0.620	0.072
0.809	0.046	0.001	0.144
0.216	0.305	0.144	0.335
0.001	0.046	0.881	0.072
0.072	0.216	0.568	0.144
0.927	0.001	0.001	0.071
0.216	0.144	0.639	0.001
0.997	0.001	0.001	0.001
>GAKAAGTAGACA	24-GAKAAGTAGACA	9.057286	-8.743440	0	T:41.0(6.17%),B:1383.6(3.31%),P:1e-3	Tpos:97.1,Tstd:64.3,Bpos:290.2,Bstd:333.6,StrandBias:-0.4,Multiplicity:1.00
0.253	0.001	0.554	0.192
0.759	0.239	0.001	0.001
0.001	0.190	0.439	0.370
0.809	0.001	0.001	0.189
0.754	0.001	0.001	0.244
0.001	0.001	0.685	0.313
0.232	0.127	0.129	0.512
0.689	0.254	0.001	0.056
0.001	0.001	0.625	0.373
0.997	0.001	0.001	0.001
0.245	0.495	0.259	0.002
0.997	0.001	0.001	0.001
>NNNNNNNNNNNN	25-NNNNNNNNNNNN	-nan	0.000000	0	T:0.0(0.00%),B:0.0(0.00%),P:1e0	Tpos:0.0,Tstd:0.0,Bpos:0.0,Bstd:0.0,StrandBias:0.0,Multiplicity:1.00
-nan	-nan	-nan	-nan
-nan	-nan	-nan	-nan
-nan	-nan	-nan	-nan
-nan	-nan	-nan	-nan
-nan	-nan	-nan	-nan
-nan	-nan	-nan	-nan
-nan	-nan	-nan	-nan
-nan	-nan	-nan	-nan
-nan	-nan	-nan	-nan
-nan	-nan	-nan	-nan
-nan	-nan	-nan	-nan
-nan	-nan	-nan	-nan
>GTCGAACA	1-GTCGAACA	8.191172	-478.593487	0	T:214.0(32.23%),B:568.9(1.36%),P:1e-207	Tpos:100.2,Tstd:41.8,Bpos:223.1,Bstd:387.7,StrandBias:0.5,Multiplicity:1.03
0.368	0.001	0.630	0.001
0.001	0.001	0.001	0.997
0.001	0.997	0.001	0.001
0.001	0.001	0.997	0.001
0.997	0.001	0.001	0.001
0.997	0.001	0.001	0.001
0.001	0.909	0.001	0.089
0.997	0.001	0.001	0.001
>AAATGCCT	2-AAATGCCT	8.604218	-177.141170	0	T:92.0(13.86%),B:322.2(0.77%),P:1e-76	Tpos:99.9,Tstd:41.7,Bpos:195.5,Bstd:268.3,StrandBias:-0.2,Multiplicity:1.01
0.913	0.001	0.085	0.001
0.997	0.001	0.001	0.001
0.997	0.001	0.001	0.001
0.001	0.001	0.001	0.997
0.001	0.001	0.997	0.001
0.001	0.997	0.001	0.001
0.001	0.997	0.001	0.001
0.001	0.001	0.001	0.997
>GGTTAGTG	3-GGTTAGTG	4.345134	-81.988307	0	T:534.0(80.42%),B:23902.0(57.20%),P:1e-35	Tpos:100.1,Tstd:56.0,Bpos:221.7,Bstd:353.9,StrandBias:-0.1,Multiplicity:2.06
0.100	0.100	0.700	0.100
0.100	0.100	0.700	0.100
0.100	0.100	0.100	0.700
0.100	0.100	0.100	0.700
0.700	0.100	0.100	0.100
0.100	0.100	0.700	0.100
0.100	0.100	0.100	0.700
0.100	0.100	0.700	0.100
>WTTTCTYW	4-WTTTCTYW	2.909329	-76.712224	0	T:661.0(99.55%),B:36528.5(87.41%),P:1e-33	Tpos:99.9,Tstd:58.0,Bpos:192.3,Bstd:324.1,StrandBias:-0.2,Multiplicity:1.61
0.314	0.161	0.134	0.391
0.044	0.144	0.037	0.775
0.174	0.311	0.050	0.465
0.231	0.175	0.001	0.593
0.086	0.575	0.179	0.160
0.112	0.242	0.048	0.598
0.149	0.370	0.174	0.307
0.326	0.147	0.073	0.453
>ACACAAAC	5-ACACAAAC	3.847007	-71.289293	0	T:578.0(87.05%),B:28093.6(67.23%),P:1e-30	Tpos:97.8,Tstd:55.9,Bpos:298.1,Bstd:375.1,StrandBias:0.2,Multiplicity:1.98
0.931	0.019	0.009	0.041
0.141	0.722	0.029	0.108
0.545	0.073	0.020	0.362
0.152	0.627	0.030	0.191
0.847	0.148	0.004	0.001
0.889	0.056	0.022	0.033
0.776	0.010	0.009	0.205
0.138	0.669	0.120	0.073
>AAACACTA	6-AAACACTA	-2.821389	-70.960138	0	T:597.0(89.91%),B:29740.4(71.17%),P:1e-30	Tpos:98.9,Tstd:58.7,Bpos:295.2,Bstd:374.1,StrandBias:0.2,Multiplicity:2.05
0.997	0.001	0.001	0.001
0.997	0.001	0.001	0.001
0.922	0.076	0.001	0.001
0.001	0.997	0.001	0.001
0.997	0.001	0.001	0.001
0.001	0.997	0.001	0.001
0.001	0.001	0.001	0.997
0.997	0.001	0.001	0.001
>CACATGAC	7-CACATGAC	4.345134	-67.859818	0	T:521.0(78.46%),B:23937.0(57.28%),P:1e-29	Tpos:97.5,Tstd:55.1,Bpos:228.6,Bstd:354.2,StrandBias:-0.1,Multiplicity:1.76
0.100	0.700	0.100	0.100
0.700	0.100	0.100	0.100
0.100	0.700	0.100	0.100
0.700	0.100	0.100	0.100
0.100	0.100	0.100	0.700
0.100	0.100	0.700	0.100
0.700	0.100	0.100	0.100
0.100	0.700	0.100	0.100
>TGWVHAWW	8-TGWVHAWW	2.965496	-61.826183	0	T:640.0(96.39%),B:34573.2(82.73%),P:1e-26	Tpos:96.5,Tstd:58.0,Bpos:214.6,Bstd:352.8,StrandBias:0.3,Multiplicity:1.50
0.088	0.207	0.058	0.647
0.025	0.260	0.461	0.255
0.297	0.170	0.133	0.399
0.300	0.254	0.310	0.136
0.303	0.311	0.023	0.363
0.683	0.133	0.155	0.029
0.424	0.001	0.001	0.574
0.454	0.093	0.119	0.335
>WWVAWWTT	9-WWVAWWTT	3.394090	-60.744233	0	T:626.0(94.28%),B:33168.9(79.37%),P:1e-26	Tpos:104.7,Tstd:57.7,Bpos:227.3,Bstd:358.9,StrandBias:0.2,Multiplicity:1.58
0.420	0.124	0.123	0.333
0.289	0.150	0.165	0.396
0.333	0.406	0.260	0.001
0.515	0.235	0.146	0.104
0.488	0.001	0.079	0.432
0.511	0.001	0.001	0.487
0.267	0.001	0.001	0.731
0.001	0.192	0.267	0.540
>TTTTTTWW	10-TTTTTTWW	3.416031	-56.641078	0	T:610.0(91.87%),B:31936.8(76.42%),P:1e-24	Tpos:99.7,Tstd:59.7,Bpos:337.8,Bstd:390.6,StrandBias:-0.0,Multiplicity:1.73
0.264	0.012	0.260	0.464
0.167	0.001	0.308	0.524
0.199	0.001	0.237	0.563
0.090	0.001	0.176	0.733
0.039	0.001	0.001	0.959
0.222	0.001	0.153	0.624
0.343	0.001	0.167	0.489
0.293	0.066	0.242	0.398
>CTTGTTAG	11-CTTGTTAG	8.236954	-50.041845	0	T:34.0(5.12%),B:205.4(0.49%),P:1e-21	Tpos:85.9,Tstd:56.4,Bpos:241.6,Bstd:311.7,StrandBias:-0.1,Multiplicity:1.06
0.100	0.700	0.100	0.100
0.100	0.100	0.100	0.700
0.100	0.100	0.100	0.700
0.100	0.100	0.700	0.100
0.100	0.100	0.100	0.700
0.100	0.100	0.100	0.700
0.700	0.100	0.100	0.100
0.100	0.100	0.700	0.100
>AACCAAAW	12-AACCAAAW	2.342721	-48.222222	0	T:663.0(99.85%),B:38602.8(92.38%),P:1e-20	Tpos:103.1,Tstd:58.3,Bpos:185.2,Bstd:333.6,StrandBias:0.0,Multiplicity:1.66
0.579	0.118	0.113	0.190
0.502	0.177	0.117	0.204
0.054	0.576	0.164	0.206
0.150	0.596	0.160	0.094
0.501	0.234	0.148	0.117
0.544	0.197	0.143	0.116
0.658	0.032	0.204	0.106
0.361	0.202	0.168	0.269
>WTYTYTHH	13-WTYTYTHH	2.315166	-47.804349	0	T:663.0(99.85%),B:38627.7(92.44%),P:1e-20	Tpos:105.8,Tstd:58.0,Bpos:185.9,Bstd:308.0,StrandBias:-0.1,Multiplicity:1.53
0.287	0.187	0.167	0.359
0.211	0.181	0.112	0.496
0.001	0.375	0.174	0.450
0.133	0.303	0.001	0.563
0.168	0.343	0.001	0.488
0.001	0.239	0.098	0.662
0.206	0.277	0.175	0.342
0.231	0.242	0.168	0.360
>WWATWAAA	14-WWATWAAA	3.002304	-47.721218	0	T:610.0(91.87%),B:32616.8(78.05%),P:1e-20	Tpos:98.7,Tstd:59.3,Bpos:330.8,Bstd:376.6,StrandBias:0.1,Multiplicity:1.75
0.365	0.047	0.088	0.500
0.427	0.023	0.118	0.432
0.527	0.110	0.146	0.217
0.241	0.120	0.087	0.552
0.343	0.215	0.030	0.412
0.749	0.086	0.037	0.128
0.574	0.075	0.027	0.324
0.631	0.042	0.016	0.311
>TCTCTCTC	15-TCTCTCTC	0.072237	-40.916483	0	T:483.0(72.74%),B:23483.2(56.20%),P:1e-17	Tpos:96.2,Tstd:56.7,Bpos:170.1,Bstd:308.2,StrandBias:-0.4,Multiplicity:1.60
0.001	0.132	0.001	0.866
0.001	0.907	0.001	0.091
0.001	0.192	0.001	0.806
0.001	0.997	0.001	0.001
0.001	0.173	0.001	0.825
0.001	0.997	0.001	0.001
0.091	0.085	0.001	0.823
0.001	0.968	0.030	0.001
>TGACTTGT	16-TGACTTGT	2.399224	-19.017421	0	T:663.0(99.85%),B:40405.8(96.69%),P:1e-8	Tpos:97.5,Tstd:56.9,Bpos:193.8,Bstd:368.4,StrandBias:-0.0,Multiplicity:1.66
0.100	0.100	0.100	0.700
0.100	0.100	0.700	0.100
0.700	0.100	0.100	0.100
0.100	0.700	0.100	0.100
0.100	0.100	0.100	0.700
0.100	0.100	0.100	0.700
0.100	0.100	0.700	0.100
0.100	0.100	0.100	0.700
>CCCACCAA	17-CCCACCAA	0.453314	-0.551991	0	T:664.0(100.00%),B:41753.8(99.92%),P:1e0	Tpos:100.4,Tstd:56.1,Bpos:178.7,Bstd:377.6,StrandBias:-0.0,Multiplicity:3.03
0.100	0.700	0.100	0.100
0.100	0.700	0.100	0.100
0.100	0.700	0.100	0.100
0.700	0.100	0.100	0.100
0.100	0.700	0.100	0.100
0.100	0.700	0.100	0.100
0.700	0.100	0.100	0.100
0.700	0.100	0.100	0.100
>KCAWGRYY	18-KCAWGRYY	-8.583111	-0.015765	0	T:664.0(100.00%),B:41788.0(100.00%),P:1e0	Tpos:100.7,Tstd:58.0,Bpos:195.1,Bstd:336.3,StrandBias:-0.0,Multiplicity:1.65
0.001	0.190	0.379	0.430
0.001	0.809	0.189	0.001
0.997	0.001	0.001	0.001
0.429	0.001	0.001	0.569
0.189	0.001	0.809	0.001
0.240	0.190	0.380	0.190
0.001	0.569	0.001	0.429
0.001	0.430	0.190	0.379
>NNNNNNNN	19-NNNNNNNN	-nan	0.000000	0	T:0.0(0.00%),B:0.0(0.00%),P:1e0	Tpos:0.0,Tstd:0.0,Bpos:0.0,Bstd:0.0,StrandBias:0.0,Multiplicity:1.00
-nan	-nan	-nan	-nan
-nan	-nan	-nan	-nan
-nan	-nan	-nan	-nan
-nan	-nan	-nan	-nan
-nan	-nan	-nan	-nan
-nan	-nan	-nan	-nan
-nan	-nan	-nan	-nan
-nan	-nan	-nan	-nan
>NNNNNNNN	20-NNNNNNNN	-nan	0.000000	0	T:0.0(0.00%),B:0.0(0.00%),P:1e0	Tpos:0.0,Tstd:0.0,Bpos:0.0,Bstd:0.0,StrandBias:0.0,Multiplicity:1.00
-nan	-nan	-nan	-nan
-nan	-nan	-nan	-nan
-nan	-nan	-nan	-nan
-nan	-nan	-nan	-nan
-nan	-nan	-nan	-nan
-nan	-nan	-nan	-nan
-nan	-nan	-nan	-nan
-nan	-nan	-nan	-nan
>NNNNNNNN	21-NNNNNNNN	-nan	0.000000	0	T:0.0(0.00%),B:0.0(0.00%),P:1e0	Tpos:0.0,Tstd:0.0,Bpos:0.0,Bstd:0.0,StrandBias:0.0,Multiplicity:1.00
-nan	-nan	-nan	-nan
-nan	-nan	-nan	-nan
-nan	-nan	-nan	-nan
-nan	-nan	-nan	-nan
-nan	-nan	-nan	-nan
-nan	-nan	-nan	-nan
-nan	-nan	-nan	-nan
-nan	-nan	-nan	-nan
>NNNNNNNN	22-NNNNNNNN	-nan	0.000000	0	T:0.0(0.00%),B:0.0(0.00%),P:1e0	Tpos:0.0,Tstd:0.0,Bpos:0.0,Bstd:0.0,StrandBias:0.0,Multiplicity:1.00
-nan	-nan	-nan	-nan
-nan	-nan	-nan	-nan
-nan	-nan	-nan	-nan
-nan	-nan	-nan	-nan
-nan	-nan	-nan	-nan
-nan	-nan	-nan	-nan
-nan	-nan	-nan	-nan
-nan	-nan	-nan	-nan
>NNNNNNNN	23-NNNNNNNN	-nan	0.000000	0	T:0.0(0.00%),B:0.0(0.00%),P:1e0	Tpos:0.0,Tstd:0.0,Bpos:0.0,Bstd:0.0,StrandBias:0.0,Multiplicity:1.00
-nan	-nan	-nan	-nan
-nan	-nan	-nan	-nan
-nan	-nan	-nan	-nan
-nan	-nan	-nan	-nan
-nan	-nan	-nan	-nan
-nan	-nan	-nan	-nan
-nan	-nan	-nan	-nan
-nan	-nan	-nan	-nan
>NNNNNNNN	24-NNNNNNNN	-nan	0.000000	0	T:0.0(0.00%),B:0.0(0.00%),P:1e0	Tpos:0.0,Tstd:0.0,Bpos:0.0,Bstd:0.0,StrandBias:0.0,Multiplicity:1.00
-nan	-nan	-nan	-nan
-nan	-nan	-nan	-nan
-nan	-nan	-nan	-nan
-nan	-nan	-nan	-nan
-nan	-nan	-nan	-nan
-nan	-nan	-nan	-nan
-nan	-nan	-nan	-nan
-nan	-nan	-nan	-nan
>NNNNNNNN	25-NNNNNNNN	-nan	0.000000	0	T:0.0(0.00%),B:0.0(0.00%),P:1e0	Tpos:0.0,Tstd:0.0,Bpos:0.0,Bstd:0.0,StrandBias:0.0,Multiplicity:1.00
-nan	-nan	-nan	-nan
-nan	-nan	-nan	-nan
-nan	-nan	-nan	-nan
-nan	-nan	-nan	-nan
-nan	-nan	-nan	-nan
-nan	-nan	-nan	-nan
-nan	-nan	-nan	-nan
-nan	-nan	-nan	-nan
