>ATTTCGTCGAAC	1-ATTTCGTCGAAC	9.828763	-679.243380	0	T:193.0(29.07%),B:74.4(0.18%),P:1e-294	Tpos:97.4,Tstd:39.4,Bpos:172.2,Bstd:231.0,StrandBias:0.3,Multiplicity:1.02
0.968	0.016	0.008	0.008
0.046	0.001	0.001	0.952
0.040	0.001	0.001	0.958
0.016	0.008	0.008	0.968
0.001	0.948	0.006	0.045
0.315	0.041	0.643	0.001
0.001	0.001	0.001	0.997
0.001	0.997	0.001	0.001
0.036	0.001	0.962	0.001
0.991	0.001	0.001	0.007
0.942	0.001	0.056	0.001
0.001	0.997	0.001	0.001
>GTTCGAYAGAAT	2-GTTCGAYAGAAT	10.005202	-491.801519	0	T:160.0(24.10%),B:129.5(0.31%),P:1e-213	Tpos:115.2,Tstd:44.2,Bpos:292.0,Bstd:340.1,StrandBias:-0.3,Multiplicity:1.00
0.079	0.001	0.869	0.051
0.001	0.081	0.001	0.917
0.001	0.001	0.001	0.997
0.001	0.919	0.001	0.079
0.001	0.001	0.997	0.001
0.919	0.001	0.079	0.001
0.001	0.529	0.079	0.391
0.696	0.065	0.159	0.080
0.145	0.082	0.612	0.161
0.919	0.001	0.001	0.079
0.868	0.001	0.001	0.130
0.082	0.080	0.065	0.773
>ASYTKGTGTGCA	3-ASYTKGTGTGCA	8.885734	-311.276453	0	T:130.0(19.58%),B:262.2(0.63%),P:1e-135	Tpos:104.9,Tstd:32.8,Bpos:223.7,Bstd:383.7,StrandBias:0.4,Multiplicity:1.02
0.997	0.001	0.001	0.001
0.082	0.428	0.368	0.122
0.042	0.440	0.204	0.314
0.001	0.001	0.001	0.997
0.001	0.001	0.476	0.522
0.125	0.234	0.640	0.001
0.123	0.357	0.001	0.519
0.040	0.151	0.808	0.001
0.189	0.001	0.204	0.606
0.001	0.001	0.997	0.001
0.001	0.997	0.001	0.001
0.714	0.001	0.203	0.082
>TTTCTCTCAGGC	4-TTTCTCTCAGGC	9.974075	-224.368283	0	T:85.0(12.80%),B:120.5(0.29%),P:1e-97	Tpos:94.6,Tstd:44.3,Bpos:179.8,Bstd:229.5,StrandBias:0.8,Multiplicity:1.01
0.001	0.064	0.032	0.903
0.001	0.401	0.001	0.597
0.001	0.095	0.001	0.903
0.001	0.997	0.001	0.001
0.160	0.001	0.128	0.711
0.128	0.518	0.066	0.288
0.031	0.001	0.001	0.967
0.032	0.539	0.374	0.055
0.979	0.019	0.001	0.001
0.032	0.118	0.849	0.001
0.157	0.001	0.841	0.001
0.001	0.997	0.001	0.001
>TCGAATATGACT	5-TCGAATATGACT	12.912320	-117.351742	0	T:32.0(4.82%),B:7.6(0.02%),P:1e-50	Tpos:112.3,Tstd:46.4,Bpos:570.7,Bstd:367.4,StrandBias:0.3,Multiplicity:1.03
0.001	0.032	0.001	0.966
0.032	0.966	0.001	0.001
0.087	0.001	0.911	0.001
0.997	0.001	0.001	0.001
0.997	0.001	0.001	0.001
0.001	0.001	0.001	0.997
0.997	0.001	0.001	0.001
0.001	0.001	0.001	0.997
0.032	0.001	0.966	0.001
0.966	0.032	0.001	0.001
0.001	0.966	0.001	0.032
0.032	0.001	0.001	0.966
>CATACACATGAC	6-CATACACATGAC	12.764649	-115.756858	0	T:32.0(4.82%),B:8.9(0.02%),P:1e-50	Tpos:108.8,Tstd:56.3,Bpos:576.9,Bstd:455.3,StrandBias:0.2,Multiplicity:1.09
0.001	0.941	0.029	0.029
0.946	0.001	0.024	0.029
0.023	0.001	0.001	0.975
0.975	0.001	0.023	0.001
0.001	0.997	0.001	0.001
0.969	0.001	0.001	0.029
0.001	0.969	0.001	0.029
0.969	0.029	0.001	0.001
0.001	0.029	0.001	0.969
0.001	0.029	0.969	0.001
0.997	0.001	0.001	0.001
0.001	0.969	0.029	0.001
>GTATCCTTGTTA	7-GTATCCTTGTTA	12.112565	-115.404483	0	T:33.0(4.97%),B:11.3(0.03%),P:1e-50	Tpos:86.1,Tstd:59.6,Bpos:516.0,Bstd:461.7,StrandBias:-0.2,Multiplicity:1.12
0.024	0.029	0.946	0.001
0.001	0.001	0.001	0.997
0.550	0.029	0.029	0.392
0.029	0.029	0.001	0.941
0.001	0.997	0.001	0.001
0.023	0.975	0.001	0.001
0.001	0.001	0.001	0.997
0.001	0.001	0.028	0.970
0.029	0.029	0.941	0.001
0.001	0.001	0.001	0.997
0.001	0.001	0.001	0.997
0.997	0.001	0.001	0.001
>TGGTTAGTGTTC	8-TGGTTAGTGTTC	13.396984	-102.438609	0	T:30.0(4.52%),B:12.5(0.03%),P:1e-44	Tpos:108.5,Tstd:54.5,Bpos:463.5,Bstd:388.9,StrandBias:0.2,Multiplicity:1.07
0.001	0.001	0.001	0.997
0.001	0.001	0.997	0.001
0.001	0.001	0.734	0.264
0.001	0.001	0.323	0.675
0.001	0.001	0.001	0.997
0.997	0.001	0.001	0.001
0.338	0.068	0.593	0.001
0.001	0.001	0.001	0.997
0.001	0.001	0.675	0.323
0.001	0.001	0.001	0.997
0.001	0.068	0.001	0.930
0.001	0.602	0.001	0.396
>GACTCATAYGGA	9-GACTCATAYGGA	12.679917	-88.190411	0	T:23.0(3.46%),B:4.0(0.01%),P:1e-38	Tpos:85.4,Tstd:56.8,Bpos:800.5,Bstd:485.5,StrandBias:0.1,Multiplicity:1.09
0.001	0.044	0.954	0.001
0.997	0.001	0.001	0.001
0.044	0.911	0.044	0.001
0.001	0.001	0.001	0.997
0.001	0.997	0.001	0.001
0.997	0.001	0.001	0.001
0.001	0.001	0.001	0.997
0.997	0.001	0.001	0.001
0.001	0.536	0.001	0.462
0.044	0.001	0.954	0.001
0.001	0.001	0.997	0.001
0.954	0.001	0.044	0.001
>CTTAAACCGCAA	10-CTTAAACCGCAA	12.775391	-88.186070	0	T:26.0(3.92%),B:12.0(0.03%),P:1e-38	Tpos:91.1,Tstd:54.2,Bpos:359.3,Bstd:344.3,StrandBias:0.4,Multiplicity:1.08
0.001	0.957	0.001	0.041
0.001	0.041	0.001	0.957
0.001	0.001	0.041	0.957
0.997	0.001	0.001	0.001
0.957	0.041	0.001	0.001
0.997	0.001	0.001	0.001
0.029	0.928	0.001	0.042
0.001	0.957	0.001	0.041
0.041	0.001	0.957	0.001
0.001	0.957	0.041	0.001
0.997	0.001	0.001	0.001
0.997	0.001	0.001	0.001
>ATTGAGTATAAG	11-ATTGAGTATAAG	12.746300	-88.026516	0	T:29.0(4.37%),B:23.8(0.06%),P:1e-38	Tpos:97.2,Tstd:52.5,Bpos:405.2,Bstd:421.4,StrandBias:0.0,Multiplicity:1.03
0.997	0.001	0.001	0.001
0.001	0.001	0.041	0.957
0.001	0.001	0.001	0.997
0.042	0.001	0.915	0.042
0.997	0.001	0.001	0.001
0.001	0.001	0.964	0.034
0.001	0.001	0.001	0.997
0.923	0.034	0.042	0.001
0.001	0.041	0.001	0.957
0.923	0.034	0.042	0.001
0.964	0.001	0.034	0.001
0.042	0.072	0.885	0.001
>GCTTTTAAGATC	12-GCTTTTAAGATC	12.894787	-85.522259	0	T:24.0(3.61%),B:7.6(0.02%),P:1e-37	Tpos:98.5,Tstd:52.0,Bpos:283.2,Bstd:226.8,StrandBias:-0.6,Multiplicity:1.04
0.001	0.001	0.997	0.001
0.001	0.949	0.049	0.001
0.001	0.397	0.001	0.601
0.001	0.001	0.001	0.997
0.084	0.001	0.001	0.914
0.001	0.001	0.001	0.997
0.997	0.001	0.001	0.001
0.997	0.001	0.001	0.001
0.001	0.001	0.997	0.001
0.949	0.049	0.001	0.001
0.001	0.001	0.001	0.997
0.001	0.949	0.049	0.001
>GCTTTGAGAAGC	13-GCTTTGAGAAGC	13.046297	-83.231841	0	T:25.0(3.77%),B:12.2(0.03%),P:1e-36	Tpos:115.0,Tstd:47.3,Bpos:473.8,Bstd:513.0,StrandBias:0.2,Multiplicity:1.04
0.001	0.044	0.954	0.001
0.053	0.945	0.001	0.001
0.001	0.001	0.001	0.997
0.044	0.044	0.001	0.911
0.001	0.001	0.001	0.997
0.001	0.001	0.954	0.044
0.997	0.001	0.001	0.001
0.001	0.001	0.997	0.001
0.997	0.001	0.001	0.001
0.997	0.001	0.001	0.001
0.001	0.001	0.997	0.001
0.001	0.962	0.001	0.036
>GCTACACCATGA	14-GCTACACCATGA	10.783213	-82.987290	0	T:26.0(3.92%),B:17.0(0.04%),P:1e-36	Tpos:101.0,Tstd:45.5,Bpos:480.1,Bstd:480.9,StrandBias:0.7,Multiplicity:1.00
0.001	0.046	0.915	0.038
0.046	0.862	0.046	0.046
0.001	0.001	0.001	0.997
0.997	0.001	0.001	0.001
0.001	0.997	0.001	0.001
0.953	0.001	0.045	0.001
0.045	0.953	0.001	0.001
0.001	0.997	0.001	0.001
0.997	0.001	0.001	0.001
0.037	0.001	0.001	0.961
0.046	0.090	0.818	0.046
0.997	0.001	0.001	0.001
>TTGTTTCTTGGA	15-TTGTTTCTTGGA	10.882677	-75.725027	0	T:38.0(5.72%),B:122.1(0.29%),P:1e-32	Tpos:96.4,Tstd:56.4,Bpos:241.1,Bstd:334.6,StrandBias:-0.3,Multiplicity:1.03
0.001	0.001	0.001	0.997
0.065	0.001	0.318	0.616
0.056	0.001	0.942	0.001
0.065	0.001	0.065	0.869
0.053	0.001	0.379	0.567
0.139	0.065	0.070	0.726
0.001	0.881	0.065	0.053
0.065	0.001	0.065	0.869
0.001	0.001	0.001	0.997
0.001	0.064	0.934	0.001
0.001	0.001	0.881	0.117
0.946	0.001	0.001	0.052
>GAAGACACAAAG	16-GAAGACACAAAG	12.691787	-69.168613	0	T:25.0(3.77%),B:30.1(0.07%),P:1e-30	Tpos:80.0,Tstd:49.5,Bpos:311.3,Bstd:304.5,StrandBias:0.8,Multiplicity:1.00
0.040	0.040	0.919	0.001
0.997	0.001	0.001	0.001
0.997	0.001	0.001	0.001
0.039	0.001	0.959	0.001
0.997	0.001	0.001	0.001
0.001	0.760	0.001	0.238
0.997	0.001	0.001	0.001
0.001	0.949	0.001	0.049
0.959	0.001	0.039	0.001
0.949	0.049	0.001	0.001
0.997	0.001	0.001	0.001
0.001	0.001	0.964	0.034
>GCTGGTTGWAGA	17-GCTGGTTGWAGA	-2.460679	-60.910087	0	T:519.0(78.16%),B:24316.3(58.19%),P:1e-26	Tpos:98.3,Tstd:54.3,Bpos:208.9,Bstd:320.9,StrandBias:-0.1,Multiplicity:1.62
0.001	0.005	0.737	0.257
0.001	0.636	0.235	0.128
0.001	0.001	0.001	0.997
0.001	0.001	0.997	0.001
0.001	0.133	0.865	0.001
0.001	0.001	0.001	0.997
0.258	0.001	0.245	0.497
0.001	0.001	0.865	0.133
0.441	0.002	0.105	0.452
0.492	0.001	0.329	0.178
0.003	0.001	0.953	0.043
0.769	0.224	0.001	0.006
>GTTTGTTAAAAT	18-GTTTGTTAAAAT	9.293803	-60.612199	0	T:62.0(9.34%),B:672.6(1.61%),P:1e-26	Tpos:102.3,Tstd:56.5,Bpos:437.3,Bstd:467.0,StrandBias:0.4,Multiplicity:1.09
0.164	0.029	0.772	0.035
0.049	0.092	0.001	0.858
0.001	0.069	0.001	0.929
0.028	0.001	0.069	0.902
0.123	0.035	0.693	0.149
0.182	0.070	0.035	0.713
0.057	0.060	0.053	0.830
0.754	0.049	0.080	0.117
0.964	0.001	0.034	0.001
0.873	0.001	0.028	0.098
0.848	0.001	0.069	0.082
0.098	0.001	0.028	0.873
>TGATTTCTGGGT	19-TGATTTCTGGGT	9.812466	-57.723892	0	T:36.0(5.42%),B:185.8(0.44%),P:1e-25	Tpos:89.7,Tstd:62.4,Bpos:220.0,Bstd:293.0,StrandBias:-0.3,Multiplicity:1.12
0.034	0.001	0.062	0.903
0.033	0.001	0.965	0.001
0.707	0.063	0.229	0.001
0.059	0.062	0.001	0.878
0.126	0.069	0.001	0.804
0.104	0.001	0.127	0.768
0.069	0.742	0.098	0.091
0.069	0.001	0.001	0.929
0.034	0.028	0.882	0.056
0.001	0.090	0.875	0.034
0.103	0.001	0.671	0.225
0.052	0.062	0.001	0.885
>GAGGAARABAAA	20-GAGGAARABAAA	1.496134	-54.107822	0	T:520.0(78.31%),B:24931.0(59.66%),P:1e-23	Tpos:98.4,Tstd:58.3,Bpos:278.9,Bstd:371.4,StrandBias:0.1,Multiplicity:1.57
0.126	0.103	0.649	0.122
0.637	0.038	0.060	0.265
0.097	0.255	0.586	0.062
0.001	0.001	0.836	0.162
0.684	0.162	0.153	0.001
0.997	0.001	0.001	0.001
0.378	0.120	0.501	0.001
0.939	0.059	0.001	0.001
0.113	0.265	0.364	0.259
0.997	0.001	0.001	0.001
0.589	0.001	0.409	0.001
0.997	0.001	0.001	0.001
>AGAGRGAGAGAG	21-AGAGRGAGAGAG	-6.149875	-18.831385	0	T:404.0(60.84%),B:20766.4(49.69%),P:1e-8	Tpos:101.3,Tstd:56.1,Bpos:179.1,Bstd:294.1,StrandBias:0.4,Multiplicity:1.79
0.833	0.001	0.165	0.001
0.001	0.001	0.997	0.001
0.800	0.001	0.189	0.010
0.001	0.001	0.997	0.001
0.500	0.001	0.498	0.001
0.001	0.001	0.997	0.001
0.763	0.001	0.235	0.001
0.037	0.001	0.961	0.001
0.785	0.001	0.204	0.010
0.041	0.001	0.957	0.001
0.727	0.001	0.251	0.021
0.001	0.001	0.997	0.001
>CYVGCGRSCAKK	22-CYVGCGRSCAKK	8.188100	-12.787101	0	T:14.0(2.11%),B:181.5(0.43%),P:1e-5	Tpos:78.7,Tstd:65.0,Bpos:187.7,Bstd:737.0,StrandBias:-1.2,Multiplicity:1.00
0.002	0.647	0.291	0.060
0.060	0.426	0.237	0.278
0.399	0.290	0.309	0.001
0.001	0.001	0.997	0.001
0.059	0.823	0.117	0.001
0.001	0.001	0.997	0.001
0.440	0.117	0.442	0.001
0.001	0.443	0.555	0.001
0.198	0.800	0.001	0.001
0.430	0.175	0.279	0.115
0.166	0.001	0.432	0.401
0.224	0.175	0.374	0.226
>GAGAGAHGGAGA	23-GAGAGAHGGAGA	9.036335	-10.903252	0	T:39.0(5.87%),B:1162.8(2.78%),P:1e-4	Tpos:108.2,Tstd:65.6,Bpos:185.7,Bstd:229.7,StrandBias:-0.2,Multiplicity:1.00
0.001	0.114	0.813	0.072
0.855	0.072	0.072	0.001
0.001	0.001	0.997	0.001
0.741	0.114	0.001	0.144
0.236	0.072	0.620	0.072
0.809	0.046	0.001	0.144
0.216	0.305	0.144	0.335
0.001	0.046	0.881	0.072
0.072	0.216	0.568	0.144
0.927	0.001	0.001	0.071
0.216	0.144	0.639	0.001
0.997	0.001	0.001	0.001
>GAKAAGTAGACA	24-GAKAAGTAGACA	9.057286	-8.743440	0	T:41.0(6.17%),B:1383.6(3.31%),P:1e-3	Tpos:97.1,Tstd:64.3,Bpos:290.2,Bstd:333.6,StrandBias:-0.4,Multiplicity:1.00
0.253	0.001	0.554	0.192
0.759	0.239	0.001	0.001
0.001	0.190	0.439	0.370
0.809	0.001	0.001	0.189
0.754	0.001	0.001	0.244
0.001	0.001	0.685	0.313
0.232	0.127	0.129	0.512
0.689	0.254	0.001	0.056
0.001	0.001	0.625	0.373
0.997	0.001	0.001	0.001
0.245	0.495	0.259	0.002
0.997	0.001	0.001	0.001
>NNNNNNNNNNNN	25-NNNNNNNNNNNN	-nan	0.000000	0	T:0.0(0.00%),B:0.0(0.00%),P:1e0	Tpos:0.0,Tstd:0.0,Bpos:0.0,Bstd:0.0,StrandBias:0.0,Multiplicity:1.00
-nan	-nan	-nan	-nan
-nan	-nan	-nan	-nan
-nan	-nan	-nan	-nan
-nan	-nan	-nan	-nan
-nan	-nan	-nan	-nan
-nan	-nan	-nan	-nan
-nan	-nan	-nan	-nan
-nan	-nan	-nan	-nan
-nan	-nan	-nan	-nan
-nan	-nan	-nan	-nan
-nan	-nan	-nan	-nan
-nan	-nan	-nan	-nan
