>TSTAYTTRTMAY	8-RTKAYAARTASA	2.584155	-2261.419337	0	T:19231.0(99.89%),B:46820.2(86.43%),P:1e-982
0.150	0.003	0.225	0.622
0.090	0.332	0.395	0.183
0.003	0.358	0.001	0.638
0.664	0.329	0.001	0.006
0.013	0.405	0.082	0.500
0.111	0.200	0.133	0.556
0.010	0.293	0.100	0.597
0.425	0.003	0.455	0.117
0.185	0.108	0.093	0.614
0.365	0.502	0.010	0.123
0.712	0.088	0.003	0.197
0.100	0.389	0.093	0.418
