>TGTCGMBCGAWT	4-TGTCGMBCGAWT	2.237279	-4396.999105	0	T:18264.0(94.87%),B:34101.3(62.95%),P:1e-1909
0.106	0.181	0.130	0.583
0.104	0.081	0.706	0.109
0.169	0.143	0.195	0.492
0.068	0.733	0.145	0.054
0.029	0.056	0.833	0.082
0.468	0.336	0.091	0.106
0.156	0.219	0.361	0.264
0.069	0.733	0.157	0.041
0.054	0.133	0.732	0.081
0.466	0.143	0.285	0.106
0.430	0.017	0.180	0.373
0.001	0.275	0.263	0.461
