>TTCTTTWCTKTT	23-AAMAGWAAAGAA	-4.414448	-7.299649	0	T:19252.0(100.00%),B:54146.8(99.96%),P:1e-3
0.110	0.142	0.011	0.737
0.110	0.011	0.131	0.748
0.226	0.605	0.115	0.054
0.059	0.115	0.137	0.689
0.115	0.011	0.016	0.858
0.005	0.011	0.011	0.973
0.451	0.069	0.001	0.479
0.001	0.658	0.231	0.110
0.011	0.016	0.411	0.562
0.011	0.174	0.336	0.479
0.121	0.001	0.169	0.709
0.180	0.016	0.174	0.630
