>AACCTACTATCA	3-AACCTACTATCA,BestGuess:ZKSCAN1/MA1585.1/Jaspar(0.779)	11.807533	-7.043369	0	T:18.0(0.09%),B:16.1(0.03%),P:1e-3
0.833	0.111	0.001	0.055
0.849	0.075	0.001	0.075
0.075	0.783	0.083	0.059
0.131	0.745	0.028	0.096
0.030	0.055	0.001	0.914
0.783	0.056	0.083	0.078
0.049	0.834	0.056	0.061
0.055	0.001	0.027	0.917
0.767	0.083	0.047	0.103
0.057	0.083	0.028	0.832
0.030	0.858	0.056	0.056
0.885	0.027	0.001	0.087
