>DWGAGATGAGAD	1-DWGAGATGAGAD,BestGuess:Replumless(BLH)/Arabidopsis-RPL.GFP-ChIP-Seq(GSE78727)/Homer(0.666)	3.358351	-1668.288140	0	T:19166.0(99.55%),B:48213.1(88.41%),P:1e-724
0.335	0.146	0.256	0.263
0.456	0.001	0.184	0.359
0.202	0.160	0.508	0.130
0.628	0.001	0.001	0.370
0.210	0.042	0.462	0.286
0.628	0.008	0.362	0.002
0.337	0.001	0.160	0.502
0.134	0.199	0.666	0.001
0.670	0.001	0.001	0.328
0.146	0.215	0.419	0.220
0.496	0.001	0.262	0.241
0.294	0.120	0.255	0.331
