>GTCGATCGACAC	2-GTCGATCGACAC,BestGuess:PB0036.1_Irf6_1/Jaspar(0.653)	9.839833	-16.075073	0	T:22.0(0.11%),B:8.9(0.02%),P:1e-6
0.161	0.015	0.558	0.266
0.186	0.152	0.020	0.642
0.015	0.609	0.019	0.357
0.327	0.025	0.590	0.058
0.657	0.046	0.243	0.054
0.256	0.142	0.020	0.582
0.031	0.596	0.035	0.338
0.361	0.020	0.609	0.010
0.707	0.020	0.030	0.243
0.228	0.565	0.034	0.173
0.945	0.010	0.010	0.035
0.041	0.587	0.145	0.227
